28 40 171 38 70 182 126 8 60 133 61 90 72 185 172 130 168 17 154 1 23 52 105 
144 107 173 183 140 15 35 187 30 48 151 150 43 180 123 117 80 91 79 111 51 58 157 34 68 
67 200 86 2 46 26 18 78 13 193 96 9 190 161 146 160 7 170 85 135 11 159 83 114 
104 63 59 148 166 76 199 33 84 53 62 5 74 49 163 195 120 125 95 152 66 129 176 
188 178 184 119 118 45 143 128 177 169 73 127 20 103 181 55 82 88 109 106 14 36 
136 142 137 41 65 29 116 113 3 47 145 25 139 141 31 124 75 101 156 44 165 
167 153 132 174 93 138 77 134 131 192 50 155 24 122 92 87 121 112 197 4 21 
196 198 164 6 99 115 57 189 12 16 175 89 179 69 97 37 158 54 147 149 
64 10 110 94 162 102 98 108 22 191 56 27 19 194 100 81 
42 39 32 71 186 

