42 198 137 65 177 32 108 69 160 172 83 
35 48 
72 155 124 
178 104 184 94 30 3 175 24 186 82 11 
6 188 59 174 115 145 169 84 193 103 19 161 130 195 197 
10 200 29 183 113 25 12 50 150 185 168 125 157 
171 110 148 166 76 18 8 13 61 53 127 74 158 121 163 7 23 
182 131 60 111 36 
167 136 144 63 140 93 118 16 9 49 112 55 91 4 
107 64 187 78 192 71 89 123 152 
114 
57 46 126 90 146 101 156 165 149 129 
142 45 27 109 106 68 
2 15 21 
26 199 180 100 75 34 
40 133 44 176 
28 41 119 162 143 33 62 92 85 120 66 
99 173 102 22 139 151 122 181 17 51 
196 179 141 81 117 88 170 
38 164 138 77 116 189 191 73 96 194 5 80 87 54 159 52 105 14 
39 56 31 58 135 
132 153 67 86 70 98 128 134 47 43 20 37 97 190 147 79 154 1 95 

