142 42 64 198 70 2 126 116 12 13 192 179 185 56 121 87 85 88 7 4 51 111 95 36 
104 171 67 184 148 93 46 18 108 191 50 193 141 161 55 112 125 170 135 1 52 129 
28 40 136 173 102 174 45 76 48 27 84 69 71 186 54 120 156 21 11 23 159 83 14 
10 110 63 118 35 113 15 30 169 32 72 89 24 181 49 101 195 75 154 165 58 157 34 176 68 
196 107 59 166 115 138 60 187 133 25 90 139 151 9 81 17 124 106 44 152 66 105 114 
132 137 164 153 86 98 182 3 177 22 43 53 62 122 92 146 172 163 91 197 79 
167 6 144 29 41 162 8 77 199 175 20 96 97 194 190 117 168 109 149 
178 39 119 38 183 99 26 57 143 128 145 189 150 103 127 5 130 158 147 
188 200 94 140 65 78 33 134 73 16 155 19 31 37 160 82 
131 47 61 180 100 74 123 
80 

