188 39 67 200 26 115 12 146 127 5 124 82 165 168 66 11 36 
59 118 181 101 161 111 
6 38 174 187 30 33 48 61 151 139 190 80 186 87 163 195 4 44 159 157 
198 148 65 140 57 77 128 199 90 96 185 81 55 85 7 109 170 52 68 
42 63 10 164 162 143 126 113 177 84 192 27 24 122 97 31 147 112 197 95 176 114 
144 132 137 94 99 45 46 78 8 25 16 193 179 100 37 49 158 79 21 135 
9 91 156 
136 28 119 184 70 183 98 145 191 73 43 56 180 54 172 117 17 125 129 
107 86 93 18 134 131 47 71 103 121 
110 29 182 3 72 50 69 154 1 
196 167 41 166 189 13 53 150 62 123 75 152 34 
142 171 40 173 2 138 15 60 108 133 175 32 155 20 92 194 88 58 149 23 14 
64 178 104 153 102 76 35 116 22 169 89 141 74 19 130 160 120 51 106 83 105 

