144 107 196 86 162 26 187 48 126 73 150 69 9 37 130 124 147 195 44 14 34 176 
110 6 142 119 138 65 57 30 61 62 74 180 117 91 82 88 111 4 68 
40 137 132 2 148 182 131 128 133 185 172 112 101 135 21 95 
64 39 28 183 76 169 12 84 97 123 85 23 105 
115 35 122 24 190 
67 63 134 177 43 27 146 75 125 129 
42 200 153 140 99 77 60 13 145 50 56 141 92 49 186 161 163 156 51 52 157 
10 29 166 18 78 199 179 
198 178 41 70 46 118 113 16 89 100 160 149 
164 38 174 143 33 15 32 90 127 5 80 55 120 197 106 1 
171 189 25 47 191 72 103 54 121 79 168 58 159 36 
188 59 3 22 193 155 71 31 194 87 17 170 83 
98 139 20 109 11 
104 94 93 192 96 151 
167 136 184 173 102 45 116 8 108 175 53 19 181 158 81 154 7 165 66 152 114 

