42 99 78 155 191 121 68 
153 102 113 189 122 92 54 197 36 
195 1 
137 167 110 173 29 18 12 30 16 50 56 151 103 117 101 44 7 149 11 
104 142 200 6 115 35 13 131 145 96 61 179 5 100 80 147 135 79 58 83 34 
28 198 64 119 93 70 26 33 192 134 150 27 180 112 88 75 
10 136 86 166 116 126 15 108 193 53 71 194 120 170 165 159 23 
41 118 143 187 177 199 90 19 127 24 106 14 
171 67 59 184 182 65 3 77 48 175 89 69 146 141 181 124 156 51 105 114 
178 132 144 38 148 162 57 22 32 47 9 37 31 190 163 85 4 
196 40 188 94 164 174 138 45 25 133 72 185 74 87 81 125 111 66 
183 8 76 20 139 123 186 158 82 109 129 
172 55 91 95 
169 97 160 161 152 52 
39 2 
107 63 140 98 46 60 128 84 73 43 62 49 130 17 21 168 154 157 176 

