188 142 119 167 184 2 15 35 8 134 22 191 47 103 179 146 92 112 124 120 11 14 52 34 176 
10 196 86 93 94 162 18 77 13 90 32 56 62 186 130 17 101 4 1 58 95 129 68 
67 64 59 6 148 70 76 187 73 175 89 69 9 31 123 49 158 75 21 79 159 83 36 114 
178 171 198 137 38 41 98 116 30 133 192 72 53 71 127 80 194 91 54 147 154 51 106 157 105 
40 153 63 200 102 140 78 3 189 145 61 43 185 122 24 100 81 156 195 197 44 152 23 
136 110 144 173 65 143 182 45 131 169 193 151 97 5 172 85 88 7 168 135 111 66 
104 39 107 183 115 46 138 33 25 48 50 20 19 74 121 87 163 170 125 109 149 
42 28 132 99 164 174 118 126 199 12 16 155 141 139 181 117 160 55 165 
29 166 26 113 57 60 108 27 84 150 180 37 161 190 82 
128 177 96 

