40 42 184 148 41 118 143 48 131 22 50 9 122 141 147 82 154 195 4 1 176 114 
132 167 35 65 18 113 12 30 192 191 150 89 146 181 121 125 120 11 83 95 129 
137 182 3 133 169 16 180 103 194 80 91 149 111 
84 25 43 31 163 101 165 
67 198 6 99 29 76 33 189 20 97 186 130 100 54 168 106 14 36 
39 29 140 70 72 62 49 17 75 109 
64 153 144 173 94 138 2 77 108 47 53 127 92 161 81 158 66 58 51 34 68 
10 171 200 93 102 98 15 177 78 61 193 71 74 172 190 21 152 105 
104 116 126 57 134 5 37 85 135 
142 107 110 46 26 32 56 87 197 
174 
63 19 112 
136 166 38 45 199 13 90 175 139 7 79 
196 188 162 27 160 124 
59 183 187 145 96 44 159 
69 123 
28 178 119 86 164 115 8 60 128 73 155 179 151 185 24 117 55 88 170 156 23 52 157 

