119 133 43 66 
196 188 136 104 99 93 143 47 72 32 9 5 181 81 17 44 197 11 
39 174 78 50 185 49 161 51 23 
173 137 70 162 13 189 175 90 89 62 103 92 80 124 147 79 14 105 
132 153 67 73 16 22 96 19 158 120 114 
59 138 2 126 169 192 
35 152 
144 63 40 29 183 65 8 25 71 121 123 55 109 154 4 111 
18 60 30 97 168 
10 28 86 184 116 33 57 113 56 151 31 24 186 101 75 163 95 36 157 129 68 
167 198 45 76 177 122 74 112 87 7 1 
6 171 140 193 100 146 172 106 
164 98 48 117 82 160 85 165 52 176 
107 150 
142 148 179 69 125 
38 182 118 26 134 108 191 27 141 139 91 195 170 
110 64 166 15 77 131 53 127 194 156 58 83 
178 46 130 149 
102 199 12 84 190 
88 34 
42 200 41 115 94 187 3 145 128 61 20 155 37 180 54 135 21 159 

