188 107 104 63 164 166 35 48 12 13 133 90 103 37 130 17 117 7 109 159 34 68 
196 39 40 119 38 29 118 60 8 73 169 192 72 122 71 100 54 125 44 197 1 
142 42 184 99 59 138 45 177 3 22 175 193 97 180 190 101 158 91 195 21 
137 173 198 70 115 76 116 199 189 47 32 53 139 123 74 147 170 106 11 129 
178 110 6 41 200 174 26 98 78 131 25 96 43 19 9 24 49 124 85 88 75 154 51 111 114 
136 28 64 153 148 65 15 143 126 145 84 61 62 89 146 5 172 160 112 149 79 66 83 14 
182 92 157 23 
67 132 171 86 2 140 18 77 33 150 191 151 20 194 31 181 82 87 156 165 4 58 36 105 
144 167 10 183 46 187 113 128 27 155 179 69 141 81 55 163 135 168 152 95 52 176 
93 94 162 102 57 108 30 134 16 50 56 185 80 161 120 
127 186 121 

