137 200 171 2 118 46 3 189 90 73 50 96 31 80 81 147 17 51 111 129 
188 178 164 107 174 98 102 131 169 113 193 43 141 49 160 161 91 120 7 170 23 
63 42 41 65 148 8 60 13 133 155 16 151 180 24 92 163 88 195 44 79 152 176 
132 64 38 198 99 45 57 78 145 108 175 89 122 103 19 186 121 124 82 125 66 34 
196 28 6 153 29 182 187 33 12 25 192 69 139 74 37 117 54 197 4 1 165 11 36 68 
67 119 39 166 94 76 138 128 199 47 32 27 185 181 97 158 55 75 168 159 14 114 
136 110 86 173 162 18 77 48 30 134 22 20 146 9 123 172 85 21 154 58 157 95 105 
40 104 184 140 183 15 116 126 177 150 191 56 62 194 5 100 130 112 109 149 106 83 52 
144 10 142 59 115 26 143 84 71 179 190 87 101 156 135 
167 93 35 70 72 61 53 127 

