196 110 104 119 102 183 8 113 57 169 84 133 150 139 74 49 124 54 195 168 51 170 1 95 129 176 
22 44 
42 171 136 6 148 93 118 182 187 12 33 145 155 89 103 127 92 55 91 125 21 11 83 114 
67 39 167 38 41 140 126 143 108 73 193 72 185 69 37 163 197 85 135 4 52 66 36 68 
28 107 137 200 184 26 98 60 192 191 96 179 62 146 141 186 161 101 79 149 152 58 23 105 
64 10 173 94 59 138 35 116 177 189 27 151 122 31 121 117 130 154 109 159 34 
178 142 40 63 86 76 162 77 30 13 50 53 56 97 19 194 82 112 120 106 165 111 157 
132 198 164 174 99 29 65 131 48 25 61 175 9 24 190 5 158 87 75 17 156 14 
188 153 144 115 166 15 18 3 199 47 90 20 71 180 81 160 147 7 88 
70 45 78 128 134 32 16 43 100 181 80 
46 2 123 172 

