10 63 142 102 38 77 46 57 113 169 73 16 43 62 92 181 158 54 197 106 95 23 36 52 105 
42 153 67 173 166 115 182 60 30 199 145 175 89 122 74 123 172 147 163 85 51 4 11 68 
132 198 171 65 41 187 128 22 12 50 127 5 100 141 124 117 91 195 156 165 157 34 129 
104 64 144 200 70 93 118 15 192 189 90 151 180 146 80 82 17 7 109 159 14 
188 110 28 183 184 138 76 48 32 61 155 53 9 190 49 55 168 75 154 79 66 
167 6 86 29 45 98 8 134 131 27 84 56 71 194 160 81 130 149 152 111 114 
40 178 119 94 26 116 78 33 25 133 103 96 185 121 125 170 21 
107 137 143 18 3 191 72 69 1 
39 174 148 2 162 177 47 150 139 97 19 24 112 87 88 135 176 
196 136 59 164 140 99 35 126 13 108 193 20 179 31 37 186 161 101 120 44 58 83 

