140 76 78 33 84 96 69 151 180 92 117 121 168 91 111 1 14 
153 107 99 182 15 22 169 27 9 179 31 194 87 54 106 
63 28 18 199 16 90 56 5 123 172 44 154 
104 142 136 94 183 8 12 47 50 71 19 186 160 161 80 158 135 152 66 
178 196 132 75 156 170 88 149 83 
40 188 198 86 46 48 23 34 176 
177 192 122 58 
144 110 167 38 102 26 115 35 116 30 133 61 73 20 139 141 124 7 79 195 11 68 
64 137 171 6 65 45 138 126 13 72 74 103 190 130 120 109 197 95 
164 59 41 118 77 113 43 127 185 101 51 129 114 
148 187 32 108 181 125 105 
42 10 166 70 93 162 131 57 145 175 155 112 147 
184 39 119 98 2 128 60 25 193 53 37 97 49 81 163 21 165 159 157 
67 200 174 173 29 143 3 134 189 191 150 89 62 24 146 100 82 17 55 85 4 52 36 

