42 6 142 63 173 166 77 30 128 108 73 32 155 9 19 190 161 186 158 197 101 195 135 95 52 105 114 
64 110 184 70 94 29 33 13 3 199 193 139 96 62 141 92 112 156 154 66 152 34 36 68 
188 171 59 174 148 35 60 131 145 48 47 27 127 24 87 163 7 125 165 51 157 129 176 
137 104 107 183 162 99 187 116 177 134 189 72 175 89 71 37 121 172 147 79 170 149 23 14 
132 28 167 39 115 140 102 98 143 169 61 191 103 185 31 54 82 44 21 1 58 
196 40 178 200 41 65 76 26 57 12 133 22 192 84 151 122 49 117 80 55 85 88 111 11 
136 67 119 86 118 182 45 15 78 25 53 56 97 146 130 100 81 17 106 4 159 83 
144 153 10 198 38 18 138 113 16 90 179 180 74 194 75 91 168 
164 2 93 46 126 150 43 50 5 123 181 124 120 109 
8 20 69 160 

