162 186 
132 119 39 99 29 113 78 192 84 90 74 160 92 101 159 34 
45 48 189 
137 143 15 30 195 85 
115 166 134 22 122 158 75 168 125 
175 
49 
63 28 10 77 18 43 191 56 163 82 11 52 
178 110 40 118 70 98 199 128 12 47 62 5 100 181 17 135 149 23 14 68 
136 198 104 38 41 183 102 76 187 131 50 133 179 96 121 161 80 44 197 106 21 51 157 
188 142 173 94 140 116 182 8 73 27 150 155 69 37 124 147 112 120 1 36 105 
67 144 59 184 46 2 126 145 13 61 193 151 31 117 111 
64 35 57 32 53 
6 9 24 123 81 79 170 58 95 176 
167 88 109 154 
177 141 156 
42 107 196 200 174 138 3 16 71 127 19 103 190 91 165 4 83 
171 65 139 180 185 
148 26 25 97 130 55 
164 153 86 93 33 108 60 169 72 20 89 194 146 54 172 87 7 152 66 129 114 

