180 157 
104 107 94 198 174 76 128 3 189 108 73 151 103 24 74 130 54 195 4 21 58 83 34 176 
167 171 200 99 93 70 26 199 145 191 90 179 194 186 161 172 163 168 85 44 95 36 105 68 
132 196 184 115 140 166 46 187 60 192 150 61 89 71 122 121 37 112 147 88 135 51 66 129 114 
28 10 59 86 65 2 182 57 133 32 175 20 193 5 49 181 91 158 120 125 152 149 52 14 
42 6 40 41 183 35 102 116 126 27 53 155 69 141 190 80 101 156 197 154 1 111 
136 63 64 137 164 162 118 18 15 177 22 72 16 43 56 97 31 87 117 7 79 165 106 159 23 
142 188 119 38 173 138 29 143 77 12 48 47 139 96 9 19 81 100 160 82 17 109 11 
67 39 178 153 98 45 33 78 30 169 84 50 146 127 92 124 55 75 170 
110 144 148 8 131 113 134 25 62 185 123 
13 

