142 110 184 107 86 65 57 78 84 192 151 150 19 141 123 80 125 21 34 
196 67 104 198 48 53 81 121 87 44 
10 153 94 173 183 182 26 108 27 122 139 190 92 154 23 
136 63 132 174 119 46 118 177 113 169 50 90 31 37 101 112 88 159 52 105 176 
39 40 137 140 115 15 116 126 30 189 20 155 103 5 194 54 149 51 129 114 
29 148 138 143 35 12 133 145 193 61 100 170 
144 59 99 8 32 22 89 127 124 82 55 106 4 1 111 
71 74 147 163 165 58 152 
167 199 13 16 185 120 135 36 
188 164 41 200 93 187 33 77 73 175 197 11 157 
38 2 47 180 75 
102 128 
9 24 97 168 
166 
45 130 160 79 
60 25 72 161 
186 
42 28 98 162 76 96 43 69 146 49 158 91 85 7 66 14 68 
178 64 171 6 70 18 3 134 131 191 62 179 56 172 181 117 17 156 195 109 95 83 

