4 92 182 133 61 51 121 141 
163 6 49 105 80 178 135 193 19 148 
140 54 37 143 94 117 137 123 13 8 146 
195 128 65 151 112 101 41 126 70 67 
63 197 5 62 20 10 87 17 157 
100 9 69 176 113 191 91 76 64 
84 78 187 150 95 33 66 83 
28 162 160 109 189 192 50 81 96 
156 24 18 184 27 198 90 79 2 75 
172 181 104 144 71 115 11 60 120 175 
142 153 47 14 3 136 110 44 116 154 36 
149 164 26 138 46 186 55 34 1 97 
177 56 32 139 21 166 194 107 158 185 39 
199 127 29 52 106 174 82 30 
45 53 23 114 129 145 93 
48 102 15 7 68 183 72 22 73 
152 169 180 43 58 134 
42 170 25 77 122 
131 179 124 119 161 86 
57 147 16 40 98 111 
200 103 74 
12 59 89 188 125 
167 196 171 130 
88 118 
31 108 38 
132 
165 85 168 99 
173 
35 159 
155 
190 

