142 127 105 106 13 185 30 175 
92 169 18 125 96 67 
149 197 5 159 26 46 77 55 76 
177 53 117 23 137 8 83 148 
47 131 196 3 136 27 198 91 135 
172 35 164 20 138 122 70 157 
28 12 59 143 173 139 86 79 73 1 146 
84 78 171 187 166 41 158 
163 102 112 74 60 
57 99 32 109 19 
156 16 40 98 119 161 129 33 
4 100 9 130 110 95 80 116 
48 15 7 68 21 192 
24 14 191 113 58 144 123 11 
195 133 61 114 194 126 
165 128 65 94 151 87 2 75 
37 155 188 52 101 121 17 34 36 
152 167 189 115 66 64 
6 43 124 190 72 22 50 154 97 
140 104 25 10 90 145 178 93 
153 162 63 62 134 71 174 193 141 
200 180 183 184 51 44 107 81 82 120 39 
199 89 29 
54 147 38 160 
182 85 45 108 
31 56 
179 103 186 
42 181 150 
88 118 69 176 
49 132 111 
168 
170 

