63 149 197 191 144 71 81 158 82 120 39 36 
48 103 27 106 121 34 2 185 148 
54 168 139 21 166 41 178 60 64 175 
142 4 118 105 192 50 55 154 157 67 
140 6 49 132 78 130 187 22 194 107 1 146 
165 85 56 173 112 114 86 80 126 70 97 75 
156 24 196 43 136 51 198 91 145 116 93 193 19 
172 181 35 104 25 77 10 186 137 115 11 83 
37 9 177 65 99 94 109 79 13 8 76 
102 68 98 119 161 72 110 33 66 
28 162 124 184 111 44 73 141 30 
152 147 89 29 87 123 96 
155 143 188 117 52 74 17 
179 7 15 18 190 150 90 174 
182 57 195 108 32 38 23 189 125 135 
153 47 200 26 159 20 46 138 
92 133 40 171 129 
100 12 59 176 113 58 134 
163 42 62 5 95 
131 169 61 101 
167 183 180 3 
88 127 122 
31 53 151 160 
170 
14 
84 
164 
45 
128 
199 69 
16 

