162 89 125 101 192 55 2 36 
37 98 188 139 22 174 66 
140 59 143 99 151 52 81 70 157 67 
12 128 94 65 71 123 13 
47 48 196 43 180 3 27 110 107 19 
167 124 183 86 41 116 
100 177 168 114 74 141 
182 85 56 108 38 21 8 
28 7 61 111 90 17 1 
149 172 164 10 77 122 93 
88 155 69 191 113 134 58 
42 35 62 26 20 50 
84 117 129 106 11 
92 169 16 119 198 121 82 
9 45 173 29 95 185 30 
152 156 18 190 136 120 
63 49 132 138 46 80 154 39 
181 5 159 25 194 
40 147 32 189 109 178 34 
54 184 51 44 79 73 135 60 175 
142 133 57 23 160 137 115 97 
163 6 103 166 91 96 146 
199 130 187 144 33 64 
195 105 176 145 76 148 
153 200 170 186 126 158 83 
4 24 102 68 161 72 87 193 75 
131 179 78 171 150 
14 112 
127 118 
165 
53 
31 
197 104 
15 

