153 59 108 112 109 79 174 8 76 67 175 
142 152 167 18 184 86 192 50 70 154 83 148 
48 102 156 78 21 166 137 17 146 
42 197 170 46 71 123 11 2 185 
195 53 94 160 189 91 126 157 
37 40 16 119 98 161 106 41 73 120 
57 168 23 129 121 115 66 75 
4 162 26 62 77 122 186 178 96 19 
88 143 188 29 117 74 55 158 141 
15 68 190 3 150 90 135 36 
182 24 180 114 80 116 93 193 39 
199 84 127 105 22 194 13 1 30 
54 12 9 171 187 110 44 107 33 97 
140 100 177 65 151 52 101 81 82 64 
28 63 35 164 104 25 145 34 60 
131 7 179 196 136 27 198 95 
92 163 6 132 14 130 191 58 134 87 
128 56 32 38 125 
47 49 159 20 144 
149 172 5 10 
165 85 45 139 
133 169 61 111 
124 43 183 72 
200 103 138 
147 89 113 
155 69 176 
31 173 
99 
118 
181 
51 

