156 102 32 125 189 192 55 81 158 1 
92 127 176 69 113 144 71 137 115 141 
182 18 187 150 110 95 91 154 64 
165 85 45 56 99 94 151 106 41 19 
142 163 6 14 132 171 166 2 
42 35 104 46 20 157 36 
48 103 136 27 194 
88 89 160 74 135 67 
133 43 184 72 50 93 120 39 
179 24 196 3 90 8 34 
181 62 10 25 77 186 80 116 75 
167 7 68 190 51 121 174 83 
37 9 59 12 38 109 79 82 66 
28 162 164 159 122 17 146 
195 57 169 98 119 114 101 126 70 175 
200 5 26 44 73 
140 155 188 29 139 21 86 11 76 
54 100 173 112 52 
63 149 130 191 
47 40 16 161 198 193 
4 15 124 180 183 129 123 97 
84 199 118 105 134 58 33 
172 197 78 22 13 185 148 
131 152 138 145 178 96 
153 143 108 117 23 87 107 60 30 
177 128 168 65 
147 61 111 
31 53 
170 
49 

