153 45 151 117 87 121 17 76 1 
133 43 186 174 135 83 36 
54 140 78 27 110 95 126 158 39 
84 127 199 118 176 69 113 58 191 116 185 
167 7 68 183 184 198 106 33 97 
182 195 57 147 40 161 119 166 79 73 
163 6 24 3 51 55 107 
152 15 124 171 130 187 11 
149 181 164 104 77 138 81 
100 37 9 12 59 23 32 112 189 125 96 60 
162 172 35 159 134 66 146 
4 85 38 114 74 101 93 
200 196 52 91 34 2 30 
47 14 180 144 123 154 148 
31 65 160 86 194 70 64 
92 169 98 16 21 192 115 
177 56 108 29 139 41 19 
179 132 122 157 
156 48 102 190 72 44 13 
165 128 168 99 94 109 67 
28 103 20 71 
63 197 26 25 46 137 
49 18 136 150 50 82 120 
142 62 5 10 145 80 178 193 75 
155 143 173 188 90 8 141 175 
131 61 129 22 
88 89 
42 105 
53 
170 
111 

