35 181 164 134 87 71 158 157 148 
57 147 143 173 139 74 50 81 82 
153 47 32 109 80 126 70 
92 170 110 44 90 193 19 39 
152 78 166 106 107 1 97 30 67 
182 43 196 183 111 41 17 11 146 
63 104 159 46 95 135 141 
100 85 108 188 29 125 101 192 34 60 64 
88 65 114 86 91 178 154 175 
48 131 102 7 190 51 198 22 55 33 
142 162 49 132 171 187 186 137 123 13 2 120 
140 84 20 122 79 73 96 76 185 36 
28 163 42 197 5 26 10 77 145 116 93 83 
199 127 112 189 121 174 66 
195 31 119 161 72 129 194 8 75 
156 15 179 124 3 184 27 115 
54 37 9 12 59 94 151 160 
155 105 69 113 176 191 58 144 
4 24 18 68 136 150 
169 40 98 16 23 117 52 
149 172 62 25 138 
133 45 38 21 
165 128 168 99 
6 200 130 
177 89 
14 
118 
167 180 
61 
56 53 
103 

