195 165 56 99 151 52 106 8 75 
48 169 3 136 51 198 17 76 2 83 148 
57 147 133 40 38 32 117 86 87 174 154 
42 181 35 164 10 46 138 126 34 
54 88 89 150 145 91 178 93 
28 24 16 98 119 161 22 80 135 141 
142 102 15 7 43 180 72 129 50 11 146 
92 182 132 20 122 79 60 1 39 
6 149 104 25 77 186 81 70 157 64 36 
140 155 65 160 189 125 194 55 193 
156 49 176 113 134 71 137 121 96 120 30 
153 163 59 143 188 109 101 192 158 82 185 
4 152 196 68 183 184 27 44 95 116 19 
47 200 103 130 187 90 73 175 
179 167 61 111 41 107 33 66 97 67 
199 84 127 118 105 69 191 58 144 123 13 
100 9 177 168 94 112 114 74 115 
37 12 45 108 29 139 21 166 
162 172 197 5 62 159 26 110 
85 128 53 
131 124 18 190 
31 173 23 
63 14 78 171 
170 

