128 168 53 109 125 74 50 55 158 157 
163 47 62 26 46 77 90 2 185 75 
28 167 161 119 166 192 115 76 148 36 
37 177 56 108 38 32 23 117 87 141 175 
142 152 7 180 184 129 41 194 126 82 146 
153 59 173 188 29 52 101 17 154 30 
48 200 78 138 145 178 96 39 
140 147 40 16 98 114 137 123 11 1 60 
4 6 124 43 130 187 110 79 174 66 64 67 
92 169 24 18 183 22 121 13 8 34 120 
84 199 127 118 105 69 113 176 191 144 107 81 
131 15 68 196 150 44 95 80 116 93 19 193 83 
63 149 197 104 25 10 186 33 97 
100 9 85 99 160 151 106 91 70 
162 42 172 5 20 159 134 71 135 
182 14 3 27 198 73 
54 49 132 171 122 
156 102 179 190 51 
57 195 31 112 189 86 
88 155 139 21 
12 143 89 72 
35 181 164 
103 111 
133 45 58 
165 65 94 
170 
136 
61 

