131 89 160 91 116 19 148 
57 124 190 111 194 13 60 67 
100 9 37 130 138 80 126 96 83 
84 97 
28 179 7 68 18 183 198 107 158 141 
156 102 24 78 191 134 87 71 137 174 1 
169 147 173 29 139 86 73 135 34 2 36 
163 40 16 119 98 72 74 50 81 33 157 
153 42 181 26 110 90 79 8 76 30 
165 45 53 114 52 106 55 70 146 
47 6 49 14 180 3 136 121 115 154 
162 200 43 101 192 193 120 39 
4 5 164 25 46 186 178 82 66 75 175 
142 48 132 51 22 41 17 11 64 
195 177 99 151 117 129 93 185 
63 149 197 62 159 20 77 122 123 
92 182 143 38 23 112 125 
152 167 196 184 27 44 95 145 
140 88 127 118 105 69 113 58 144 
133 31 108 32 109 
85 128 168 94 21 166 
172 35 104 10 
54 59 12 150 
15 187 
199 188 189 
155 176 
56 65 
161 
61 
171 
103 
170 

