182 57 147 133 16 23 117 52 41 194 115 11 
131 156 68 43 180 27 198 135 34 120 
84 136 106 174 13 8 60 148 
9 155 188 29 21 144 123 96 36 
37 45 56 173 139 125 121 17 157 
35 164 62 26 20 186 138 73 93 19 75 
142 99 168 94 109 112 86 50 81 33 154 
4 149 3 129 192 55 158 
48 24 98 134 58 87 71 137 76 1 39 
140 88 127 118 105 69 176 116 193 141 
54 100 177 38 32 189 79 82 66 83 
47 179 124 72 166 91 178 185 64 175 
153 63 197 104 25 10 122 126 2 97 30 67 
162 42 78 130 187 150 110 95 80 70 146 
163 6 200 103 44 90 145 
92 195 40 183 51 22 107 
152 15 7 18 184 101 
28 49 14 119 161 74 
165 85 128 65 151 160 
172 5 181 159 46 
59 143 89 113 191 
12 108 114 
102 169 61 111 
167 196 190 
199 171 
132 77 
31 53 
170 

