9 155 69 113 176 58 41 194 81 66 97 75 
195 177 65 94 151 112 189 125 174 2 120 83 148 
182 57 169 171 150 134 71 137 93 19 
4 24 103 129 91 178 193 141 67 175 
156 7 179 196 136 72 166 79 13 60 1 39 
142 147 133 40 119 21 139 192 121 115 157 64 
162 63 181 104 25 138 90 126 158 154 30 
172 197 35 164 10 87 17 34 76 36 
102 152 190 114 86 50 55 107 82 185 146 
92 14 49 132 78 130 187 22 80 135 96 
140 12 45 56 108 38 32 23 117 123 11 
153 42 62 5 159 26 20 77 122 70 
88 143 173 188 29 74 33 
54 128 168 99 160 109 52 73 
28 47 124 180 43 183 184 27 198 145 116 
48 131 15 68 18 3 51 95 8 
100 37 59 89 191 144 
84 199 127 118 105 
31 98 161 106 
163 6 149 170 110 
165 85 53 101 
200 111 44 
167 46 186 
16 61 

