92 48 124 183 18 72 110 60 
4 163 49 14 119 52 121 17 154 83 
128 56 151 189 106 33 67 
37 12 108 188 29 125 174 13 76 75 
42 172 5 62 26 10 25 77 122 11 66 
140 84 118 22 79 157 36 
100 59 143 99 144 107 81 
153 40 147 32 117 112 101 93 64 
57 31 150 91 1 
28 162 149 161 198 19 
47 15 61 129 135 
54 180 3 184 27 90 141 
181 35 164 104 20 87 
142 155 69 176 58 191 134 194 
182 133 94 109 114 192 50 158 185 
102 169 23 166 126 34 
199 159 138 46 186 178 39 
195 168 65 21 145 30 175 
6 200 103 71 137 123 8 
131 24 16 136 55 70 
156 179 98 111 44 2 148 
88 127 139 86 41 80 116 146 
9 177 173 160 74 115 82 97 
63 43 130 187 95 73 96 193 120 
152 68 7 196 190 51 
165 45 85 
167 171 
197 113 
132 78 
53 38 
170 
105 
89 

