153 102 24 18 184 166 41 194 13 64 
92 12 130 187 137 82 154 
182 147 108 38 139 21 50 107 193 
155 65 151 109 125 192 60 30 67 36 
156 152 16 98 27 115 2 83 
54 9 143 59 173 29 86 114 101 174 8 
84 77 122 186 80 178 93 75 
162 63 103 134 87 123 11 185 39 
195 31 161 72 129 22 135 34 1 
42 181 159 20 110 95 91 116 97 175 
47 15 180 183 150 90 126 70 120 146 
37 100 177 117 112 189 55 81 33 
140 6 49 132 171 74 121 17 66 157 
4 142 118 105 69 191 113 58 144 71 96 19 
57 133 40 61 111 198 79 73 76 148 
48 179 7 68 196 190 106 145 
28 163 149 62 26 25 10 158 141 
165 85 45 56 99 94 52 
167 124 43 3 136 44 
131 169 138 
197 172 164 104 46 
200 14 78 
88 32 23 
199 127 188 
5 
128 168 53 160 
176 
119 51 
35 170 
89 

