92 147 190 27 44 90 174 82 154 75 
140 180 43 58 134 126 70 157 67 175 
152 24 132 130 22 106 116 97 64 36 
37 100 45 65 109 125 41 17 76 2 185 39 
47 162 26 25 46 138 186 80 178 66 83 148 
156 68 18 161 166 87 34 120 146 
4 9 12 56 160 151 71 121 193 19 
57 169 16 119 150 110 55 81 33 30 
142 133 89 29 188 139 129 194 107 96 1 
153 63 149 78 171 191 79 73 135 93 
200 183 3 136 137 123 13 8 141 
54 88 118 105 69 176 113 50 115 11 60 
172 197 5 104 20 145 91 158 
84 199 127 114 74 192 
195 182 40 173 23 117 101 
28 163 6 49 184 51 111 95 
177 128 99 38 32 112 189 
48 102 15 7 196 72 198 
131 14 159 10 77 122 
85 165 168 94 52 86 
42 181 35 164 
31 53 144 
155 143 21 
179 167 187 
124 103 
59 
98 
108 
62 
170 
61 

