84 127 138 122 121 13 34 64 30 
102 124 43 29 139 21 166 194 174 8 76 39 148 
4 24 40 119 161 114 86 91 116 93 19 
42 172 181 104 25 77 55 107 33 157 
140 54 37 12 59 143 188 144 87 123 60 97 
142 92 31 109 160 189 137 96 185 75 
131 167 18 190 111 44 90 79 82 66 
162 149 5 164 10 46 186 81 70 146 36 
133 180 184 51 198 115 11 1 175 
153 47 6 49 132 136 22 145 80 126 154 120 
48 169 98 23 112 125 73 135 193 141 67 
28 200 103 3 27 110 17 2 83 
195 165 45 56 108 32 117 52 74 192 50 
85 177 168 65 106 41 178 
163 63 14 78 130 187 58 134 71 158 
57 182 147 173 129 
156 7 179 68 183 72 95 
100 118 105 69 176 113 191 
88 89 150 
35 62 26 159 20 
53 99 94 151 101 
152 15 61 
9 128 38 
197 171 
199 
196 
170 
155 
16 

