85 45 165 173 29 134 87 123 60 30 
182 147 40 16 23 112 106 178 34 75 
131 179 196 68 74 192 135 97 175 
57 18 161 198 91 158 66 39 
162 6 49 132 20 138 46 186 90 80 116 157 
153 24 14 3 129 115 11 76 1 36 
100 9 59 143 94 160 52 107 154 120 148 
4 47 190 184 72 110 44 33 64 
63 5 113 191 58 144 71 137 13 2 83 
92 133 31 139 21 166 121 82 185 
54 37 177 65 151 117 114 86 55 81 70 
142 15 7 124 43 180 187 50 8 141 
181 164 104 159 77 122 79 73 96 193 
140 127 199 118 176 69 145 93 
35 150 67 
48 169 183 136 27 22 41 194 126 19 146 
42 172 197 26 62 10 95 
152 167 98 109 189 125 17 
28 163 200 78 171 130 174 
88 155 188 101 
195 108 56 38 32 
12 51 
168 128 99 
156 102 61 111 
84 25 
103 
149 
170 
105 
119 
53 
89 

