153 162 63 149 86 192 55 141 
54 118 138 186 115 82 75 
163 89 188 29 52 174 11 60 30 
131 152 68 180 72 44 95 80 178 1 148 
92 12 45 38 151 160 125 189 19 
167 43 183 184 51 198 33 
133 31 32 139 21 71 135 34 2 
142 6 49 103 27 110 90 79 146 
4 84 127 69 105 191 113 144 87 154 
195 182 169 136 3 129 121 8 185 
47 24 190 114 74 17 193 83 
42 197 5 62 159 50 81 76 
100 9 143 59 176 58 70 175 
28 124 196 119 161 101 66 
155 130 187 145 91 126 93 36 
140 37 56 108 109 106 116 157 
199 171 150 134 73 96 97 64 67 
172 170 25 41 194 107 158 120 
48 14 26 46 77 122 137 123 13 39 
128 177 168 99 94 22 
156 102 15 18 117 
57 40 147 98 16 23 
181 164 35 104 10 
179 7 61 111 
200 132 78 166 
165 85 53 112 
88 20 
173 
65 

