42 78 77 80 178 2 146 175 
85 165 53 112 160 109 189 125 107 193 
100 12 59 143 173 32 23 52 145 126 185 
28 167 190 184 72 44 116 
57 147 133 16 191 58 134 87 17 
54 49 14 139 86 192 
142 56 108 38 29 74 41 
163 7 3 136 150 55 
47 162 132 176 70 39 
153 169 40 188 21 166 73 96 97 
4 182 61 51 27 13 
6 24 196 111 95 79 157 36 
197 172 26 104 25 10 122 115 11 120 148 
88 127 118 105 69 144 71 123 8 141 64 
199 171 187 22 194 135 76 
48 131 103 46 138 137 60 
195 18 183 106 33 82 30 
37 9 177 94 114 117 101 19 67 
140 128 168 99 151 91 158 154 
35 181 62 20 110 90 34 
152 43 180 161 198 93 75 
156 102 179 124 186 81 1 
84 89 113 50 
31 98 119 129 
92 15 68 130 121 174 66 83 
63 149 164 159 
200 170 
45 65 
5 
155 

