85 143 173 139 21 90 80 82 66 39 148 
152 167 98 109 194 55 96 2 120 67 
54 190 166 50 107 33 154 64 30 
162 63 197 5 20 138 41 178 193 185 75 175 
142 49 14 69 176 58 191 71 137 121 11 60 
182 57 183 161 72 22 81 34 83 
131 156 102 7 18 3 136 198 174 13 8 76 146 
37 165 168 99 94 160 189 101 192 135 19 
153 42 170 10 77 122 126 70 157 36 
140 88 127 118 105 113 134 116 93 141 
47 124 43 78 171 130 150 87 73 1 97 
195 133 147 108 38 32 23 114 86 158 
4 92 100 16 119 27 110 44 95 145 
28 12 89 29 117 52 106 17 
163 169 61 51 79 
177 53 151 112 74 91 
48 200 180 187 123 
9 45 56 65 129 115 
6 149 62 26 159 46 186 
172 181 35 164 104 25 
24 40 188 144 
179 15 103 111 
199 84 125 
68 196 184 
132 
155 
59 
128 
31 

