142 181 20 10 55 158 141 67 175 
88 160 117 114 192 121 115 76 120 39 
92 195 133 176 113 41 126 93 83 148 
47 48 24 130 171 106 80 178 2 185 146 
153 169 16 184 22 79 73 135 34 60 36 
163 6 200 3 136 150 87 137 17 8 1 75 
63 149 197 159 25 122 174 154 64 30 
54 100 37 12 99 94 151 189 86 50 193 19 
155 143 110 44 95 145 70 157 
4 199 127 118 105 191 58 134 144 107 66 
28 162 49 14 161 72 129 91 116 96 
42 172 170 46 138 194 81 33 82 97 
131 179 102 196 18 183 166 123 13 
182 57 40 147 98 119 23 125 11 
165 45 89 139 21 71 
156 7 68 180 27 51 198 
140 9 59 56 108 38 32 112 74 
15 167 61 111 90 
85 177 168 65 109 101 
5 35 104 77 186 
31 173 188 29 
152 124 43 52 
164 62 26 
103 187 
84 78 
128 53 
190 
132 
69 

