155 67 36 68 160 116 91 
120 51 176 165 124 101 154 
117 5 133 64 109 56 129 141 191 
132 18 14 146 121 17 200 
46 57 173 100 6 189 177 102 10 
149 69 134 103 192 40 128 59 
7 41 80 28 75 
81 143 113 31 185 169 53 42 
140 13 20 163 98 62 194 118 88 183 97 
157 93 199 135 175 9 
72 184 71 193 151 125 114 58 127 77 
196 30 2 8 21 126 148 119 
106 85 54 89 95 47 82 198 
1 26 123 139 187 122 181 111 105 
73 60 38 84 138 52 24 
168 92 48 99 32 90 29 65 43 
87 161 76 39 37 164 174 74 108 
158 50 66 130 182 167 179 190 
55 150 137 25 79 156 172 197 
112 115 16 162 171 170 78 
63 44 3 86 131 195 180 11 49 27 61 
145 35 152 34 104 136 142 159 83 45 
147 153 166 33 144 186 70 107 
4 188 15 94 12 19 178 23 22 96 110 
