14 58 73 46 10 1 13 123 144 89 140 30 82 
150 40 147 126 7 61 91 95 83 183 163 143 121 155 
174 130 28 49 3 16 119 195 85 74 188 9 98 66 
4 105 86 108 38 33 70 47 78 149 146 26 
64 169 124 180 36 193 135 120 34 133 112 31 
102 51 194 45 168 192 50 139 103 200 159 
100 166 138 122 15 158 63 39 27 
92 59 137 191 25 42 97 96 178 131 187 
88 177 151 117 129 161 116 19 77 62 24 
154 57 179 72 198 48 84 181 164 93 
172 197 8 176 109 53 114 173 107 152 182 
167 41 55 99 101 190 80 87 127 60 
142 43 21 90 67 162 5 185 76 104 
153 69 118 160 56 115 11 37 157 106 22 
165 125 128 94 23 52 65 81 171 186 110 148 
184 18 113 134 71 17 79 132 175 
54 12 32 44 196 136 170 20 2 75 
199 141 68 145 189 
156 29 
6 111 
35 

