172 87 56 117 106 139 121 168 192 
30 89 45 128 58 75 150 130 193 63 49 24 
54 108 94 61 167 183 146 25 77 104 141 60 
156 16 29 125 31 50 191 143 154 41 98 187 
88 127 21 129 15 116 114 65 173 177 
152 169 186 138 46 181 42 8 22 55 66 161 
4 142 126 52 38 157 160 155 64 120 96 26 97 
153 78 1 86 85 17 11 185 162 149 20 5 
12 111 44 196 47 103 95 110 180 184 80 163 
57 70 32 194 188 174 34 28 136 48 83 91 27 
113 84 199 118 144 105 189 33 37 82 123 69 132 
102 18 3 72 90 79 124 119 7 107 171 
147 9 14 10 76 2 159 19 170 93 39 200 
6 197 62 134 164 73 131 36 179 133 
135 35 68 145 166 99 101 175 
165 109 198 51 148 190 195 71 137 
140 43 178 182 112 53 158 122 
100 59 176 67 92 81 74 
40 151 13 
23 115 

