41 12 59 65 87 167 133 195 171 1 60 
28 78 124 3 132 162 200 145 116 140 38 99 
54 151 21 74 50 11 82 161 119 7 
182 33 23 52 131 13 97 137 188 
35 77 37 15 125 71 
176 117 5 49 
166 112 44 
177 146 
24 152 25 109 9 
36 110 86 19 
163 150 138 
32 34 85 173 
40 107 64 108 141 127 
198 68 139 126 
4 199 76 159 91 80 31 143 113 
100 22 196 47 153 120 122 56 189 53 
92 18 61 111 14 63 148 157 
20 197 123 
94 30 42 70 149 
172 104 135 186 2 8 75 115 58 180 39 183 
105 29 102 90 181 84 96 178 48 
57 147 106 134 79 55 114 168 
165 81 
6 
156 190 155 
67 193 46 89 103 179 27 51 95 98 16 
62 136 45 101 158 10 164 175 
88 118 170 17 184 83 66 
142 191 144 160 128 194 26 185 73 130 
154 169 43 72 93 187 129 192 121 69 174 

