107 89 121 128 65 101 50 14 120 131 179 95 
42 35 141 134 87 45 157 56 117 194 126 196 91 
155 138 104 171 17 76 185 39 110 68 124 
195 74 112 21 123 115 99 64 36 
41 12 173 70 20 122 25 193 19 5 132 154 
54 60 188 125 168 16 119 98 167 7 24 180 200 153 78 
133 43 111 31 82 166 97 1 137 144 191 
4 108 109 189 23 52 183 158 79 10 63 46 28 
187 40 135 174 69 62 181 146 15 27 
37 147 55 192 139 30 96 75 84 77 164 
150 162 18 190 198 83 73 136 86 38 33 143 
22 114 151 53 129 13 8 149 184 
186 172 197 49 61 51 152 92 105 160 
88 199 48 90 140 163 106 
165 72 182 159 26 2 102 178 148 
142 6 66 29 113 58 127 34 67 161 80 93 
100 118 176 47 145 116 103 130 9 177 
57 169 32 85 81 71 170 
59 94 11 175 
156 3 44 

