182 169 29 66 113 123 115 155 65 67 159 96 
165 168 151 119 190 80 110 116 48 25 181 58 
179 156 43 70 41 9 82 180 148 38 86 173 
162 132 42 138 76 79 120 11 137 84 106 
35 146 98 51 99 200 130 
197 103 95 44 102 13 141 39 175 64 
6 124 72 136 158 192 
118 176 17 185 
174 111 
194 101 49 62 75 60 125 177 
23 133 15 104 20 
196 131 121 89 
69 88 117 45 61 30 153 7 
4 143 
34 164 170 91 145 24 112 105 
57 129 40 32 52 74 160 93 193 167 22 
100 12 189 114 27 78 186 71 
172 135 139 63 184 
2 87 21 107 126 187 
92 142 10 109 5 8 
54 147 16 
199 50 81 
59 195 55 14 
3 198 161 157 31 68 
97 149 73 83 90 183 154 150 127 77 
18 47 46 1 191 144 188 33 85 108 128 
122 134 36 26 56 
166 53 94 28 171 152 178 19 163 140 37 

