4 119 133 22 126 193 26 25 5 24 64 177 
108 106 179 102 89 87 8 112 74 
129 31 38 32 143 123 84 139 49 78 63 175 
121 159 141 181 10 170 188 99 101 
57 61 95 168 33 107 154 68 62 
70 151 145 166 92 171 1 
20 73 50 115 125 149 
100 43 72 117 16 81 120 146 83 
195 174 173 53 189 17 69 140 194 178 
142 156 18 200 27 167 131 13 
59 176 97 66 162 164 
197 36 190 56 128 14 48 182 
46 172 198 114 158 187 110 39 124 7 
169 147 40 148 44 90 11 71 85 98 
165 160 94 152 183 15 184 42 104 19 
54 88 118 86 185 
199 122 138 157 
82 12 58 127 76 91 51 55 186 96 
28 153 3 180 111 192 45 65 132 130 9 
2 29 116 93 77 34 
35 134 155 109 136 
163 67 23 21 37 75 191 144 30 47 103 
150 6 161 41 80 196 79 135 60 137 105 113 
52 

