41 194 94 66 113 162 159 181 136 98 
169 151 33 140 115 86 195 28 200 36 
48 5 138 9 189 106 
100 12 134 50 158 46 
6 111 17 13 119 
147 180 72 198 77 62 193 107 
54 144 176 34 14 148 102 51 74 38 177 
67 92 40 129 23 65 24 149 153 71 
16 154 8 127 143 93 19 39 186 
172 197 21 117 55 114 11 87 120 103 79 
166 43 131 3 183 152 90 1 45 
156 196 22 112 105 163 104 164 15 179 
101 97 60 10 83 
35 63 2 173 
4 182 31 160 52 155 130 49 184 124 110 
165 108 53 99 91 27 76 58 135 
142 132 29 85 145 170 185 146 
68 80 18 133 73 141 69 128 168 
89 59 32 192 47 96 20 26 171 190 61 
88 123 75 37 125 157 109 191 122 175 
199 118 121 56 70 81 126 161 95 7 82 
57 44 116 78 174 
64 30 188 167 178 25 42 84 137 139 150 187 

