146 42 135 124 152 33 99 67 30 
57 43 178 72 70 145 116 55 37 127 8 78 
47 195 56 9 189 191 95 15 180 136 
165 125 109 32 157 85 16 51 28 130 162 87 
199 140 21 133 131 81 82 122 25 
4 54 46 164 73 17 150 107 101 
59 12 94 151 174 113 115 144 45 36 
196 169 23 168 173 158 141 181 26 10 163 
139 194 111 71 11 64 175 
156 29 134 170 123 
35 74 190 
143 48 198 50 108 182 68 184 132 
76 97 112 31 41 104 185 
121 66 160 117 159 77 63 27 
147 22 52 96 93 19 
129 40 80 7 148 161 91 24 14 1 188 
88 118 60 90 187 105 137 20 186 149 
119 18 3 44 98 61 167 38 192 
34 5 62 120 138 200 83 179 126 114 69 
100 166 53 177 84 193 79 39 
6 197 49 86 
142 176 
103 154 58 13 171 106 
89 
2 172 153 102 183 110 65 128 155 75 92 

