78 162 28 140 139 21 86 41 166 173 188 144 157 65 45 
142 193 73 186 75 115 155 143 135 58 67 
194 169 3 180 98 16 119 38 50 125 107 80 95 136 187 
89 37 40 22 52 114 79 159 5 63 104 8 
24 156 178 18 27 61 91 70 116 19 39 76 96 
126 151 117 128 192 106 161 152 153 130 120 
49 149 197 26 77 103 102 196 133 174 84 121 97 64 
88 71 118 123 137 25 20 33 109 101 
2 176 36 183 131 195 158 110 60 
182 147 48 179 83 42 1 132 181 46 164 
172 35 134 177 99 168 47 68 190 
30 59 12 141 62 146 124 185 69 87 
165 56 74 198 184 34 66 189 160 85 55 
6 154 29 44 90 170 10 93 200 7 167 148 
57 94 23 129 31 82 9 113 14 15 171 
4 199 138 92 191 105 13 150 
54 100 108 32 51 145 53 175 
43 111 163 17 11 127 112 
72 81 122 

