92 174 30 29 21 22 119 81 74 177 144 113 
54 97 130 167 90 75 64 133 129 70 
4 161 94 52 31 155 121 58 69 96 2 34 78 153 
40 147 183 48 55 50 109 189 137 1 14 
150 199 84 126 117 160 108 192 37 152 190 80 
88 105 8 49 24 110 104 181 62 93 63 10 20 
154 57 43 3 196 7 95 83 91 103 140 9 188 86 166 
142 135 159 120 77 5 60 66 136 36 39 
197 79 184 107 143 115 11 33 38 53 112 
82 100 165 72 44 15 162 149 42 19 178 89 
156 148 102 123 17 125 128 114 51 
163 59 151 85 182 27 131 146 175 
28 32 200 73 26 164 67 16 68 
171 118 76 134 139 194 41 195 180 61 
6 179 18 25 46 170 127 191 173 106 
172 124 198 98 45 87 186 193 122 187 
12 176 132 47 116 56 157 101 168 65 
141 35 138 145 158 99 71 
169 23 13 185 
111 

