6 55 72 22 106 95 83 149 159 107 
193 122 44 130 27 140 71 
197 25 150 124 190 178 146 62 161 70 
117 101 23 21 85 68 19 69 
169 29 154 53 31 80 
4 156 196 183 51 89 65 81 112 144 84 153 
88 173 194 92 48 180 49 17 87 168 
182 147 36 110 93 73 10 104 135 143 
12 59 176 105 58 2 184 114 126 28 171 
57 45 38 32 151 16 177 76 
188 132 24 9 128 37 67 96 5 164 42 
100 43 133 90 7 64 185 47 
18 103 200 186 60 157 8 1 
172 198 179 26 61 174 
54 199 134 11 46 39 
33 165 86 163 97 15 30 189 108 
35 181 191 123 192 166 129 102 79 
111 13 34 56 
94 121 136 
119 195 40 91 78 75 127 63 167 41 82 
162 118 137 109 50 131 170 77 141 175 
99 145 148 116 20 155 
3 138 158 14 125 
142 152 98 74 52 160 139 66 115 187 120 113 

