9 100 114 166 157 191 144 69 58 42 183 154 
150 57 55 45 31 52 152 49 149 120 62 193 10 1 
136 180 169 194 29 21 71 8 126 190 182 86 38 
4 54 12 196 130 36 95 132 185 60 175 
142 6 64 176 177 168 85 74 16 98 179 39 
147 68 80 117 50 53 102 146 186 26 
140 188 173 59 23 109 33 189 65 155 37 174 84 14 24 131 
15 43 110 51 79 163 115 75 133 70 
171 156 3 72 28 145 116 184 19 181 104 25 
88 118 63 170 159 48 124 22 108 121 
41 165 151 87 119 158 92 78 122 
30 96 153 167 7 103 93 73 46 164 34 123 113 
67 40 129 32 128 105 178 148 83 
199 76 138 90 91 161 56 112 125 
187 162 197 200 47 44 97 66 139 160 101 
82 18 141 17 11 89 143 99 192 
61 134 127 77 20 5 107 195 106 
27 111 198 81 137 2 135 
172 35 13 
94 

