64 155 137 141 46 120 153 51 182 139 69 58 
25 35 82 143 30 115 11 177 86 56 38 
14 172 176 28 102 196 61 70 161 16 189 53 
150 118 123 73 47 36 48 99 74 
59 72 179 135 149 152 104 170 
78 40 29 31 140 186 19 83 190 
147 151 50 158 175 
87 76 62 146 103 136 167 126 22 194 55 
124 93 96 2 34 191 173 117 45 109 121 144 
4 100 65 157 21 163 110 116 160 130 49 
88 32 114 85 107 166 89 10 75 
183 156 98 129 198 80 131 174 185 9 133 
67 127 162 7 106 81 105 63 15 
54 71 138 20 60 1 8 68 192 
12 94 91 145 27 178 200 148 33 
6 193 181 77 90 180 159 108 112 
92 95 111 44 119 101 122 164 
24 169 18 3 5 97 13 168 184 
197 134 171 17 125 37 154 113 
57 165 23 52 26 187 39 
142 79 43 195 41 84 128 66 188 132 42 
199 

