107 173 165 22 91 48 9 113 8 174 28 79 
54 76 176 97 149 77 104 5 42 84 112 192 
163 156 3 171 51 141 96 185 127 137 
6 166 194 72 154 33 125 70 133 14 93 63 
26 197 25 138 98 7 178 131 189 37 64 
58 120 20 126 116 188 143 157 65 85 92 
199 118 21 53 50 191 73 39 68 153 
100 102 52 17 13 146 62 175 
57 147 94 151 108 158 
4 169 23 61 145 47 19 10 122 179 
152 150 60 1 69 81 180 190 38 89 
88 29 124 78 162 170 123 
43 80 82 
142 12 101 109 71 41 
59 32 49 161 45 56 177 200 24 
18 36 140 115 
87 117 184 160 181 193 
40 111 159 
168 182 148 155 136 95 
35 34 110 74 
167 67 134 11 15 130 
66 99 44 90 103 27 196 86 187 
129 144 106 132 105 46 
172 128 31 183 83 164 135 186 
16 119 195 198 55 2 75 121 30 139 
114 

