142 6 197 188 67 158 41 63 39 194 195 
88 127 138 10 193 153 13 123 5 77 
27 29 192 173 166 139 171 185 1 137 175 
184 169 161 72 120 2 64 53 38 70 126 
178 150 76 46 83 196 162 71 105 113 58 140 
100 122 42 28 133 106 99 121 
92 56 165 108 136 81 60 182 124 
18 152 26 154 11 144 9 112 114 117 
199 86 52 74 22 47 80 45 109 168 
172 35 69 134 65 143 66 30 119 16 24 131 
89 107 190 183 103 25 146 159 84 141 181 
37 85 157 23 82 145 148 110 179 61 98 73 
31 33 51 200 186 149 95 15 14 132 187 
147 48 3 7 198 102 79 96 20 164 135 62 78 49 
130 75 174 160 50 189 177 125 155 87 97 34 8 163 
4 156 68 43 44 90 116 19 93 191 
57 59 94 151 128 129 17 36 167 91 
54 12 55 32 21 101 115 170 180 
40 111 104 
118 176 

