54 140 42 197 5 122 181 141 185 
195 57 133 147 32 101 53 192 157 82 
136 48 131 169 72 
100 37 143 165 85 160 151 128 115 121 
155 65 168 99 94 112 50 33 11 13 8 60 1 
3 180 43 124 15 179 68 7 110 178 
4 92 166 21 139 89 66 
28 6 132 162 186 20 26 159 46 138 96 
172 62 10 25 104 164 35 77 2 76 34 175 
156 102 183 18 80 44 116 95 83 148 36 
117 23 74 52 31 106 55 81 194 154 
9 12 59 173 45 56 108 38 114 86 107 
29 188 109 189 125 177 144 71 137 123 75 97 
142 152 167 27 198 61 70 158 
153 49 14 47 200 103 90 79 73 146 93 39 
134 58 113 176 69 191 30 64 67 
24 196 184 190 51 111 145 91 126 
130 171 78 63 149 170 19 193 135 120 
84 199 127 118 105 88 87 17 174 
182 161 119 98 16 40 22 129 41 
150 163 187 
