100 29 189 160 151 94 99 128 125 157 82 
186 26 62 122 181 141 185 135 120 
166 21 143 109 112 50 107 154 
169 152 167 27 51 111 91 145 80 
153 136 3 43 110 44 116 95 83 148 
197 5 77 35 164 104 25 10 170 73 79 
4 114 38 32 74 31 52 55 194 158 
9 12 177 65 168 53 192 101 86 81 
89 37 139 188 59 155 121 115 11 137 123 75 64 
24 102 183 15 179 18 68 7 124 180 
92 195 41 129 22 106 70 
182 119 98 16 40 147 133 57 161 72 
140 54 88 71 144 87 17 30 
138 20 159 46 172 42 34 76 8 13 97 
84 199 127 118 105 69 176 113 191 58 134 174 
163 171 132 78 162 63 149 193 19 146 93 39 
173 117 23 108 56 45 85 165 33 66 67 
28 6 49 14 47 200 103 90 178 36 
142 48 131 156 196 184 190 198 61 126 
150 187 130 96 2 60 1 175 
