173 165 85 192 53 101 74 55 194 154 
169 152 61 198 111 91 145 148 
42 197 181 122 77 35 164 104 25 10 193 73 120 
134 84 58 113 191 87 30 67 
174 8 60 1 76 34 175 
182 57 133 147 31 52 23 32 38 157 33 66 
140 54 155 144 123 137 71 11 17 64 
163 28 6 132 78 162 63 149 170 19 146 93 39 
89 59 128 151 94 99 168 65 115 121 
4 92 195 41 129 158 
131 156 196 184 190 51 27 167 126 
142 24 102 183 18 68 179 15 48 
136 3 180 43 124 7 80 44 116 95 83 36 
86 114 45 56 108 117 106 22 70 
153 49 14 47 200 103 90 110 178 
130 172 5 62 26 20 159 46 138 186 79 
72 161 119 98 16 40 
150 187 171 96 135 141 185 2 
9 12 177 125 189 109 160 112 50 81 107 
88 69 176 199 127 105 118 13 75 97 
100 37 139 143 188 29 21 166 82 
