84 199 176 113 191 58 134 127 118 137 123 174 64 
142 24 131 156 196 184 190 80 44 116 95 83 148 
172 5 62 26 159 20 46 138 186 96 
136 3 180 48 
89 9 12 109 160 53 101 192 157 82 
100 37 143 165 85 173 188 29 21 
182 57 133 147 40 16 98 119 161 72 
42 197 181 122 77 35 164 104 25 10 193 73 120 
86 114 45 56 38 32 74 55 194 158 
28 163 171 132 78 162 63 149 170 19 146 93 39 
54 155 115 121 11 13 8 1 60 75 97 
43 124 15 18 68 7 179 183 102 
92 31 52 23 117 108 139 66 67 
166 112 50 189 125 81 154 
140 88 69 105 71 144 87 17 30 
153 6 49 14 47 200 103 90 110 178 36 
150 187 130 79 135 141 185 2 76 34 175 
169 152 167 27 51 61 198 111 145 91 126 
4 195 41 129 22 106 70 
59 177 128 151 94 99 168 65 33 107 
