45 108 56 85 165 86 106 22 41 
140 58 176 105 118 137 75 60 1 97 
173 112 109 189 125 128 65 115 71 11 174 
48 131 156 102 196 184 152 169 
117 23 38 32 74 101 53 192 50 81 194 
100 37 59 160 151 94 99 168 177 33 107 
142 24 15 179 18 68 7 110 178 79 
89 9 12 143 188 29 139 21 166 82 
42 197 35 164 104 25 10 77 122 181 141 185 
72 161 57 195 121 144 123 13 64 
180 43 124 183 190 27 167 61 198 111 80 
134 199 127 69 87 17 30 67 
4 92 182 
136 3 103 51 145 91 126 70 55 158 154 
172 138 46 20 159 5 62 26 193 73 120 
153 49 14 47 200 90 44 116 95 83 148 36 
163 28 6 132 78 162 63 149 170 19 146 93 39 
54 155 88 191 113 84 8 76 2 34 175 
119 98 16 40 133 147 129 31 52 114 157 66 
150 187 171 130 186 135 96 
