158 50 66 79 172 197 
72 147 135 167 70 107 
1 26 123 21 165 69 134 119 
30 20 163 98 62 194 142 159 83 45 
106 85 94 12 95 177 102 10 
41 182 28 
87 115 16 162 76 122 53 192 200 
157 93 199 133 195 160 180 27 75 
57 173 100 6 189 23 22 47 82 198 
155 67 36 3 86 131 130 11 49 61 
19 178 58 127 77 
73 60 121 17 40 128 59 
55 150 137 
196 32 138 52 
112 2 8 146 169 101 
143 113 31 185 103 154 
140 13 104 136 118 24 
46 54 89 125 164 65 43 
120 51 126 78 
168 139 187 171 170 42 
175 9 
132 18 14 124 181 111 
7 80 64 109 56 33 144 186 179 190 
145 35 152 34 38 84 90 97 
188 184 153 166 151 29 96 174 74 108 
149 81 161 92 48 99 88 183 105 
63 44 68 25 116 91 
4 15 71 193 129 141 191 
117 5 176 156 148 
114 39 37 110 
