117 86 131 25 116 
157 93 199 135 167 70 107 
1 51 26 139 187 122 42 
4 15 71 144 186 179 190 
145 115 16 162 171 170 78 
57 173 104 84 118 24 
158 50 66 160 180 28 
63 44 36 3 5 130 11 49 61 
73 30 34 98 62 194 142 128 59 
35 146 181 111 
188 184 153 166 193 151 125 114 47 82 74 108 
7 41 133 64 182 91 
132 18 14 79 156 172 197 
87 161 92 48 113 31 185 103 101 
149 81 69 134 154 
20 163 95 58 127 77 
60 99 121 88 183 105 
140 138 52 
112 2 8 76 17 40 
168 123 21 126 148 119 
72 147 56 9 
175 39 97 
106 85 94 12 6 189 177 102 10 198 
19 178 23 22 96 174 
55 80 109 33 129 141 191 110 
13 100 136 159 83 45 
155 67 150 137 68 195 27 75 
46 54 89 37 164 
120 143 176 165 124 169 53 192 200 
196 152 38 32 90 29 65 43 
