161 104 88 128 33 72 165 95 158 
131 48 197 11 43 81 42 198 
190 57 60 143 106 200 17 189 
178 44 8 132 127 89 15 123 
177 19 152 146 76 96 52 39 56 
101 55 180 46 51 87 92 63 
20 85 171 86 115 79 64 183 
103 50 192 194 37 99 137 53 
119 26 40 31 71 121 142 149 
148 175 22 153 145 105 107 
45 41 80 176 172 174 136 
114 38 163 199 9 138 188 108 
32 78 58 122 67 28 59 
159 3 75 112 168 195 179 109 
30 82 84 69 187 117 111 
170 18 13 2 90 167 49 
113 66 147 102 184 7 98 157 
27 65 24 97 139 162 74 
93 62 185 126 125 4 34 
155 116 129 186 151 16 130 
21 182 173 47 61 29 
133 134 54 196 169 1 
120 23 154 36 181 
164 135 150 77 100 110 
5 10 193 156 94 
118 124 25 14 140 
144 12 160 6 70 
73 83 166 
141 68 
35 91 
191 

