164 19 40 97 71 89 92 
155 134 94 115 106 108 149 
48 38 88 8 151 76 189 
103 32 156 194 100 110 74 198 
133 3 11 90 98 59 
30 197 154 112 34 158 
101 192 141 61 79 130 39 
144 104 114 185 7 181 117 
57 82 175 6 33 4 111 63 
10 135 132 16 81 183 
170 20 75 168 14 139 42 
21 12 146 70 187 137 
55 18 166 24 9 179 
60 5 193 35 126 162 123 56 
171 152 186 127 72 49 
116 66 65 80 25 105 109 
85 173 46 172 200 95 
178 148 86 43 2 121 
62 83 13 68 37 87 107 
177 159 150 22 199 136 
93 78 44 153 169 145 64 
147 184 58 174 99 
45 26 47 31 51 77 
131 50 182 128 167 165 
27 180 84 176 157 140 138 53 
73 129 102 163 29 52 15 
161 143 191 36 125 1 17 
113 118 196 91 96 28 142 
23 119 69 122 67 188 
120 41 160 195 
190 124 
54 

