133 101 84 2 90 139 1 108 56 
159 88 13 127 37 28 92 63 
32 171 12 80 25 140 157 59 
170 26 119 125 71 67 17 149 
62 156 94 91 51 165 39 
93 113 31 68 169 79 187 183 
148 103 192 146 70 77 137 142 
131 55 38 35 167 121 117 53 
73 65 124 141 172 87 162 123 
144 104 40 97 76 64 15 74 198 
48 23 8 16 29 130 189 
177 155 11 24 61 105 99 107 
78 83 193 46 36 33 4 188 158 
45 50 152 47 89 110 136 
161 57 129 106 98 49 111 
60 118 10 43 122 181 179 
30 178 135 22 151 132 138 109 
120 134 196 102 153 81 42 
190 58 168 14 96 95 
82 160 191 7 72 
116 197 175 126 200 52 
114 86 115 69 174 34 
5 180 143 176 128 
66 147 85 112 163 145 
44 3 18 184 100 
41 19 27 194 195 
164 173 166 185 9 
20 182 75 
21 150 54 186 
154 6 
199 

