45 116 147 58 151 72 165 39 
66 12 43 125 145 99 107 
170 119 97 33 28 42 149 
161 104 11 79 200 95 158 
114 175 13 24 16 87 183 63 
82 80 115 61 167 34 108 56 
62 144 192 35 127 98 117 137 
178 65 94 91 90 67 162 189 
26 78 8 184 121 15 74 198 
48 197 160 47 122 70 105 59 123 
57 5 193 46 4 7 181 138 111 
30 41 129 40 153 169 52 53 
20 44 54 68 37 1 187 142 
120 103 173 176 71 64 92 
21 23 182 112 196 139 179 17 
27 3 166 168 96 130 109 
190 118 155 163 194 195 136 
93 55 60 69 51 49 
73 164 180 191 36 2 110 
148 32 84 106 140 157 
159 38 143 14 29 188 
131 134 146 141 76 89 
133 85 150 128 9 
101 10 154 31 81 
113 171 152 22 77 
177 18 88 185 174 
19 102 156 132 
135 75 25 100 
50 186 
83 6 172 
126 
124 
199 
86 

