21 19 114 126 71 139 162 109 63 
5 118 152 112 194 145 15 142 56 
116 135 80 31 9 157 49 183 
170 131 40 196 97 90 105 74 149 
30 78 26 102 61 77 87 42 59 
93 55 27 11 169 167 34 107 
45 32 65 86 141 70 64 99 53 
190 18 166 35 7 110 179 198 
48 23 192 146 68 200 95 39 
159 60 193 176 43 121 1 108 
113 66 12 22 127 181 117 187 111 
133 134 50 46 37 81 52 123 
161 104 38 163 153 79 28 92 
120 41 197 184 98 140 137 
103 10 84 36 125 106 165 188 
177 57 58 89 96 17 158 
62 178 182 6 76 67 189 
101 73 129 47 69 51 174 136 
44 3 8 150 151 16 4 
20 164 143 25 29 130 
144 147 160 24 168 195 
155 82 180 191 2 122 138 
119 173 85 13 132 72 
148 175 154 128 33 
171 124 156 100 
88 54 14 
83 91 94 
75 199 
185 186 
115 172 

