116 88 176 125 72 67 179 56 
161 104 26 6 76 64 99 63 
170 65 86 91 79 29 15 59 198 
57 82 173 31 61 100 77 162 189 
190 12 124 68 90 117 53 149 
133 48 114 150 16 151 7 138 39 
101 144 182 69 89 49 111 
148 147 164 47 97 139 28 107 
103 44 80 25 2 167 165 183 
93 159 192 112 163 145 87 142 
134 8 35 127 140 188 108 
30 102 155 13 11 122 1 137 158 
73 62 58 146 121 4 74 
60 131 152 40 169 110 52 123 
45 10 160 184 37 34 95 
20 41 27 196 126 71 130 109 
119 19 75 153 132 98 157 
113 78 83 166 128 9 17 92 
171 180 193 33 106 187 
21 23 50 156 24 43 105 42 
32 175 46 36 81 136 
120 178 85 129 141 94 174 
177 135 54 186 185 181 
118 5 115 200 195 
3 38 22 172 96 
66 18 194 168 
197 191 51 
55 143 84 70 
154 14 
199 

