116 18 8 22 71 98 137 183 
45 133 19 146 128 106 72 95 107 56 
113 118 135 194 157 188 39 
62 55 119 35 126 122 130 42 149 
26 147 84 36 90 167 17 198 
44 73 46 151 132 181 99 53 
148 32 112 43 76 52 111 63 
170 114 13 125 81 28 59 
104 175 166 185 37 138 189 
131 134 102 156 168 79 29 15 123 
177 3 80 6 145 87 92 
190 10 184 68 70 67 34 108 
120 48 192 152 153 33 64 179 
178 83 40 97 96 110 109 
30 23 124 141 200 105 187 142 
101 144 38 163 196 89 74 
27 41 173 129 24 100 77 162 
164 5 143 31 172 139 165 158 
155 78 57 58 16 7 140 49 
82 85 154 25 61 1 117 
93 180 193 127 195 136 
159 50 47 91 2 121 
20 103 197 94 69 4 
161 88 54 186 9 
21 182 176 51 174 
171 12 160 11 169 
66 65 14 
60 115 
150 191 
75 199 
86 

