62 85 192 186 33 121 99 198 
190 118 78 35 125 90 188 183 63 
73 19 54 185 71 64 59 123 56 
3 84 191 2 130 117 111 
131 20 80 31 163 194 145 87 179 149 
82 83 115 76 105 187 142 
170 12 86 128 167 34 165 53 
30 133 175 102 112 16 157 108 
60 57 152 40 132 181 107 
48 18 22 61 100 67 137 
21 23 182 196 97 94 17 158 
101 144 119 156 153 77 29 52 
55 135 154 36 9 1 39 
93 5 143 69 139 110 162 189 
45 180 13 176 106 4 28 
27 178 50 26 68 37 140 92 
44 197 43 91 70 72 95 
113 103 147 146 168 89 42 74 
177 104 47 6 98 49 
41 166 58 14 96 109 
161 160 141 169 195 136 
114 38 75 25 172 15 
159 173 11 184 7 138 
66 193 10 24 200 
134 164 129 122 51 174 
155 148 171 199 79 
120 65 46 81 
116 32 124 151 
88 150 8 127 
126 

