32 78 68 194 16 157 
161 93 58 184 128 140 187 
113 65 46 71 81 74 
73 111 
103 60 31 172 139 136 198 
101 182 176 195 15 39 
120 102 173 154 163 145 95 158 
116 193 186 98 132 130 107 
170 150 35 168 138 137 59 
177 13 22 167 117 183 
62 131 50 146 25 70 110 28 123 
144 18 155 6 94 109 
48 19 114 153 169 37 99 
148 12 86 125 89 108 
190 104 119 14 96 42 189 
26 164 84 106 2 49 
57 133 75 151 7 
45 27 192 156 61 122 105 
5 166 143 24 121 149 
21 80 141 115 200 72 142 
159 88 191 36 9 67 179 
171 175 43 11 77 64 162 53 
55 124 76 79 165 
178 83 40 112 174 188 
41 38 8 126 33 34 
44 135 10 97 181 
66 147 129 47 196 29 1 63 
30 82 185 4 87 92 
20 23 85 199 90 17 56 
134 197 91 51 52 
3 152 69 100 
118 180 127 
160 
54 

