101 57 22 36 4 188 95 63 
21 180 126 169 87 137 198 
170 23 119 176 33 106 34 165 108 
113 32 65 80 7 98 92 149 
73 171 154 184 37 181 187 142 
5 156 6 70 94 136 107 
55 104 40 24 174 162 74 
190 10 124 68 121 167 158 
41 148 191 51 110 109 56 
60 118 150 127 76 49 111 
103 50 196 25 200 130 59 123 
120 83 143 69 16 117 183 
62 85 155 115 77 67 99 
93 3 35 46 128 1 15 
116 164 173 146 151 64 138 
131 114 84 122 89 105 52 
133 20 27 31 163 81 17 53 
44 134 175 47 90 139 179 39 
45 178 19 152 168 153 96 28 42 
159 166 193 11 79 29 189 
144 58 129 61 2 72 
82 160 13 71 9 157 
30 48 197 43 132 140 
177 182 192 172 145 
26 102 12 97 100 
78 147 86 91 195 
66 135 8 125 
161 38 75 112 194 
88 18 186 185 
54 199 
141 14 

