45 104 153 163 89 130 99 107 56 
113 155 57 185 127 167 17 109 149 
131 32 129 6 29 165 158 
30 44 78 80 69 51 64 74 198 
170 26 176 77 76 1 53 183 63 
82 75 22 9 138 49 111 
190 38 114 186 98 181 117 187 142 
120 48 175 115 200 4 188 108 
55 3 88 150 168 110 28 59 
119 65 86 47 2 121 179 
101 144 164 106 125 162 136 189 
116 182 196 25 172 140 123 
62 12 10 37 7 72 95 
159 19 112 36 33 34 92 
177 93 54 58 71 157 137 39 
161 18 8 194 169 105 87 42 
73 135 191 122 90 15 
20 178 124 151 195 52 
133 41 27 152 97 14 
148 103 173 154 31 70 67 
21 23 85 68 132 16 
5 102 13 24 61 
134 50 156 40 43 139 
66 143 84 126 81 
171 166 35 184 145 
60 118 180 11 79 
83 193 46 128 
147 146 192 174 
197 160 199 96 
141 91 94 
100 

