159 131 80 6 200 67 189 
116 18 166 33 7 181 92 
170 19 44 13 122 145 162 
161 26 146 112 130 87 39 
82 10 160 31 70 174 59 
73 12 75 25 76 157 99 
148 20 192 176 106 72 109 
3 40 151 127 187 137 
60 114 68 168 29 64 142 63 
190 78 124 153 188 158 
32 50 156 169 139 165 53 
103 155 58 184 34 167 198 
134 46 191 128 136 
30 41 196 24 61 89 1 111 
55 104 163 79 52 105 28 
120 113 147 43 51 117 
178 101 173 36 2 49 
93 133 85 172 96 42 74 
171 65 194 110 108 
66 175 193 14 195 
177 135 143 126 16 
118 180 129 71 81 15 107 
48 197 86 115 69 
102 152 150 90 77 
27 88 8 199 138 
45 57 119 11 9 17 183 
164 5 185 125 98 123 
23 54 22 37 121 
62 182 141 132 4 
144 83 35 97 140 179 
21 84 47 94 95 149 56 
38 154 91 100 
186 

