21 134 50 25 61 96 130 108 
104 18 143 151 157 34 107 
10 83 84 6 139 64 137 142 
178 19 75 91 79 29 42 59 
57 73 102 156 168 145 136 189 
171 129 166 24 174 109 
131 103 22 71 121 17 158 
3 182 97 196 98 117 49 53 
133 48 120 40 43 9 167 123 56 
101 144 119 193 46 125 138 1 183 
27 135 31 11 70 110 179 
82 152 13 76 195 52 
32 26 141 100 67 162 
30 148 160 68 37 165 95 198 
62 23 184 186 127 16 15 74 149 
93 78 114 150 89 105 28 92 63 
190 5 54 163 77 99 111 
55 192 154 200 51 87 39 
60 175 176 36 2 140 187 
20 180 94 122 4 188 
113 38 88 8 185 132 81 
116 66 12 86 115 106 72 
45 118 155 146 7 181 
161 164 47 69 90 
44 80 85 191 33 
41 147 35 169 
159 197 112 194 
177 58 153 172 
170 65 126 
173 199 
124 128 
14 

