45 178 50 31 112 9 187 111 
170 131 146 35 122 90 188 
30 48 78 141 61 121 179 
190 5 160 145 200 15 
103 32 168 156 169 96 1 53 63 
93 44 86 91 37 137 
21 134 124 25 33 162 108 
120 102 85 115 43 72 17 
114 104 193 176 79 49 
101 119 152 185 132 98 165 
116 66 65 129 11 52 87 74 
27 19 192 196 128 130 42 183 
82 150 8 125 110 123 
133 80 197 94 2 181 39 107 
144 60 46 191 4 106 136 
62 10 180 84 76 29 105 142 
20 41 175 154 6 195 109 
177 75 69 51 174 189 
23 173 47 7 117 157 
155 3 38 186 151 67 28 198 
148 57 143 14 16 
113 73 182 127 140 92 149 
161 147 13 71 77 158 56 
118 135 58 70 34 167 95 
26 18 163 153 89 64 
164 83 40 194 81 99 59 
12 54 24 100 138 
171 166 184 199 139 
55 88 22 97 
159 126 
68 172 
36 

