170 152 75 184 87 28 39 63 
101 144 180 153 169 89 1 142 
113 55 135 193 127 34 107 56 
103 85 31 126 33 121 42 123 
104 19 35 125 106 72 95 108 
120 5 143 11 122 139 110 158 
32 147 124 115 70 90 179 74 
26 88 191 128 140 187 59 
30 197 160 199 76 162 136 189 
45 159 114 185 22 181 157 117 53 
116 10 112 24 96 64 111 
21 134 43 97 168 29 99 198 
119 129 186 71 167 165 188 
155 57 83 132 151 37 138 92 149 
93 3 38 91 77 67 17 183 
177 150 47 61 100 105 137 
131 66 27 80 25 16 49 
190 12 73 40 14 79 130 109 
133 102 54 196 145 52 15 
20 164 13 141 200 94 
82 60 192 146 7 98 
178 156 182 6 195 
62 41 50 36 2 4 
44 58 8 163 81 
118 175 84 176 9 
148 171 65 86 172 174 
48 78 166 51 
23 173 154 69 
161 18 68 194 
46 

