131 133 80 115 69 121 95 108 56 
155 118 82 176 184 105 87 92 63 
119 5 193 58 37 76 1 53 183 
73 104 166 126 127 98 157 59 
103 148 197 31 24 70 77 179 149 
32 10 46 43 79 29 158 
120 18 154 91 94 15 123 
164 83 11 6 9 67 99 107 
48 60 84 191 128 167 28 74 198 
62 178 135 168 169 110 162 142 
116 41 44 68 196 16 138 137 111 
170 65 125 71 140 109 
113 55 88 8 185 2 42 189 
45 26 182 75 151 7 181 49 
30 85 12 13 200 130 17 39 
159 19 192 156 112 100 64 52 
144 3 25 14 195 136 
57 175 143 153 96 34 
66 180 163 72 188 
21 38 22 36 33 106 187 
93 114 54 186 132 81 117 
20 171 47 141 61 139 165 
27 78 152 122 51 174 
23 129 199 90 4 
101 173 160 97 145 89 
190 102 146 40 194 
177 150 35 172 
161 124 
134 86 
147 
50 

