45 197 22 14 96 87 39 
120 23 146 4 76 157 107 
113 102 84 196 181 17 108 
171 173 192 139 67 15 59 149 
21 88 191 128 121 72 74 
101 19 143 153 89 64 92 198 
32 129 58 61 167 165 
26 156 160 91 71 188 53 63 
161 38 152 127 7 34 158 
62 50 193 169 29 28 142 
144 27 186 151 81 1 111 
170 134 13 24 172 16 123 
57 18 184 194 9 138 49 56 
159 83 10 185 132 140 189 
148 78 11 47 70 90 162 
30 164 31 126 37 77 179 
119 155 86 115 94 200 136 109 
73 66 133 150 168 105 99 
190 104 35 36 33 106 42 
5 118 40 51 130 183 
178 103 154 163 145 195 52 
116 182 75 69 122 187 
12 135 46 2 117 137 
177 124 25 174 95 
20 48 131 43 6 100 110 
41 85 175 176 98 
93 55 114 8 199 
82 60 180 141 79 
44 80 125 
3 54 68 
147 166 97 
65 112 

