194 315 328 278 9 381 298 228 337 22 357 35 
121 222 55 46 106 252 95 189 67 50 31 149 393 85 308 146 68 350 289 335 94 99 135 343 12 
276 207 168 118 307 151 324 91 380 247 377 145 351 192 362 233 158 205 290 103 376 8 203 131 331 273 
383 245 391 288 295 16 236 259 125 282 13 378 240 212 60 
164 313 2 196 127 165 97 266 224 226 138 123 52 170 191 261 314 166 124 86 388 257 183 321 45 241 17 
155 218 171 390 197 326 74 395 54 88 274 132 365 387 293 28 36 
238 349 204 136 217 128 386 353 43 244 80 188 
32 76 372 392 148 251 253 275 209 221 193 178 120 384 20 310 53 
104 333 232 78 40 254 311 248 176 223 215 48 37 167 59 14 
214 363 
185 137 340 396 312 354 342 265 230 42 19 18 126 277 133 154 159 
93 143 296 283 147 156 96 100 87 162 389 82 152 286 57 246 356 157 305 6 62 69 41 262 201 
316 243 179 113 139 263 71 51 79 122 29 292 27 303 299 200 325 66 83 81 98 
144 256 23 92 115 367 339 302 341 11 129 267 15 33 379 160 61 220 64 338 397 7 399 336 102 187 182 
44 255 287 304 63 306 361 242 344 3 348 334 327 272 198 280 116 225 234 229 202 
186 398 250 359 142 269 323 346 199 264 30 24 249 112 134 281 320 260 258 366 101 237 364 109 271 1 369 322 371 130 358 84 153 38 
75 169 173 352 285 394 382 174 294 268 300 231 301 208 
150 375 89 10 239 4 330 373 345 195 110 56 374 49 370 77 219 117 332 190 34 26 180 184 
329 368 70 175 21 73 25 270 400 39 210 111 279 235 206 309 216 227 291 114 58 
211 140 317 355 177 181 297 385 5 347 172 
213 161 318 72 107 108 360 90 47 141 65 163 105 119 319 284 
