155 44 255 25 287 304 63 306 393 85 77 334 379 61 220 64 338 234 229 241 
213 161 238 142 269 323 346 390 171 218 259 270 217 400 39 210 279 111 109 271 364 1 34 26 105 119 384 284 
93 143 296 256 23 228 337 129 341 11 267 15 327 208 
92 396 340 312 71 263 51 79 122 29 292 27 303 198 68 146 41 325 37 66 365 387 103 8 244 80 188 
316 243 179 185 137 339 302 367 115 272 99 135 202 
277 126 18 388 257 183 225 397 7 153 399 38 201 
211 317 307 91 89 10 239 4 373 65 123 191 314 394 382 174 294 268 33 319 
361 169 47 242 3 261 166 124 86 300 160 94 371 130 358 84 14 
329 368 70 175 88 274 192 351 248 176 223 215 132 293 187 203 131 182 331 273 
104 333 232 78 392 372 40 253 148 62 6 69 167 59 322 17 
363 214 141 52 163 154 180 184 
186 398 250 359 106 252 95 189 199 264 73 197 326 74 21 395 54 311 254 305 157 350 289 299 22 357 35 262 193 332 190 235 206 309 216 227 291 114 120 376 
32 76 140 204 136 117 58 
107 108 360 90 173 352 285 348 344 370 5 347 172 
194 278 9 381 87 389 280 200 335 116 321 45 301 231 20 310 53 
164 313 2 196 127 165 72 318 349 67 50 149 31 260 24 30 249 112 134 320 281 145 377 362 233 366 101 237 158 290 205 128 369 178 386 353 43 28 36 
121 222 46 55 236 16 247 258 282 125 13 378 83 240 81 212 60 
383 150 245 391 295 288 375 355 177 181 297 110 195 345 380 56 374 170 133 159 
144 283 147 156 265 342 230 42 354 19 308 343 12 
315 328 100 139 113 96 298 162 82 152 286 57 246 356 251 275 209 221 48 336 102 98 
75 276 168 207 97 266 224 226 138 118 151 324 330 385 49 219 
