87 145 58 141 25 116 154 187 192 53 112 60 
140 57 166 193 186 129 37 138 101 194 189 
168 117 133 64 17 122 78 11 130 80 
73 152 99 56 19 136 159 47 82 119 149 14 
132 18 50 162 124 134 1 146 121 198 32 
55 67 36 49 86 90 96 43 72 147 
93 28 151 79 150 172 148 185 113 139 
81 100 173 94 6 88 183 128 45 114 
155 92 66 69 181 9 174 83 105 24 59 108 
63 26 143 34 38 62 84 118 13 40 197 75 
196 30 35 161 21 165 39 22 74 191 164 
46 15 184 153 7 195 160 126 42 52 
106 71 65 89 95 127 23 29 70 107 110 
4 85 135 31 169 103 111 91 27 
115 163 104 178 144 179 61 
158 51 175 177 102 77 
157 41 137 68 176 33 167 190 
2 8 171 156 97 
199 5 131 170 200 10 
120 123 48 98 142 
20 109 180 
44 3 125 182 
188 54 12 
16 76 

