140 30 14 176 130 25 28 147 164 189 100 
63 26 123 113 161 136 118 139 11 117 150 
73 145 137 133 195 160 180 154 74 114 198 152 99 
4 15 129 186 109 79 126 60 90 10 192 
158 50 143 162 124 39 29 96 82 65 75 
87 199 135 1 69 31 181 187 42 45 59 
46 184 163 104 62 142 88 200 105 185 
32 194 20 128 76 134 149 9 72 70 107 110 
81 7 41 56 166 193 175 182 172 148 53 108 
155 44 13 34 38 169 111 146 121 24 112 
196 127 54 12 19 95 167 179 190 141 37 
106 85 21 165 122 170 97 119 197 
132 18 35 89 125 191 23 22 47 58 
120 51 5 178 173 183 80 27 61 
55 67 8 98 17 174 77 
157 93 68 49 64 138 101 83 52 
188 66 177 102 
153 6 159 40 
115 16 171 91 
57 94 151 116 78 
36 3 86 131 33 144 43 
168 92 48 103 
71 84 
2 156 

