196 72 186 193 151 125 130 49 27 119 197 75 
87 59 57 32 192 165 39 111 149 45 194 
145 60 2 53 139 50 103 122 113 24 141 
4 15 56 1 161 152 84 58 22 102 173 198 110 
132 81 146 187 104 95 189 127 37 164 150 
157 188 184 68 117 80 185 174 74 77 114 90 
55 153 54 65 175 7 182 147 179 100 13 
63 18 35 64 160 79 156 172 14 105 121 112 
155 120 51 86 131 177 47 10 99 
93 199 137 176 124 181 88 183 200 128 108 
158 26 143 162 76 142 159 82 97 52 
168 92 163 98 62 23 29 96 70 190 129 
30 20 21 69 31 134 126 78 28 
73 115 19 33 144 191 43 
46 85 135 133 138 101 91 11 
140 41 3 5 66 17 148 61 
67 48 34 136 118 9 83 
16 38 178 167 107 
44 36 89 169 40 
106 71 166 109 25 116 42 
123 8 171 154 
94 170 
195 180 
12 6 

