196 36 3 5 131 117 7 79 174 83 45 152 
63 44 1 127 178 138 101 154 99 105 80 
46 188 184 191 129 28 164 65 114 60 10 198 32 
106 37 56 193 13 84 118 194 112 14 141 
55 41 149 72 151 186 147 172 148 150 130 
140 26 123 34 98 62 142 159 47 97 52 
157 67 143 139 162 124 170 187 42 100 
73 185 121 12 19 33 96 43 197 59 
155 93 137 49 64 195 27 25 116 81 146 119 192 
168 92 16 21 122 161 183 40 128 90 108 
158 113 53 163 136 177 189 173 77 110 
4 85 54 38 169 103 111 24 75 
87 18 35 176 165 23 22 58 
132 2 8 104 6 200 61 
30 20 171 181 88 50 11 
15 68 66 69 31 134 156 91 
199 135 89 95 144 179 107 
120 51 48 76 39 29 70 190 
71 166 109 180 9 74 
145 115 160 126 78 
57 94 125 182 167 
86 17 102 
153 133 82 
175 

