196 37 137 133 130 139 122 192 49 150 
132 44 36 66 1 69 134 161 90 83 52 
63 16 21 60 88 111 100 10 198 108 
55 186 11 160 117 116 27 80 56 149 197 113 
46 15 184 153 141 164 89 175 39 101 152 173 189 58 
140 67 48 34 98 84 138 183 112 99 121 45 24 114 
87 18 123 50 195 28 25 7 179 129 191 147 
158 51 143 53 171 128 142 194 32 174 72 
73 145 2 8 187 81 79 156 172 148 119 65 
188 71 166 193 178 127 23 22 96 74 14 
120 92 185 146 59 38 62 167 70 107 75 
106 85 135 151 13 118 159 47 82 105 110 
4 41 3 86 64 169 154 61 
30 20 94 12 19 33 144 43 190 
155 199 68 131 31 181 103 77 
157 93 5 176 165 124 170 200 
115 163 104 95 29 97 
57 54 109 180 9 91 
168 26 162 76 177 102 
35 125 182 42 
17 40 
126 78 
136 
6 

