196 60 57 141 54 22 47 52 100 32 
155 120 26 143 146 185 129 191 144 186 179 108 
4 85 21 25 116 53 10 13 173 
87 20 127 34 134 103 187 42 81 14 150 
157 188 71 166 193 125 90 39 59 70 107 80 
132 7 41 12 126 172 11 49 
113 123 48 104 142 194 74 75 
55 93 135 133 195 160 79 101 148 45 152 112 
158 50 161 162 171 192 118 88 102 198 99 
140 30 35 37 151 72 33 82 28 
15 65 189 19 95 138 29 96 91 121 
145 94 89 136 177 97 56 
46 184 153 27 117 130 180 154 77 110 
63 44 128 163 98 62 84 159 58 83 105 24 114 
3 68 66 69 31 156 78 61 149 
73 36 147 64 109 183 200 119 197 
1 122 2 16 139 165 182 167 43 190 164 
168 92 8 76 181 111 174 
115 176 124 169 9 
67 86 131 170 40 
18 137 38 178 23 
199 5 175 17 
106 6 
51 

