87 115 48 165 69 170 148 128 59 60 
155 120 14 164 65 141 114 100 183 102 173 99 149 
157 188 135 193 25 182 154 152 77 13 
46 35 64 160 116 72 97 45 75 
55 67 94 89 175 130 28 70 190 
145 11 133 109 180 167 52 192 146 
44 8 21 23 96 174 37 105 112 
73 36 137 66 124 122 17 40 119 110 
20 195 126 74 197 
132 41 3 5 176 84 29 43 53 
140 184 104 178 177 82 198 
168 139 92 163 98 136 138 111 7 91 
106 153 54 191 80 78 113 61 
199 86 49 150 169 185 172 81 121 
158 16 38 62 194 127 147 107 186 
196 161 143 34 134 103 200 10 58 
51 26 68 131 39 22 189 24 56 
93 166 31 181 88 42 187 50 
63 18 123 162 171 118 101 117 27 1 
4 15 71 129 12 19 95 142 159 90 32 83 108 
30 151 125 33 144 179 
85 6 47 
57 79 9 
2 76 156 

