73 145 161 2 8 162 171 17 102 189 141 
63 51 48 146 7 25 79 164 43 129 186 110 
87 18 122 112 104 6 88 183 152 174 77 13 59 
196 99 20 176 50 169 139 187 10 198 108 37 
132 147 199 86 131 117 160 180 27 150 56 72 107 60 
106 28 125 103 172 192 53 128 90 
140 67 143 64 195 33 167 97 52 24 121 
158 11 14 32 38 136 142 194 65 119 185 
157 15 153 54 12 19 95 118 9 83 114 
155 120 36 3 5 130 175 138 101 154 148 49 
149 81 113 66 165 69 116 179 61 80 
4 188 184 166 124 159 40 105 197 75 
168 92 1 34 98 62 39 22 96 191 127 173 
46 57 193 151 156 42 45 100 
30 16 21 31 170 91 
85 135 133 109 126 74 58 
115 163 84 23 29 70 190 
55 93 89 181 47 82 
41 137 68 134 78 
26 123 76 177 
44 178 111 
35 182 
94 144 
71 200 

