87 67 14 54 109 130 116 42 122 161 152 194 
46 15 141 133 113 170 200 60 75 
196 3 68 176 69 79 126 91 164 
149 145 187 48 34 62 84 39 22 47 83 45 110 
155 191 166 89 72 182 150 154 185 139 108 
132 147 199 5 66 165 169 103 78 99 32 
73 36 59 146 31 134 29 174 97 114 173 
140 57 127 94 189 136 13 88 74 186 
30 128 121 192 28 25 117 49 27 70 107 197 7 
106 71 56 151 125 23 96 90 10 198 
168 26 143 80 64 160 180 9 1 119 24 
157 35 8 162 124 118 183 37 58 
55 93 86 50 33 144 43 81 112 
4 188 184 153 135 129 175 138 101 148 105 65 
85 100 76 142 159 102 77 
63 44 12 19 95 177 52 
120 11 137 178 167 179 190 
158 51 123 53 104 6 61 
92 16 21 181 111 
41 131 195 156 172 
18 193 17 40 
115 171 82 
2 163 98 
20 38 

