106 71 150 109 117 116 112 99 45 75 
59 14 5 133 69 79 9 74 105 141 
4 85 135 72 27 25 180 49 172 139 185 152 90 
155 18 130 3 50 131 1 39 22 129 37 
87 145 149 122 21 192 169 194 102 198 114 13 
147 93 186 191 151 178 138 154 53 187 32 
46 60 35 8 6 189 23 29 96 174 83 65 56 
158 80 34 98 62 84 118 101 42 146 121 100 
168 92 113 161 160 182 28 7 70 107 108 
157 188 184 153 164 38 136 173 127 47 97 128 
63 51 123 48 76 134 43 24 110 
196 30 94 89 95 142 159 81 119 197 
140 41 36 137 68 11 181 103 78 
132 115 16 165 124 170 10 
55 199 64 195 126 61 
120 26 143 66 31 88 183 40 77 58 
73 2 176 33 167 190 
20 162 171 156 148 52 
44 54 12 19 17 200 
67 166 193 175 177 82 
57 163 104 144 179 
15 86 111 91 
125 

