63 51 5 66 25 180 167 129 70 32 
55 28 36 14 99 164 186 83 52 149 
106 85 166 89 125 127 42 37 108 
157 137 130 195 126 7 45 
132 113 35 13 163 98 136 173 183 200 197 56 
73 11 86 170 192 121 107 147 
93 199 68 64 160 79 101 10 198 58 
87 67 3 131 33 29 96 189 59 
81 122 92 128 34 39 65 47 97 24 75 
4 15 72 141 54 12 19 95 142 91 110 
140 26 123 139 176 187 161 181 103 111 
196 115 16 162 76 138 78 194 100 
80 41 94 175 134 9 190 150 
155 112 21 165 69 169 102 77 
46 184 153 135 133 23 22 174 74 105 1 
60 145 146 2 8 38 62 84 90 88 152 53 117 
168 185 151 116 50 172 148 119 114 
57 48 171 118 159 27 61 
44 143 104 178 177 82 191 
188 71 193 182 154 49 
18 31 17 40 
30 20 109 144 43 
120 124 156 
158 6 179 

