168 26 143 66 49 80 180 9 83 59 60 112 99 
184 71 191 170 185 78 139 122 187 
15 153 54 69 31 181 103 189 198 58 
140 36 3 68 131 195 156 172 148 119 194 
46 85 186 94 151 125 23 96 70 110 
155 93 28 117 133 150 138 22 127 102 77 108 
73 30 192 48 104 95 118 159 47 56 
87 18 166 193 178 39 200 52 24 13 
4 188 161 162 124 134 88 183 40 121 
63 41 113 21 165 144 164 45 32 
196 81 92 1 64 109 33 179 61 14 
55 72 90 163 62 84 177 174 74 147 75 
158 37 152 38 136 142 111 149 130 50 
120 51 8 11 116 43 65 100 
157 199 137 175 79 101 154 10 128 
57 53 76 17 42 197 
106 86 27 160 182 167 141 129 7 
132 146 35 89 6 114 29 82 97 105 173 
145 115 16 171 169 190 
2 34 98 91 
67 135 19 107 
44 5 176 25 126 
20 12 
123 

