87 161 112 7 49 117 29 82 114 100 194 152 99 
4 15 71 166 191 164 65 39 22 102 189 90 149 
155 18 3 139 69 17 187 78 105 197 
140 59 20 128 185 37 167 179 56 150 75 
132 120 123 1 195 25 182 72 83 198 121 
106 85 141 129 54 50 79 156 172 148 45 32 81 
46 188 184 135 133 64 134 88 111 60 146 53 108 
63 44 48 21 130 180 28 80 70 61 
158 51 34 98 62 84 118 159 173 52 24 
157 67 143 122 162 171 192 103 154 174 10 
73 30 35 89 125 186 33 144 147 91 110 
55 41 94 151 178 138 14 107 27 
168 92 113 19 95 13 23 58 127 47 119 
196 36 86 131 11 160 116 74 77 
26 8 38 169 9 
57 176 165 124 181 96 43 190 
93 5 66 31 170 42 
145 2 16 76 126 97 
199 193 175 183 40 
115 163 104 6 177 
137 136 142 200 
153 109 101 
68 
12 

