188 65 58 173 100 13 152 60 39 53 187 122 
59 145 112 146 81 195 27 147 117 49 150 107 56 164 141 
63 26 123 48 121 76 103 14 148 119 114 
196 7 135 28 124 138 22 127 74 129 191 
55 199 5 176 50 180 80 172 45 185 
158 51 143 113 139 1 170 128 189 32 
46 15 184 153 133 69 181 88 183 174 83 52 
4 85 171 142 159 47 97 105 24 108 149 
132 44 161 192 34 98 23 29 96 70 197 75 
140 41 36 137 68 130 109 25 79 156 42 11 
87 57 94 89 136 101 111 99 194 198 110 
106 186 71 64 160 182 9 72 91 90 
155 18 166 193 151 125 37 177 102 77 
73 115 16 21 31 134 179 190 
30 2 163 104 62 84 118 154 10 
120 92 66 165 167 61 
157 93 54 175 17 200 
67 3 38 178 43 
35 12 19 33 82 
20 162 169 40 
168 86 131 116 78 
8 95 144 
6 
126 

