132 14 18 36 32 38 170 200 127 114 37 
44 161 146 162 31 17 192 97 105 141 
46 85 135 193 27 96 43 77 65 
93 86 131 195 160 79 156 42 121 90 100 
140 145 92 187 21 150 180 179 190 75 
152 30 16 95 39 9 81 113 122 60 
158 50 130 171 99 191 107 197 
168 117 133 28 7 1 126 59 10 198 
56 199 186 89 175 116 154 83 52 53 
196 123 48 194 98 62 84 159 173 47 
87 115 128 34 104 136 118 29 70 24 
155 185 35 176 165 69 138 102 129 164 
120 80 137 72 25 182 172 148 11 61 
15 91 
73 13 20 12 58 6 189 183 40 119 110 
55 67 49 147 142 88 112 174 74 45 149 
106 153 54 109 103 139 78 108 
57 64 82 
63 41 166 151 125 23 22 
157 188 184 94 19 178 101 
4 3 5 66 124 169 111 
2 8 76 134 
51 26 143 177 
68 33 167 
71 181 
163 144 

