132 120 100 34 121 134 156 185 77 90 
155 199 7 11 117 50 101 161 146 105 152 13 
46 85 164 56 193 191 114 58 177 99 187 122 
73 60 2 149 165 31 181 96 70 107 141 65 
158 26 123 19 6 189 183 32 174 173 112 
87 18 36 3 68 131 195 25 182 148 49 61 
57 48 21 81 22 97 24 108 
4 186 71 166 89 37 142 192 200 198 
168 139 143 162 171 53 118 159 82 119 197 1 
55 130 14 151 125 127 23 194 102 59 
30 20 176 113 69 116 80 147 72 45 150 
157 188 184 153 28 64 27 33 47 74 10 128 
63 51 5 66 160 180 172 91 129 
93 137 136 138 9 83 52 110 
145 115 16 169 103 154 190 75 
140 67 8 124 39 111 
196 94 175 79 42 
44 54 12 178 167 179 
106 35 163 104 95 88 40 
15 135 133 109 126 78 
41 98 62 84 29 43 
92 38 170 
86 144 
76 17 

