46 3 49 117 175 100 177 189 102 1 
155 191 54 89 95 39 154 60 107 147 14 
87 145 150 80 28 27 64 195 129 167 186 24 99 
106 85 173 34 38 103 111 192 161 185 187 122 
158 51 143 81 194 136 142 146 97 198 32 
63 7 11 86 69 170 56 65 37 
112 115 8 98 6 127 164 83 105 90 152 
4 72 184 166 113 31 134 53 174 10 114 
73 57 13 162 171 138 22 43 75 
132 188 153 141 12 19 178 58 179 197 149 59 
120 36 5 176 165 79 156 172 148 50 130 
157 15 71 160 47 82 74 52 108 
44 137 62 84 118 88 183 200 45 121 
55 18 123 48 139 76 169 101 70 
140 30 128 109 33 29 96 77 110 
196 20 21 124 159 61 
168 92 151 125 23 119 
93 199 135 133 25 116 9 190 
67 94 104 144 91 
41 68 131 182 42 
35 163 181 40 
26 66 126 78 
2 16 180 
193 17 

