14 90 13 89 175 149 39 114 47 127 189 173 32 60 
132 185 35 152 59 76 187 7 113 56 
168 26 139 122 162 171 53 118 194 183 174 119 164 72 
4 188 184 153 186 1 31 192 146 130 49 27 117 
87 67 135 38 62 84 23 99 112 97 105 24 141 
73 145 65 94 104 136 138 88 111 150 91 197 
55 92 16 165 69 116 9 83 10 198 
30 20 100 128 25 180 167 179 190 129 37 
63 41 121 163 98 6 58 22 96 82 45 80 
158 51 8 21 124 169 42 52 
140 18 36 11 86 131 195 160 79 156 172 50 147 
106 85 191 54 12 181 103 101 154 107 108 
196 57 166 193 125 177 61 75 
46 15 81 34 161 170 78 28 
155 93 68 133 64 134 29 43 77 110 
120 3 137 176 142 159 70 
44 143 66 182 74 
157 199 151 178 40 
123 48 95 148 
71 19 17 102 
5 109 200 
2 33 144 
115 126 

