157 199 137 21 165 103 101 111 32 105 
63 51 86 195 116 9 174 83 45 152 
155 120 54 89 95 128 183 200 61 
140 18 3 113 25 180 129 43 37 198 
196 53 143 146 117 156 78 52 164 
141 85 194 173 98 90 88 40 192 24 
30 20 94 12 178 177 150 11 
158 26 123 66 69 31 29 96 10 72 
46 184 68 176 84 118 60 148 119 197 7 
132 80 28 112 34 136 142 65 74 77 
106 35 114 175 134 126 1 58 127 
4 15 71 166 56 125 59 39 179 107 75 
55 93 5 131 138 13 149 91 185 
87 41 48 161 38 62 100 23 22 47 82 122 
186 135 133 27 64 49 160 182 167 70 108 
188 153 147 81 124 170 121 50 130 14 
73 2 8 162 171 187 139 169 172 190 
145 115 163 191 144 97 99 
168 92 16 76 181 154 110 
44 36 19 6 159 189 102 
67 104 17 42 
57 193 33 
109 79 
151 

