14 44 28 137 150 147 72 113 161 40 10 198 
13 57 112 185 192 31 179 107 164 114 
155 71 186 166 56 60 169 146 101 154 174 45 80 
87 81 18 139 122 162 23 22 82 52 65 
120 26 143 32 104 95 142 194 183 99 121 91 141 
90 20 94 89 175 116 11 172 148 119 24 152 
55 67 1 117 27 195 160 182 129 58 189 59 
157 36 130 49 84 118 88 37 74 105 
145 53 92 66 50 25 180 167 191 173 100 
106 68 133 64 109 103 111 128 77 108 
30 2 16 38 178 39 9 149 83 197 7 
132 93 199 131 69 181 96 70 190 75 
4 85 135 151 138 29 47 127 110 
140 3 5 21 170 187 42 
188 15 34 98 136 177 61 
168 12 19 33 144 43 
63 41 48 76 134 102 
46 184 153 193 125 159 97 
158 51 8 165 124 126 78 
73 35 176 79 156 
196 54 62 17 200 
123 171 
115 163 6 
86 

