4 186 71 130 169 146 101 99 83 53 161 149 
158 60 37 114 19 95 189 159 100 13 174 10 198 
63 139 14 56 72 39 22 58 47 65 191 90 32 
87 128 48 21 31 170 122 42 121 141 
147 93 5 178 138 154 185 152 194 173 
46 199 54 124 118 111 192 7 197 150 
73 145 92 16 27 180 11 50 119 24 110 
132 120 51 89 134 29 96 70 129 28 
168 26 143 64 195 160 49 116 9 74 164 75 
106 35 112 163 98 62 84 88 183 40 113 81 
196 3 86 131 69 79 156 172 117 91 80 
155 41 36 137 68 109 33 144 43 107 59 
85 135 1 165 182 167 77 127 
55 18 123 34 136 23 102 108 
188 15 153 166 193 151 125 82 97 105 
140 57 187 162 171 181 103 148 45 
157 184 66 25 200 52 
30 20 94 12 6 177 190 
67 8 76 126 78 61 
115 176 179 
44 104 17 
2 38 142 
133 
175 

