112 147 38 32 100 177 107 197 
120 137 68 175 127 96 83 56 
145 2 176 7 33 47 105 173 
150 123 53 121 59 164 111 50 28 
196 113 92 122 192 128 62 84 39 29 174 74 110 
168 149 34 104 136 142 58 119 108 
157 41 143 66 69 79 80 52 194 
115 48 171 169 102 10 
46 15 71 166 193 125 138 22 43 75 
73 20 72 109 1 103 101 70 191 114 
4 93 129 12 19 95 118 183 161 61 117 
158 51 5 133 64 195 156 172 130 24 
87 199 54 151 116 154 81 97 45 
146 13 189 163 98 17 78 27 
132 188 37 60 76 181 88 200 99 198 
106 153 135 89 178 90 159 91 185 
30 35 139 21 165 134 9 11 49 
155 152 8 25 182 42 187 
55 18 131 160 144 179 190 141 
140 57 94 170 40 77 
63 44 36 3 86 124 14 82 65 186 
67 162 31 126 148 
26 6 23 
184 180 167 
16 
85 

