140 41 5 131 169 9 141 45 37 
14 51 152 34 98 173 138 194 53 122 146 197 75 
73 92 48 162 134 96 174 83 52 114 
87 145 112 54 129 25 182 150 11 147 91 130 
106 68 133 80 109 28 33 144 70 56 65 
157 188 94 104 95 189 159 47 82 119 24 108 149 
155 161 2 59 175 90 32 99 183 192 187 139 60 
63 44 72 166 193 117 180 49 172 50 81 13 
67 3 137 178 101 100 127 77 164 
132 120 26 143 185 121 6 88 42 128 110 
4 93 86 69 1 79 156 113 107 27 
30 20 171 118 29 43 191 186 7 
46 15 153 135 151 125 23 22 102 58 
55 18 36 38 62 142 200 10 198 
196 115 16 165 116 78 105 
168 123 64 195 160 126 148 61 
184 71 89 167 179 190 
158 12 19 136 177 74 
85 21 124 181 103 154 97 
199 66 31 170 40 
35 8 76 39 111 
57 163 84 
176 17 

