55 13 151 56 103 187 53 81 
106 50 131 121 152 96 83 10 198 100 
155 120 146 48 34 98 194 84 177 189 74 77 127 
30 20 90 149 117 25 180 49 11 185 14 197 150 
157 93 164 54 12 136 114 65 29 82 119 99 
46 184 153 28 139 169 183 91 147 37 
168 26 130 66 69 31 113 60 111 174 97 72 141 
140 145 59 32 128 122 171 161 156 172 80 107 191 
87 18 123 21 181 9 70 129 110 
132 7 67 166 27 160 79 192 42 52 173 
158 51 8 6 159 47 58 45 112 
196 1 92 64 109 39 200 105 75 
73 115 163 104 62 138 101 154 148 24 108 
4 85 135 133 195 126 190 186 
57 193 125 118 88 40 
188 15 5 175 182 167 179 61 
63 44 36 3 68 176 165 124 22 43 
35 89 95 142 102 
41 143 38 178 23 
2 16 162 76 17 78 
71 19 33 144 
199 137 170 
94 116 
86 134 

