196 145 99 35 64 117 160 47 97 13 100 
63 67 36 7 14 176 53 146 122 173 127 191 
4 164 56 72 135 133 49 11 25 79 156 113 91 141 
73 115 16 98 136 138 9 174 74 10 198 114 
106 137 130 1 69 31 134 27 107 147 149 
85 94 89 125 37 194 183 200 24 110 
155 80 199 166 95 39 22 96 82 58 77 59 
157 150 143 131 124 103 101 139 187 197 75 
30 20 192 162 171 112 172 152 121 90 32 
158 26 123 48 81 84 23 29 65 43 
46 188 5 21 165 50 126 60 83 108 
55 92 161 163 178 189 177 128 45 185 
15 184 68 28 195 116 78 119 129 
132 18 34 38 62 154 190 186 
93 54 12 19 118 88 42 52 
87 120 3 86 109 180 167 179 61 
140 41 66 170 148 105 
168 175 17 102 
51 8 104 142 159 
57 76 169 40 
44 193 151 33 144 70 
71 181 111 
153 6 
2 182 

