87 112 187 48 192 171 60 100 74 149 150 
196 194 20 7 130 25 14 101 56 147 107 28 
132 18 11 137 117 127 22 96 82 45 75 
4 41 166 69 31 169 128 40 105 13 
1 92 53 34 38 142 159 47 164 186 37 
157 93 199 27 175 79 111 91 90 
46 188 184 66 81 134 139 185 32 10 198 110 
155 141 191 163 98 62 84 138 88 183 152 174 173 146 
44 36 3 68 131 124 103 172 148 114 
73 145 161 2 122 21 180 167 129 119 65 
55 67 50 113 176 160 182 78 24 99 
140 121 35 151 72 156 42 52 59 
63 80 54 12 19 6 189 23 29 43 77 108 
15 153 135 133 64 195 33 9 70 61 
168 26 143 109 39 154 83 58 
106 8 162 76 181 200 197 
158 51 89 125 177 49 
120 123 104 136 118 97 
57 193 116 179 190 
86 165 144 
115 16 95 102 
71 126 
85 94 170 
5 178 
30 17 

