67 150 25 5 3 160 117 49 61 116 36 
46 106 125 141 43 85 191 129 70 4 175 9 
132 155 41 91 7 55 
22 58 127 77 189 6 102 177 173 10 83 97 
157 107 147 199 93 135 190 153 167 166 72 56 
45 138 90 84 57 174 96 29 110 37 
140 24 196 99 88 112 111 60 105 
149 81 134 1 165 120 172 18 197 
63 44 68 130 11 86 131 66 50 158 79 14 
89 65 94 12 82 47 23 178 19 198 114 74 39 108 
48 92 168 139 78 187 162 170 8 42 87 
73 183 30 34 128 142 194 62 118 152 59 
148 123 21 26 126 51 156 176 143 
145 192 53 76 2 17 200 40 121 35 
188 15 184 33 71 179 144 186 193 151 54 164 
161 122 16 115 171 185 113 31 69 119 
137 180 195 27 133 64 28 109 80 182 75 
154 103 124 169 146 181 101 
32 38 20 98 163 136 95 100 159 104 13 52 
