59 32 13 136 95 77 127 58 47 82 174 
35 145 192 53 76 2 17 200 40 112 60 
88 183 30 34 128 142 194 62 118 152 99 
175 184 33 193 71 179 167 93 28 64 80 7 
134 1 165 148 123 21 143 119 
56 72 147 199 109 182 75 41 91 
69 176 26 126 51 156 50 66 131 86 11 130 79 
106 125 43 85 191 144 186 129 151 54 164 
37 110 96 29 89 46 
105 73 196 45 97 
149 120 172 158 18 197 
155 67 180 61 117 160 49 195 27 133 135 190 153 166 107 157 
140 138 38 20 98 163 102 6 189 177 178 19 198 57 83 
103 31 113 168 139 78 187 169 181 87 
55 150 25 5 3 116 36 137 
146 122 16 115 162 171 170 8 42 101 
9 4 188 15 70 141 65 94 12 22 23 114 74 39 108 
132 63 68 44 14 
90 84 104 159 100 173 10 52 24 
81 154 124 185 92 48 161 121 111 
