72 147 135 199 93 190 153 167 166 188 9 
15 184 33 71 179 144 186 193 70 4 
101 181 48 187 78 139 168 123 1 
145 192 53 76 2 17 200 40 121 35 
63 44 130 11 131 66 50 156 51 126 26 21 69 
150 25 61 117 160 5 68 116 36 137 
174 22 12 82 47 58 127 77 23 178 19 114 74 39 
132 91 41 109 28 182 75 7 
175 56 107 157 81 119 
105 73 34 194 62 13 84 38 32 138 45 
155 67 3 86 49 180 195 27 133 64 80 55 
146 161 16 115 162 171 170 122 8 42 87 
151 129 191 85 43 141 54 164 46 
106 125 89 65 94 96 29 110 37 108 
90 10 173 95 102 6 189 177 198 57 83 97 
88 183 30 128 142 98 20 163 136 100 159 104 52 
140 24 196 59 118 152 99 112 111 60 
154 169 92 185 148 113 31 134 149 
124 103 165 143 176 120 172 158 79 18 14 197 
