87 196 83 198 100 12 91 41 33 144 179 190 70 56 
14 2 21 123 69 118 192 98 22 108 
155 7 55 61 49 193 175 60 88 19 74 114 82 85 
73 53 115 163 194 146 40 139 32 45 
4 117 11 86 160 27 25 182 116 66 18 150 195 135 
149 90 20 152 1 187 169 64 28 50 156 
63 51 168 76 112 62 23 96 89 24 183 
185 103 35 121 164 79 72 167 133 180 130 
132 15 184 71 178 95 6 159 189 10 52 
157 143 174 38 173 39 110 80 131 5 81 
46 106 65 127 94 104 128 138 101 126 16 122 
113 54 141 191 134 172 105 119 75 
145 99 92 48 17 171 8 142 58 43 
158 44 36 137 176 165 31 161 154 102 147 
93 153 186 166 151 125 177 37 97 197 
140 67 3 68 136 13 111 42 77 
120 26 59 34 124 181 78 148 107 188 
30 162 84 29 129 47 
199 109 200 
57 170 
9 

