132 155 120 51 121 59 114 159 112 53 85 
149 185 94 151 33 23 173 119 
73 145 137 61 133 131 25 168 42 
161 32 19 12 116 167 135 197 
15 184 122 76 124 181 88 77 105 194 
55 5 8 136 200 40 10 
196 57 191 104 84 96 52 1 
26 68 150 97 134 169 187 
166 107 148 113 
60 30 2 163 90 142 47 58 7 28 
195 11 171 16 118 198 22 
44 36 176 165 39 
4 199 160 190 129 
140 3 86 101 
71 6 128 
89 143 80 64 91 141 82 164 188 147 
87 115 17 34 146 170 78 158 130 180 
41 49 186 193 65 56 123 139 108 174 
93 153 54 125 127 183 192 81 156 
20 48 162 43 144 179 117 
18 24 66 138 9 
67 182 
157 72 31 21 
79 45 27 175 
63 95 172 
92 178 38 152 154 29 74 
110 98 69 126 100 
111 
103 35 109 50 14 75 
46 106 99 83 70 37 13 177 189 102 62 

