140 122 92 109 61 101 154 150 119 164 89 
157 147 36 86 50 134 98 32 
31 191 151 125 70 188 172 148 19 
87 196 99 94 12 79 78 123 114 
145 103 81 156 21 195 129 174 74 47 85 
24 73 115 104 136 142 111 33 72 14 
175 4 110 13 91 130 116 135 167 190 65 
53 143 68 1 182 133 49 66 198 
155 17 2 168 124 169 181 96 178 10 108 
113 120 3 176 82 177 189 127 80 
106 57 60 34 38 173 58 23 200 126 
193 153 71 166 186 100 138 9 7 43 141 
46 45 35 121 48 76 39 22 77 107 197 
30 20 128 139 25 28 27 41 37 83 90 
56 93 199 137 11 146 112 183 161 187 8 185 
149 67 18 192 16 69 144 97 105 59 152 
132 44 158 64 62 84 118 29 180 117 75 
184 15 54 95 6 194 88 42 5 
63 51 26 162 165 170 40 52 
55 160 131 171 159 102 
163 179 

