132 44 90 62 194 79 200 128 
103 66 3 28 91 138 88 173 152 33 
83 98 48 53 69 124 29 191 27 64 
4 184 153 54 6 142 121 148 123 50 
154 51 137 72 84 77 177 133 
73 196 85 94 167 182 31 168 119 197 108 
157 199 93 166 118 158 130 5 61 
106 143 162 171 134 40 189 178 37 
55 36 160 11 165 8 101 111 190 
155 71 19 38 144 99 
140 30 20 22 47 151 65 164 9 131 185 
115 163 170 113 126 49 
46 86 109 116 172 187 122 59 
92 180 159 42 60 
26 179 105 
57 176 102 10 
125 
145 68 76 39 58 135 
2 34 127 193 
63 17 112 192 169 16 78 129 
174 81 35 21 186 149 52 107 
56 15 141 188 156 25 195 117 14 150 80 147 97 
67 1 139 32 136 114 96 89 74 
87 120 18 175 12 95 100 23 82 198 13 45 183 
110 24 146 161 104 181 70 43 41 7 75 

