145 115 183 34 123 1 158 160 107 164 174 
110 89 35 156 165 169 113 18 45 19 127 
132 73 60 143 11 142 78 31 50 
20 54 12 125 138 13 97 58 
4 15 129 175 8 134 181 101 148 119 197 108 
55 67 61 135 43 65 159 47 74 90 194 
85 153 188 69 99 118 88 161 42 187 126 146 
184 199 7 21 112 9 59 150 130 
51 86 147 25 116 179 191 173 
140 196 192 2 62 178 136 6 111 14 141 83 
46 106 33 166 104 32 81 172 131 180 27 49 
157 139 48 162 171 124 29 198 105 52 
57 189 77 163 170 102 149 
120 92 195 109 79 193 186 190 75 
44 3 137 176 182 66 24 
93 121 100 95 39 40 98 128 152 154 
155 64 80 91 68 17 114 96 10 185 
63 28 36 103 38 53 122 200 16 168 
87 26 5 117 133 56 37 22 82 70 167 41 72 
71 94 151 84 23 177 
30 76 144 

