155 147 199 166 191 151 77 111 53 99 122 
55 133 18 175 125 112 9 114 74 113 
73 20 198 32 163 38 39 42 146 103 156 
157 143 107 69 181 88 128 10 127 
140 15 184 153 54 170 19 105 81 
90 57 61 131 5 79 29 129 
120 51 136 142 101 91 190 
36 186 118 60 126 64 
31 139 2 165 116 167 37 52 
44 185 48 76 84 189 177 58 108 
65 33 193 12 134 123 200 197 
145 115 176 172 100 97 174 
4 86 154 
66 162 183 148 
26 137 109 25 102 
30 35 95 138 173 195 
92 164 121 158 
87 67 80 3 49 188 83 1 59 62 98 178 
46 89 106 192 8 171 124 149 96 117 
132 63 11 43 13 23 47 72 180 75 
196 17 187 168 21 28 182 144 179 
24 70 71 104 6 159 194 40 82 110 
93 56 152 34 169 161 16 78 119 141 
41 14 7 150 68 160 130 50 27 135 85 22 45 
94 

