93 3 11 117 66 156 195 193 191 90 
4 15 199 86 1 168 122 158 75 
44 51 8 192 121 59 139 27 
45 20 62 91 109 134 111 102 10 22 
24 100 99 16 69 39 129 179 167 135 64 
106 184 186 54 107 175 58 177 5 
73 30 2 171 83 138 88 40 154 164 
155 67 151 84 23 52 
113 115 163 142 178 82 81 14 150 
132 92 56 25 116 172 148 
126 49 85 47 131 123 
80 50 187 114 159 28 197 
157 153 71 12 136 42 
103 7 60 149 72 182 96 29 152 108 
26 143 162 76 181 101 200 141 
55 63 18 146 32 95 6 98 161 
87 140 37 94 189 17 53 130 160 180 
57 35 48 176 165 124 169 78 194 
133 36 183 104 19 118 190 
145 127 144 
112 
120 173 125 110 41 9 
46 97 137 21 79 61 198 
68 170 13 105 70 
34 38 33 74 
128 119 
196 174 147 166 188 65 43 77 89 31 185 

