129 137 68 31 165 69 182 179 197 185 
155 55 41 72 33 188 19 127 114 13 62 60 24 156 
157 56 15 153 49 130 25 117 18 168 148 103 112 99 
44 58 82 12 100 138 88 45 191 186 193 
140 5 64 151 89 142 98 189 74 22 164 
87 73 152 183 113 97 43 65 110 133 195 160 
106 86 131 66 50 126 1 9 174 119 32 
85 107 91 121 53 134 158 8 16 17 
67 3 176 81 154 169 111 52 
90 173 35 147 109 180 27 139 192 128 83 
7 14 26 48 38 84 177 198 77 102 10 108 
132 30 187 162 171 118 178 47 190 149 
93 199 61 21 122 172 28 70 37 
59 196 92 163 104 170 40 200 150 75 
175 4 184 135 167 166 141 125 79 146 78 11 80 
145 20 194 161 76 124 181 29 96 105 
63 120 51 143 95 136 39 42 123 
115 2 34 6 23 
46 71 54 116 101 
57 94 144 
36 159 

