156 185 146 62 181 112 78 64 75 
46 106 71 166 136 189 200 105 52 
145 30 2 163 134 114 191 
131 14 68 165 69 177 
15 186 147 28 18 122 16 128 13 198 58 
63 26 137 84 29 129 10 121 
184 54 127 111 8 197 
55 67 143 48 162 171 9 119 
196 115 130 25 116 40 
44 34 100 
168 74 
153 38 83 80 
199 178 99 169 183 152 102 
1 3 180 91 109 79 101 42 70 
32 57 35 31 161 17 173 164 141 193 107 
149 132 155 5 195 41 158 135 188 110 174 77 60 
24 7 36 125 182 103 117 
53 94 12 19 6 194 88 123 187 
120 126 151 97 142 159 81 50 66 
157 133 37 104 138 23 47 43 175 
73 92 176 21 124 118 148 49 160 
72 27 11 86 139 170 113 61 
154 51 76 98 192 65 85 
87 82 95 22 144 179 
4 93 39 96 90 108 
140 59 20 45 89 56 150 172 167 190 33 

