87 72 5 27 64 14 170 122 149 119 175 89 
59 73 62 98 192 25 66 80 114 178 90 152 
155 67 43 54 165 168 28 70 193 110 37 
132 147 153 85 95 100 39 45 154 99 10 108 
63 44 195 61 133 180 117 156 126 139 187 53 40 83 174 22 
60 196 20 162 69 134 11 131 91 56 188 33 167 
106 184 137 176 81 79 150 42 161 1 7 
18 130 143 31 158 160 182 101 146 183 32 173 
185 26 51 151 141 107 24 198 19 189 58 47 
112 145 92 48 34 38 6 159 177 74 191 
140 97 121 103 16 128 84 138 111 148 41 197 
55 199 93 86 109 116 96 190 186 
15 71 94 82 136 118 200 105 52 
194 35 123 171 17 181 172 129 65 
157 36 49 68 142 88 78 50 75 
8 115 2 21 124 135 13 77 127 
46 57 166 125 169 9 164 113 
120 3 76 23 29 102 
30 163 104 144 179 
4 12 

