91 64 133 166 151 37 181 74 10 
132 57 54 154 69 124 138 99 186 
63 22 163 127 96 158 
122 12 182 78 
165 170 148 
117 31 104 136 97 200 108 
140 68 121 134 9 195 
80 191 84 29 194 32 
106 76 33 103 185 
93 3 156 5 112 77 83 52 
20 8 16 19 88 161 18 164 
120 66 137 174 169 102 65 
44 36 60 34 6 198 111 130 
184 24 173 38 95 168 14 197 
115 162 58 45 
73 92 61 109 79 116 179 135 147 110 
157 28 50 126 171 192 128 152 178 
196 51 86 160 39 43 
145 94 118 40 
55 142 177 190 
26 114 81 62 70 167 
30 2 159 187 1 
4 41 143 53 25 101 42 123 149 175 
72 56 199 176 21 100 150 90 
46 48 125 13 23 189 119 75 
15 153 71 107 141 47 82 89 144 105 113 
35 98 85 172 139 17 
87 155 67 7 180 27 49 11 131 146 183 59 188 129 193 

