87 97 110 89 70 175 49 11 66 130 61 117 195 150 18 113 
155 44 50 160 41 129 85 90 83 45 141 82 47 22 
7 67 156 48 122 162 99 128 88 62 102 198 114 108 60 
46 15 184 107 147 64 133 79 158 168 183 152 32 173 19 
77 43 186 25 187 148 31 81 24 164 
63 28 151 191 127 159 112 13 10 
132 115 17 34 124 134 169 8 98 194 174 56 
149 120 36 3 131 165 116 101 65 188 135 
140 196 57 54 72 125 84 138 100 180 
4 59 35 21 96 52 75 
91 71 37 104 136 39 111 53 139 123 
73 145 161 2 176 80 167 193 74 154 197 
55 93 137 68 185 146 142 189 58 33 
106 126 16 171 118 121 103 5 27 
157 1 143 163 95 6 178 23 192 105 
199 86 69 182 14 172 190 
153 166 12 181 200 40 119 
30 20 94 38 170 
51 26 109 29 
92 76 9 
42 
144 
179 
78 
177 

