140 45 99 2 48 133 129 59 31 156 
103 54 33 80 147 135 27 28 131 168 
15 37 32 114 25 146 200 192 8 187 
132 81 183 161 18 180 195 141 65 186 190 91 
46 199 166 69 165 169 122 14 7 41 72 85 
196 36 34 38 189 159 40 194 173 100 60 
63 22 82 125 182 130 164 43 198 
167 153 94 13 136 58 29 96 150 11 
73 113 35 109 138 111 74 105 108 
44 51 126 16 76 79 158 78 17 
157 70 193 71 154 142 98 128 112 127 
55 67 3 151 118 66 49 75 
93 83 152 170 102 10 19 178 
145 92 163 104 95 39 179 77 
20 176 21 50 101 42 119 197 
120 26 143 6 88 148 160 
4 64 86 124 134 181 172 97 52 
106 57 162 171 121 177 149 
155 137 5 188 116 9 61 
87 184 191 12 89 110 174 47 23 53 185 107 
1 123 68 117 139 90 62 24 175 
30 56 84 144 
115 

