13 112 21 182 29 52 75 
14 63 65 94 28 50 172 107 195 
147 153 58 98 62 22 110 37 81 146 122 
149 67 103 48 99 34 174 177 123 154 
132 46 43 18 169 11 61 1 197 
140 3 68 137 79 101 24 32 16 
30 76 84 138 96 135 160 
4 93 199 166 126 78 156 
15 71 54 191 142 159 173 8 7 
51 92 17 100 83 40 119 141 
35 114 69 179 190 
184 70 64 165 186 129 
44 80 33 151 47 66 
73 2 150 181 161 102 89 85 
193 175 82 12 136 6 152 192 121 139 
87 115 180 49 25 117 72 74 10 108 
158 36 162 171 124 134 185 41 105 56 
196 187 163 90 39 144 167 27 
97 45 91 130 131 170 148 168 128 194 
145 57 188 5 88 111 42 
60 20 198 109 133 200 
106 143 176 31 116 
55 120 26 183 104 95 9 113 178 
86 19 23 
155 157 164 53 38 118 189 127 77 59 
125 

