155 91 64 80 33 141 100 175 113 122 161 31 
4 70 193 71 166 149 154 133 195 117 66 156 126 197 60 
43 129 191 174 146 123 1 183 98 77 97 
46 152 99 48 176 187 112 17 40 198 114 
157 15 150 137 50 107 147 164 24 83 19 58 127 
87 196 2 34 38 136 118 121 192 90 65 85 
132 51 143 163 39 88 200 81 110 89 
7 93 135 27 18 69 103 32 158 41 56 188 72 
145 62 20 173 178 12 182 160 28 167 108 
45 115 185 76 59 138 14 37 22 47 
67 36 3 171 16 53 13 189 102 10 82 
106 35 8 162 165 79 180 74 52 194 
120 26 11 86 124 169 29 96 190 186 
55 153 54 104 6 177 128 105 119 75 
199 94 151 125 159 111 139 168 
57 131 61 130 25 116 5 172 148 49 
140 73 30 21 134 181 101 42 
63 44 68 84 23 
184 109 144 179 
92 95 142 78 
170 
9 

