106 184 33 193 43 24 134 112 60 200 147 
140 196 141 164 94 69 39 167 70 22 110 45 
55 36 150 137 68 130 149 181 29 190 108 
26 51 151 152 177 77 19 74 
145 57 160 88 148 59 129 
191 71 38 23 40 52 
155 199 93 12 144 105 
73 30 62 161 162 171 170 64 18 83 
157 27 166 85 159 185 197 
17 48 163 95 31 78 53 91 
120 14 86 28 158 175 96 174 10 
187 90 34 124 169 
142 
44 3 37 136 
15 
63 126 104 111 127 
20 192 131 1 102 
2 98 179 
49 122 84 173 58 13 100 188 
46 54 6 16 146 128 
132 154 92 89 65 72 117 156 66 
97 153 113 8 172 183 194 198 178 
87 115 109 25 180 168 11 75 81 
195 133 61 176 21 165 182 123 119 114 
47 82 189 76 118 138 101 42 107 
67 135 186 56 125 9 
143 80 41 139 50 
4 35 5 7 79 116 103 121 99 32 

