89 9 12 56 108 38 32 23 117 81 154 
153 49 47 200 103 90 178 79 2 76 34 175 
172 35 164 181 197 42 96 
130 138 46 159 26 62 5 141 185 
182 147 133 57 
4 92 195 52 31 129 194 
28 171 132 78 162 63 149 186 135 
119 98 16 40 22 106 70 41 
54 88 71 144 11 17 30 64 
143 65 168 99 94 151 160 109 107 82 
72 161 61 198 126 
100 21 29 188 139 87 58 13 8 60 1 
169 152 167 27 51 91 111 145 80 
20 122 77 10 104 25 170 19 146 93 39 
140 191 69 105 118 137 123 75 97 
113 176 127 199 84 134 174 
166 173 50 112 192 53 101 74 55 158 
86 114 45 85 165 155 115 121 67 
150 187 163 6 14 73 193 120 
48 7 68 18 179 15 183 131 
142 24 156 102 196 190 184 
3 136 180 43 124 110 44 95 116 148 83 36 
37 59 177 128 125 189 157 33 66 
