92 54 143 45 108 21 129 91 
133 105 69 176 113 191 87 174 93 
24 152 183 117 22 50 66 157 
169 165 53 145 158 175 
6 48 68 196 180 3 136 110 44 116 141 
37 9 177 65 128 32 52 11 34 97 36 
142 124 190 171 130 144 96 76 
28 162 5 104 26 77 90 178 80 193 19 
195 16 119 38 86 114 121 107 82 1 64 
179 18 7 167 51 27 95 81 120 67 
199 155 29 74 41 17 8 39 
102 15 43 98 139 166 137 123 13 185 146 
131 59 89 150 71 135 2 75 
200 103 170 10 186 79 126 148 
4 153 49 63 132 78 187 134 194 55 33 
88 168 151 125 189 109 101 192 70 154 83 
163 197 42 62 181 122 46 115 60 30 
100 147 57 72 161 198 106 
140 12 56 85 99 94 160 112 73 
172 35 25 164 159 20 138 
47 149 14 184 
84 127 118 58 
156 182 40 188 
31 61 111 
173 23 

