143 94 53 151 109 86 17 135 2 185 
7 25 122 186 81 33 82 67 175 
153 6 49 152 119 52 129 145 126 70 157 
179 196 161 98 139 21 80 178 154 66 97 
200 63 5 159 134 58 73 8 60 120 
133 31 85 117 74 41 121 13 76 146 
92 9 165 45 56 32 23 189 137 174 193 39 
47 42 136 44 110 90 158 141 30 
100 147 190 27 51 22 50 34 75 
37 168 99 128 65 160 125 87 123 83 148 
4 54 140 88 113 69 176 194 107 19 36 
28 163 172 171 130 191 144 115 11 1 64 
195 169 15 180 187 150 79 116 93 
162 149 197 62 138 46 20 77 55 
142 167 156 124 3 72 106 91 96 
131 24 48 43 102 183 184 198 95 
182 57 40 16 89 188 29 166 71 
127 199 84 118 105 192 
78 132 14 114 101 
35 104 164 26 10 
12 59 173 108 38 112 
18 68 61 111 
155 177 
103 170 
181 

