28 57 133 98 150 187 134 121 8 148 
182 179 43 190 27 111 79 174 66 157 
131 196 102 16 23 117 114 192 81 2 60 
140 54 100 12 59 143 112 74 126 93 19 
172 164 35 10 26 159 20 80 91 141 
118 160 101 50 115 11 97 36 
88 199 84 122 107 70 120 
92 195 40 85 29 21 144 96 135 76 
163 6 127 46 71 137 123 185 64 
142 49 149 42 62 77 90 158 75 
169 152 183 124 171 130 87 194 33 
103 136 161 198 95 145 193 
9 45 165 128 65 151 189 109 
15 180 68 138 186 55 82 83 
153 105 52 106 13 39 146 
4 89 188 38 86 129 22 175 
155 113 191 69 58 116 
63 200 104 25 30 
31 56 53 166 73 154 
37 168 173 139 125 41 17 34 1 
48 156 14 3 72 110 44 178 67 
162 47 24 18 184 51 
197 181 176 
7 167 61 
147 177 94 99 
5 78 
132 170 
108 119 
32 

