149 62 78 171 150 187 87 55 158 146 
4 102 14 86 145 96 97 30 36 
142 40 16 169 119 110 44 95 90 91 126 64 
54 118 105 138 121 115 11 8 1 60 175 
124 43 48 180 136 166 144 71 123 34 120 75 
57 195 133 147 98 198 22 50 107 66 157 
9 59 12 128 160 129 41 17 174 93 19 
162 172 26 181 35 25 10 77 116 80 178 154 83 
85 177 113 191 58 134 81 33 82 39 67 
200 179 68 183 184 51 194 70 185 
163 28 49 6 132 29 188 52 79 73 2 76 148 
131 156 196 152 167 190 72 192 193 
84 199 127 159 46 186 137 135 141 
100 37 165 38 45 32 23 112 109 189 125 13 
63 47 3 139 21 
92 153 42 20 122 
24 15 7 18 161 27 106 
140 182 151 117 114 101 
31 108 56 94 74 
197 104 164 170 
143 173 168 99 
155 89 
88 130 
103 
5 
53 65 
69 
61 111 
176 

