9 45 65 99 94 109 86 91 126 83 
140 172 35 110 90 11 
163 124 180 159 20 95 80 157 
149 119 134 87 121 93 
169 196 102 184 136 51 198 41 194 107 33 
4 59 56 32 189 151 101 123 36 
28 49 14 162 181 144 81 82 
92 182 147 98 171 130 150 71 
170 104 164 10 46 96 
54 155 177 139 21 137 115 
42 63 132 186 55 154 1 75 
6 88 188 29 166 135 19 185 
153 105 127 69 113 58 176 13 
142 24 31 38 23 106 22 116 
131 68 7 190 61 17 2 76 60 
197 25 62 26 138 122 70 66 97 64 
156 179 18 161 117 74 79 73 193 120 146 
100 195 187 191 50 
200 48 72 129 44 145 178 34 39 148 
165 85 53 112 125 52 192 174 8 67 175 
84 199 118 77 158 141 30 
133 57 16 40 183 27 
37 12 143 89 160 114 
47 43 15 167 
152 103 111 
128 168 108 
5 3 
78 
173 

