102 108 38 125 109 189 101 158 19 146 
28 42 62 5 170 186 11 66 157 64 67 
142 57 133 45 65 112 86 192 13 76 75 
88 51 95 55 107 33 97 36 
153 24 18 68 179 196 71 135 8 185 
168 113 191 58 134 126 70 39 175 
9 37 54 143 188 114 22 145 116 34 
140 6 49 26 138 77 17 93 193 120 
100 165 173 161 72 41 194 174 82 154 83 
92 14 162 20 150 50 81 2 141 
163 124 131 3 190 198 106 121 115 1 
200 181 164 104 25 10 122 123 96 30 
127 199 84 118 105 69 176 144 87 137 60 
156 182 40 16 98 119 52 74 80 178 148 
4 195 85 94 32 23 117 79 73 
169 152 15 7 184 183 136 44 90 91 
47 63 149 172 159 46 
12 59 187 130 171 110 
147 167 180 166 
48 78 132 21 139 129 
155 177 128 99 151 
31 56 53 160 
43 89 29 
103 27 111 
197 35 
61 

