92 153 159 191 58 144 121 157 64 36 
156 133 119 16 98 161 198 50 81 158 120 83 
162 149 78 136 3 106 174 13 76 60 75 
142 104 170 44 55 1 30 67 
4 84 199 127 105 21 166 194 126 96 193 19 
100 12 165 56 45 23 52 189 116 154 146 
163 49 6 14 200 130 187 150 145 73 34 175 
169 152 167 190 183 184 27 22 135 93 
48 24 47 132 171 72 129 80 178 
42 5 26 62 20 10 25 122 77 11 8 
182 57 195 188 29 89 139 86 107 17 
28 37 9 69 176 87 71 33 
131 68 124 7 186 90 
85 177 65 94 99 151 109 114 74 192 
140 196 180 51 111 95 91 141 185 
63 197 181 164 35 138 46 137 115 66 97 
54 108 113 134 70 82 39 
155 117 38 160 125 101 2 148 
102 179 40 110 41 79 
147 31 32 112 123 
15 18 43 
88 59 143 173 
172 103 
128 168 53 
61 
118 

