149 5 26 197 113 58 71 107 8 1 146 
4 84 127 199 176 105 87 81 17 83 
142 103 18 183 51 198 145 116 70 64 
153 156 179 184 150 187 91 73 96 2 97 
100 9 56 188 160 109 189 178 60 30 
133 147 57 169 72 52 22 79 82 39 
162 65 166 174 158 67 
200 180 124 119 86 41 121 115 
45 85 161 125 135 36 
28 140 177 99 94 114 101 154 
102 143 139 110 95 
7 196 48 136 130 186 137 
6 63 172 181 104 25 10 122 
152 24 190 61 106 74 55 141 193 148 
42 35 164 170 77 123 11 13 
47 15 3 43 111 44 34 76 120 175 
128 165 173 23 117 129 194 50 33 66 185 
131 98 108 38 32 112 192 157 
163 37 12 59 89 134 191 144 93 19 
182 49 14 171 78 46 138 90 80 126 75 
54 92 195 40 16 21 
88 155 151 
132 62 159 20 
68 167 29 
31 53 
118 69 
168 
27 

