4 56 177 128 117 114 80 82 66 
47 124 190 68 183 44 193 67 
35 62 25 110 95 116 1 97 75 
131 102 200 184 121 174 19 64 
6 63 149 197 159 10 77 122 123 148 
140 37 143 32 38 160 125 87 115 17 11 
142 14 132 78 180 136 51 194 33 154 120 
153 127 84 46 138 90 79 135 
169 156 15 3 161 22 129 73 34 
54 9 12 165 85 65 52 81 158 70 
147 57 45 173 188 29 192 101 185 
163 88 166 21 144 137 
162 199 105 176 113 191 58 91 141 
179 18 152 43 27 198 145 146 36 
92 59 168 151 99 23 74 126 8 30 
7 196 103 111 55 2 83 
49 48 86 112 189 41 178 76 175 
195 24 98 139 106 157 
182 133 31 119 72 50 107 93 
69 118 13 96 
28 172 26 171 187 150 134 71 60 39 
100 155 89 109 
170 104 164 20 186 
40 16 167 
42 5 130 
108 94 53 
181 
61 

