100 9 180 184 192 70 154 
142 40 188 117 32 166 194 17 157 
6 24 190 136 126 116 
153 152 147 161 198 110 90 158 66 64 
28 149 170 104 95 185 
140 108 99 168 112 121 13 76 
143 173 69 176 134 87 174 
42 159 26 164 44 2 75 
182 57 195 56 38 139 129 
92 45 177 52 114 41 115 
127 84 105 86 91 82 148 
102 124 25 10 122 79 11 146 
197 111 55 81 19 
4 37 128 53 144 71 193 83 
59 94 151 29 21 80 145 178 93 30 
162 39 
15 43 16 51 73 96 135 97 
7 68 18 119 72 150 50 60 
200 63 5 138 77 123 
199 89 189 109 74 33 1 175 
49 14 156 196 3 22 34 36 
47 131 48 179 183 187 137 
133 169 98 61 27 106 
54 12 85 165 191 58 
163 132 78 171 101 
155 65 160 23 125 8 
172 130 186 20 46 107 141 120 67 
88 118 113 
62 
167 103 
181 35 
31 

