102 46 26 159 41 55 141 120 
152 18 132 72 22 126 
54 84 127 105 176 106 33 39 
57 133 24 183 3 150 145 178 
7 98 23 109 189 125 192 
4 169 182 195 114 160 123 193 75 
128 99 85 94 151 112 174 135 83 
162 28 14 25 95 80 36 
153 40 136 184 27 110 107 11 60 
88 51 198 91 116 70 64 67 175 
9 43 111 115 66 
163 6 181 187 87 71 17 13 96 97 
142 47 119 16 29 86 50 82 158 30 
42 149 171 78 191 144 34 8 76 185 146 
170 164 104 20 138 186 90 79 73 93 19 
168 65 38 32 117 52 101 194 81 154 
199 118 69 122 137 2 1 
147 10 77 121 157 148 
31 165 56 188 139 21 
131 124 48 180 68 190 129 
140 12 100 37 59 143 173 58 134 
63 62 172 197 130 44 
156 15 179 103 
49 196 167 161 74 
92 200 113 
108 45 53 166 
155 89 
61 
5 35 
177 

