163 162 63 149 35 164 77 186 55 70 120 39 175 
127 89 188 29 166 178 8 60 97 67 36 
142 182 147 85 65 112 41 79 96 135 141 
6 4 196 183 184 198 106 115 64 75 
48 7 18 102 190 150 87 123 11 1 30 
92 37 59 94 53 109 86 50 194 17 2 
28 49 118 105 69 176 113 71 144 107 158 185 146 
54 9 151 38 32 52 101 192 174 82 66 83 
169 132 180 136 129 91 145 116 93 193 148 
195 133 152 161 98 72 90 13 19 
199 46 26 159 20 80 73 34 76 
31 108 56 45 23 21 137 121 154 157 
153 42 172 62 130 187 44 95 126 
24 156 131 15 3 51 27 110 33 
88 168 160 189 125 74 81 
100 12 171 78 191 58 134 
140 16 57 119 114 117 22 
40 165 173 139 
47 124 43 103 111 
143 128 99 
14 200 25 10 122 
179 68 167 61 
84 197 138 
5 181 170 
155 177 
104 

