118 89 29 137 135 
153 49 14 131 136 166 123 193 
6 62 159 130 58 134 107 185 
170 25 164 104 10 77 79 66 39 
147 48 161 119 72 44 116 
127 160 189 106 41 70 36 
24 165 94 80 126 141 146 
57 108 177 65 86 114 73 93 1 97 175 
149 63 172 26 5 150 95 157 64 67 
103 3 43 180 27 198 17 11 
100 85 56 45 53 144 8 19 148 
133 102 138 71 121 33 154 
162 47 179 183 190 22 90 174 96 2 
140 182 16 173 139 21 87 194 75 
92 88 199 69 105 191 115 83 
142 195 31 32 23 112 52 74 50 81 60 120 
28 54 12 59 151 109 192 101 178 
152 196 124 15 18 51 111 76 
163 42 132 78 129 91 145 34 
4 37 9 155 117 125 55 158 82 30 
169 143 176 113 13 
68 40 187 
128 99 168 38 
167 156 20 46 186 
200 197 181 122 
7 184 98 110 
84 188 
35 
171 
61 

