140 63 51 44 66 60 
4 182 173 177 65 125 112 74 83 
48 176 105 69 58 87 71 70 75 
54 12 32 108 21 129 192 50 120 148 
142 179 68 190 138 90 135 67 
9 155 188 117 121 123 
88 84 171 186 79 158 
28 153 49 162 197 104 122 174 93 19 
172 181 20 62 150 137 11 82 154 97 
133 45 161 72 107 8 34 
24 167 152 114 189 101 194 55 33 175 
195 132 159 46 145 116 178 2 146 
57 38 56 165 52 166 13 1 
37 59 78 187 106 115 157 
199 127 89 86 96 76 141 
85 168 128 23 22 126 
100 147 16 61 198 111 
42 164 35 170 77 
131 18 183 156 196 184 136 110 91 73 
92 40 3 191 144 81 30 
31 160 94 151 109 
163 5 25 10 26 17 
6 143 113 
169 180 124 119 27 95 185 36 
47 200 149 130 134 41 
7 15 102 29 139 80 193 39 64 
14 98 
99 
43 
103 
53 
118 

