59 143 65 168 94 189 74 192 17 66 154 83 
153 48 196 167 190 161 110 41 55 81 1 
149 170 150 44 90 79 76 34 60 36 
86 33 
28 172 10 181 71 87 11 82 39 67 175 
4 40 99 139 21 166 115 174 2 185 75 
54 155 118 176 113 191 134 144 123 135 193 19 148 
131 24 152 16 119 112 125 50 194 107 158 97 
92 142 49 3 72 129 91 145 116 126 70 157 
127 199 84 159 46 80 93 141 120 146 
133 195 38 45 108 151 114 101 8 
169 15 180 18 183 184 51 73 64 
100 37 85 27 22 178 96 30 
163 6 156 102 186 122 121 13 
182 7 179 68 136 198 95 
162 63 62 42 138 26 77 137 
57 147 173 29 188 23 117 52 106 
140 9 12 56 32 160 109 
88 89 130 187 
47 200 25 20 
14 124 43 171 58 
5 197 35 164 104 
165 111 
31 98 
78 132 69 
128 177 53 
105 
61 
103 

