54 37 31 125 189 112 74 17 82 67 
28 6 92 176 191 113 134 58 50 76 2 120 
42 63 132 136 87 121 174 96 193 19 146 175 
152 131 24 188 29 91 145 80 178 154 97 75 
163 59 177 109 160 166 137 13 66 157 64 
197 5 181 170 138 90 79 73 135 148 
169 147 98 57 38 117 23 86 192 55 158 70 39 83 
68 173 21 139 41 194 126 185 141 36 
88 199 127 130 150 44 116 34 1 60 
100 12 180 27 198 81 107 33 30 
142 48 124 196 102 18 184 72 115 11 
140 195 133 40 16 187 95 93 
155 168 94 114 52 106 8 
167 103 51 110 
84 78 171 46 186 123 
153 162 149 200 10 77 122 
4 182 165 85 56 108 129 71 
47 156 183 15 179 190 101 
49 14 172 62 159 26 
9 43 3 144 
35 164 104 25 20 
128 143 89 22 
45 119 161 
53 99 32 
7 111 
118 105 69 
65 151 
61 

