88 118 130 187 110 145 116 193 97 64 175 
163 172 132 171 21 166 79 141 
179 124 131 7 190 184 198 50 107 82 
100 140 89 65 151 189 192 101 70 
153 199 84 69 105 58 191 144 17 
162 170 10 77 194 178 67 
28 24 48 180 43 29 139 80 
92 142 6 49 78 150 44 55 81 
9 195 31 114 123 115 76 146 
197 62 136 22 106 8 2 185 39 36 
4 12 59 173 108 134 87 33 66 154 83 
164 35 104 46 186 90 95 135 96 148 
47 57 40 16 86 117 52 74 174 93 19 
169 167 102 196 183 72 71 158 157 30 
182 133 38 23 32 91 73 34 1 75 
37 143 165 45 112 125 41 121 11 13 60 120 
149 68 18 51 27 126 
147 85 177 99 94 160 109 137 
14 159 5 122 138 
127 155 176 
63 200 103 3 129 
15 152 156 111 
168 56 188 
54 42 181 25 
119 98 161 
26 20 113 
128 53 
61 

