142 153 6 14 171 184 129 121 13 8 
163 162 42 113 176 116 93 2 146 36 
24 132 78 166 21 192 17 19 39 
140 54 20 186 91 126 66 
147 182 133 61 52 74 178 97 
12 53 38 32 114 41 11 34 1 
84 199 26 10 123 185 67 175 
131 47 98 27 198 33 
4 165 99 168 23 86 22 50 107 
155 128 65 151 112 137 174 30 75 
49 149 197 159 77 138 158 81 
92 156 18 183 68 3 136 96 
9 37 100 130 72 110 193 
118 127 105 187 
63 160 189 194 157 
102 15 40 139 134 
31 45 108 56 29 144 
200 172 104 80 
170 35 25 122 
195 57 188 173 89 106 55 64 
7 167 196 180 111 
179 161 125 109 101 76 141 148 
28 59 85 117 71 115 
169 48 43 103 150 90 145 70 120 
164 62 5 191 58 87 82 154 
152 16 119 190 51 44 95 79 73 135 60 
88 177 94 83 
143 69 
124 46 
181 

