28 163 140 118 105 176 113 194 81 33 66 120 64 
4 133 53 23 22 41 80 178 154 75 
152 143 109 144 71 121 115 11 60 97 
68 14 130 21 166 137 135 185 2 146 
149 63 172 5 164 122 77 91 193 19 148 
102 61 86 125 50 70 158 82 30 67 36 
85 45 165 108 173 188 29 139 123 13 8 34 96 39 
142 92 100 9 171 187 95 79 73 93 83 
199 127 84 159 20 90 145 126 141 
24 156 196 48 3 43 136 27 198 107 174 157 175 
195 31 32 56 52 112 192 17 76 1 
155 65 128 94 151 160 189 101 55 
162 62 26 181 35 104 25 138 186 116 
153 47 131 15 18 180 72 129 
12 37 132 78 150 110 44 
54 59 16 119 98 161 87 
200 103 190 184 106 
169 177 99 117 114 74 
182 179 167 183 51 
57 40 38 58 134 
6 49 89 69 191 
88 46 10 
147 7 111 
42 197 170 
168 
124 

