142 7 200 138 46 126 33 66 39 
186 97 
24 196 190 167 3 136 41 50 70 83 
54 26 164 77 10 90 135 19 
179 156 180 72 119 52 82 
57 147 40 173 29 139 117 114 
28 63 62 172 130 
100 88 155 125 74 178 2 36 
149 162 49 51 27 79 141 
4 169 98 31 22 192 64 67 
102 124 161 188 86 101 96 
12 105 176 150 76 
42 197 5 159 170 122 34 175 
118 171 58 73 
92 165 108 56 45 38 23 106 194 
47 182 89 21 116 93 1 30 
163 177 94 65 160 13 148 
131 133 183 166 
14 6 78 69 144 120 
37 9 143 85 32 189 129 81 8 
43 15 61 198 110 115 11 
84 132 20 87 137 123 
48 35 104 25 158 
195 59 128 151 112 109 193 185 146 
53 168 134 71 107 157 
152 68 18 184 111 95 80 91 60 
153 140 127 191 113 121 17 174 154 75 
181 187 44 55 
199 145 
16 99 
103 

