200 167 27 198 95 178 73 60 
179 191 176 113 58 144 121 
133 12 94 126 1 
4 100 165 168 21 
163 169 57 161 29 166 129 30 
37 119 16 52 23 125 17 154 146 
182 40 56 99 93 
68 43 156 171 187 110 
47 48 124 102 18 184 22 
63 78 62 159 46 122 55 76 120 175 
197 172 130 72 44 90 79 96 19 36 
88 155 151 160 112 137 123 13 34 67 
199 84 127 118 69 192 70 158 148 
92 143 108 53 109 71 115 11 
6 140 105 150 135 8 2 185 75 
153 131 103 3 136 106 116 193 83 
7 15 24 180 183 51 111 145 82 
147 195 85 173 139 114 86 50 
142 38 45 32 101 174 39 64 
9 59 177 128 65 189 117 41 91 141 
149 14 49 132 186 20 138 80 66 97 
28 42 26 35 181 77 10 87 
152 196 98 188 74 194 81 107 33 157 
31 89 134 
162 5 164 104 25 
54 190 
170 
61 

