177 38 56 23 109 189 137 115 
182 24 14 132 78 171 150 107 
37 92 173 89 139 106 70 157 
63 3 180 190 111 44 145 2 64 
47 200 25 104 77 186 87 17 
142 65 151 32 52 101 39 
6 5 62 20 130 187 90 91 1 
100 40 16 161 184 51 110 34 148 
42 172 35 138 134 71 123 174 76 120 
9 140 160 112 192 121 141 
4 12 168 94 114 129 22 79 93 193 
48 45 108 21 75 
54 199 118 176 113 33 
131 68 7 18 61 198 95 11 
49 124 15 196 183 136 81 8 60 
147 57 169 122 73 96 67 
153 152 103 27 41 
156 195 29 188 117 74 
149 197 164 181 159 46 178 82 66 97 175 
170 191 58 116 19 
28 43 102 179 72 50 13 
163 84 127 105 69 166 55 194 135 83 
162 26 10 144 154 30 
85 165 59 143 86 80 126 158 185 146 36 
133 167 98 119 125 
31 128 99 
88 155 
53 

