133 48 18 72 129 106 126 70 157 
163 47 5 62 25 77 138 79 34 8 76 97 
162 78 26 186 20 107 81 66 39 30 
37 105 187 110 95 91 93 141 175 
152 98 119 114 160 112 125 192 82 120 83 148 
6 14 179 196 184 198 41 194 158 2 146 
92 195 165 151 99 117 74 174 11 185 
153 63 149 132 159 46 137 121 33 154 67 
4 140 54 143 59 173 189 52 178 116 19 
200 15 68 3 44 90 145 96 135 193 
45 56 108 85 29 109 86 50 115 60 36 
28 42 172 197 181 134 71 87 123 1 75 
142 199 118 69 191 58 176 113 144 17 13 64 
156 102 124 131 7 180 136 27 22 73 
57 147 169 190 183 166 55 
31 38 128 94 101 80 
182 40 16 43 51 111 
9 100 12 177 188 139 21 
88 127 84 150 
104 35 170 10 122 
155 65 168 23 
167 24 171 130 
49 89 161 
164 
32 
53 
103 
61 

