131 24 196 43 119 74 101 107 81 66 120 75 
200 171 14 139 87 79 135 96 34 1 
152 47 20 10 77 122 123 8 60 141 39 
63 180 124 183 198 22 13 11 97 148 
133 89 173 151 125 71 121 115 76 83 
142 197 172 62 191 134 178 193 67 30 
4 37 12 94 53 129 55 158 70 146 
140 54 45 165 44 95 145 80 126 82 154 36 
92 147 31 38 108 32 160 192 41 194 174 185 
128 29 117 86 106 50 33 157 64 175 
100 182 57 16 184 27 110 17 19 
88 127 199 84 186 138 137 2 
153 48 156 102 179 7 18 150 90 91 116 
28 162 42 181 35 104 25 73 93 
169 61 23 109 189 
195 15 68 190 51 111 
163 6 49 132 149 78 130 58 
9 155 65 112 52 
85 59 143 188 166 21 144 
56 98 161 72 
40 168 99 114 
170 164 159 46 
5 26 176 113 
167 136 3 187 
118 105 69 
103 
177 

