153 5 62 172 104 25 10 137 174 13 8 120 146 
28 6 47 131 124 110 95 158 34 60 1 64 
142 100 59 143 99 94 80 91 116 93 83 
88 89 188 29 44 90 178 73 193 2 39 36 
4 169 61 23 114 101 50 121 11 66 175 
133 14 150 138 186 55 154 82 97 67 
85 168 128 38 117 112 74 192 107 75 
54 127 130 58 144 71 115 17 96 141 
49 63 78 136 27 22 41 194 81 33 185 
156 179 7 18 15 43 180 87 79 76 19 
200 149 20 159 46 77 122 123 157 30 
37 195 57 40 32 109 189 125 126 70 148 
92 48 24 132 113 191 134 135 
147 108 45 165 139 21 129 145 
140 12 9 155 69 176 
163 162 103 184 51 198 
102 68 196 152 3 106 
84 199 105 118 166 
167 190 98 119 161 86 
42 197 26 171 187 
56 173 65 151 160 
182 16 183 111 
31 53 52 
35 164 181 
177 72 
170 

