124 102 119 16 111 95 126 178 96 64 
84 199 88 113 69 191 144 194 55 81 83 
100 182 98 29 117 74 116 193 
142 49 65 109 112 125 50 121 1 2 185 36 
7 196 131 150 187 87 71 137 17 174 141 
28 6 163 47 200 3 136 22 115 13 120 
152 57 147 38 21 145 82 154 148 
149 42 62 25 159 20 122 80 19 67 
140 37 59 155 90 79 73 135 76 30 75 
92 128 94 188 139 129 11 60 34 
169 179 156 43 183 27 44 110 91 70 66 157 
54 33 
162 63 172 197 26 104 46 138 186 107 39 175 
9 143 12 177 160 189 114 123 8 146 
4 40 167 184 190 72 41 93 97 
133 195 165 45 52 86 192 101 158 
153 14 5 35 77 10 
48 24 15 18 68 180 51 198 
127 78 171 130 58 
118 105 176 134 
31 108 56 32 23 166 
181 164 170 
132 103 106 
85 99 168 151 53 
61 161 
173 89 

