217 82 146 309 308 277 318 31 209 199 221 314 311 174 149 
296 300 344 129 328 189 164 97 160 348 206 210 44 170 104 
244 310 396 301 329 334 291 187 62 84 305 49 93 186 384 
386 382 117 262 125 185 242 54 153 374 41 290 73 232 
285 241 322 230 194 315 312 284 151 70 307 105 218 385 
321 15 366 159 399 87 370 313 172 279 275 26 158 
248 51 336 298 92 229 283 139 94 171 261 47 
323 358 325 79 326 40 193 134 32 191 56 373 332 181 294 
60 212 86 306 246 381 282 141 383 80 
30 258 99 144 122 338 238 390 219 142 115 349 303 152 
57 398 145 7 345 350 109 201 52 293 38 183 286 346 111 
352 74 1 137 297 288 33 39 167 89 226 133 387 10 
65 9 85 272 233 58 116 112 27 53 330 208 157 88 
302 369 355 304 281 188 197 106 363 24 263 21 28 43 101 
271 42 347 95 259 250 278 17 64 16 333 
71 235 11 251 292 75 207 100 67 365 273 239 
130 362 356 154 249 18 268 372 180 359 324 4 78 
175 361 165 66 254 45 46 176 118 184 34 253 98 371 147 
317 76 14 162 234 400 295 343 155 255 182 353 393 138 
140 331 223 252 113 119 378 8 395 367 339 
342 68 96 270 55 124 190 320 114 266 240 394 12 
143 81 299 127 150 200 335 25 327 177 110 37 379 135 
204 243 364 265 23 178 161 354 168 203 91 19 121 
123 131 269 227 360 225 224 192 276 257 3 377 132 
83 389 228 126 90 215 351 220 376 202 237 173 319 357 
148 236 316 256 77 48 260 103 211 205 388 198 
69 61 156 22 108 50 136 397 289 231 36 391 
59 375 63 287 163 267 392 213 102 214 274 380 222 196 
337 13 216 340 35 29 166 5 341 6 245 179 120 72 
20 128 280 169 2 195 264 368 247 107 
