57 40 161 43 196 183 15 95 90 11 
31 53 114 151 160 106 154 19 83 
153 195 167 61 51 198 
162 172 191 139 21 166 71 36 
14 200 65 109 
169 197 10 77 35 122 145 120 97 
142 100 99 101 168 50 121 76 67 
98 147 78 72 44 116 178 96 66 75 175 
9 165 143 12 129 86 137 123 8 30 39 
140 171 163 187 37 29 188 112 192 107 93 193 
5 26 181 138 186 20 58 158 70 82 157 
152 124 48 131 38 189 115 135 34 2 185 
182 199 105 22 81 126 148 
92 4 102 180 47 170 91 60 
117 56 108 45 177 128 125 55 1 146 
63 24 184 18 136 27 80 110 141 
54 59 23 173 32 52 74 79 73 
133 119 68 156 7 179 111 174 17 
190 16 85 94 144 33 
49 28 84 127 113 88 69 87 41 194 13 64 
42 149 132 6 150 130 
103 46 159 62 25 104 
89 155 118 176 134 
3 164 

