102 15 48 63 113 191 71 144 115 157 
85 108 23 94 198 41 126 
127 69 186 20 46 91 
133 32 125 177 45 189 109 101 33 
172 159 103 51 95 135 
190 92 50 114 75 
200 118 166 87 121 97 175 
40 98 167 56 129 148 
199 88 65 53 74 
68 3 136 61 194 
5 139 188 106 178 116 93 30 
84 12 59 134 123 154 
132 153 181 35 104 170 66 
149 173 58 79 60 36 
180 147 111 44 81 70 
162 184 16 
183 131 187 49 130 171 174 73 120 1 
24 152 72 165 117 160 17 11 141 
28 14 197 62 10 22 80 19 
169 124 156 25 77 145 76 146 
57 195 161 119 182 21 29 112 192 
54 140 128 168 31 52 158 67 
47 18 7 150 78 138 13 137 8 96 193 
100 9 37 89 143 176 55 
26 164 122 42 90 110 83 
99 151 38 27 2 64 
163 6 4 142 43 179 196 86 82 107 34 185 39 
105 155 

