61 150 171 130 187 87 115 83 
163 162 149 63 28 153 3 129 145 158 97 
127 84 69 168 50 107 174 1 185 60 30 
6 132 21 101 144 71 33 157 36 
165 85 56 99 38 116 95 93 73 19 193 146 39 175 
37 159 26 138 5 77 79 81 70 
196 102 117 65 114 74 135 141 75 
4 180 156 124 57 133 27 90 13 
100 173 143 15 184 192 148 67 
49 24 18 167 68 7 179 106 91 
54 161 16 32 112 23 86 55 194 80 
142 47 200 46 62 172 197 58 17 11 123 66 
92 140 89 12 59 29 166 139 188 126 178 8 120 
199 105 176 88 125 189 109 41 
169 40 98 147 195 177 128 121 137 
155 42 186 20 122 76 64 
48 14 78 181 104 25 10 154 82 96 34 2 
43 131 152 190 110 183 72 
136 119 94 160 
103 134 113 191 
118 9 52 22 
170 44 51 198 
182 31 108 45 151 53 
35 164 
111 

