127 150 139 21 86 17 115 11 1 
131 130 12 160 112 189 126 66 
3 136 15 31 74 50 41 157 97 36 
171 179 191 93 30 
153 37 94 151 109 114 22 33 158 120 
59 16 57 195 29 125 70 96 34 141 175 67 
177 99 168 165 72 81 107 82 193 64 
163 4 47 187 63 116 95 79 73 83 
142 24 43 102 156 119 133 98 52 192 76 60 
152 61 38 108 80 2 
54 88 69 176 197 46 145 178 
105 159 62 26 10 122 174 154 75 
49 14 149 42 5 170 25 77 123 
92 9 155 113 186 90 135 
7 181 110 44 91 
196 161 166 143 188 117 
18 84 71 58 144 137 148 
132 68 183 180 48 27 111 
100 147 182 40 184 129 13 
6 173 128 85 45 23 101 121 8 185 
199 118 172 20 138 134 87 39 
28 140 78 162 200 106 55 194 146 19 
89 169 124 51 198 
167 190 32 53 
56 65 
103 35 164 104 

