147 57 168 125 108 52 50 194 158 17 8 
124 156 131 152 61 27 51 91 198 41 
84 199 69 59 139 74 81 154 193 120 67 
162 78 63 62 5 20 197 10 122 174 135 19 1 
54 171 45 38 112 101 121 185 36 
18 15 14 187 46 138 186 80 178 70 146 
140 130 72 16 98 119 21 55 115 11 2 64 
142 196 48 180 3 176 191 144 87 93 97 30 
4 37 89 12 9 173 100 79 90 33 175 
169 29 177 165 32 145 116 126 82 148 83 
153 161 195 179 7 95 107 66 34 76 60 
92 103 35 25 77 137 123 13 141 39 
28 6 49 102 184 68 183 167 166 96 75 
47 190 133 188 22 106 157 
163 42 181 26 159 113 58 134 71 73 
88 127 118 105 155 189 192 
43 143 86 56 85 23 117 129 
132 182 40 31 160 109 
164 111 44 
200 149 136 24 150 110 
172 104 170 
128 151 99 65 94 53 114 

