103 156 124 7 68 198 44 174 36 
62 181 164 170 77 41 13 
92 165 21 191 69 121 194 135 83 
65 112 59 86 189 80 30 
24 169 140 134 58 79 107 141 
4 3 5 150 110 95 73 
43 48 131 167 98 61 129 
149 188 139 109 11 60 
15 18 182 85 56 160 33 
49 63 187 155 50 67 
84 186 159 46 138 35 10 123 39 
153 89 195 57 22 90 70 76 75 
196 51 133 27 193 
163 171 78 37 29 114 87 8 120 93 146 148 
9 177 151 99 168 128 117 192 
54 100 118 105 127 113 91 
28 162 130 104 
40 190 20 122 
152 184 132 166 52 115 96 175 
200 42 26 172 25 178 154 97 185 
173 32 23 147 119 71 
16 31 38 125 94 106 81 34 
179 111 161 72 137 17 66 82 
197 199 176 116 2 1 
142 12 143 45 108 74 101 158 
6 14 180 47 136 102 183 55 145 126 157 64 
53 144 19 
88 

