49 167 18 7 183 124 136 150 95 91 
100 32 38 189 65 112 144 71 11 39 
142 169 155 69 176 191 58 123 60 34 
153 179 196 72 98 40 22 50 73 148 175 
162 78 89 9 21 114 117 106 116 157 
37 177 109 151 128 134 137 8 82 64 
4 127 186 62 77 79 174 66 76 2 
133 16 180 68 103 178 158 
14 132 48 200 5 44 145 19 97 
182 188 139 108 85 160 166 55 70 93 120 
140 105 118 113 29 101 194 135 96 141 
172 159 20 161 52 74 121 1 75 
24 15 51 27 190 198 61 17 13 146 
173 42 10 122 193 185 67 
163 102 152 147 57 195 23 129 107 
6 63 149 26 35 164 104 25 46 138 87 
143 12 59 56 86 125 90 80 126 36 
54 28 187 171 130 181 115 30 
88 156 3 110 41 
84 199 165 94 192 33 81 154 83 
43 131 119 45 99 168 
92 47 197 170 
31 184 111 
53 

