124 171 54 161 91 145 79 73 193 75 
179 108 151 53 189 101 107 70 83 175 
37 152 133 147 22 178 44 90 80 66 97 
197 63 181 116 17 34 2 
24 98 40 188 143 173 87 134 121 123 141 
140 183 180 119 194 86 55 50 81 158 64 120 
84 199 69 127 130 150 187 137 115 82 157 
57 109 31 38 23 117 192 154 93 185 30 
163 149 111 27 198 41 126 96 67 
169 16 196 156 29 125 174 76 135 19 39 
131 7 195 65 144 71 33 36 148 
15 68 18 136 182 52 60 13 
4 28 78 132 47 200 186 138 46 122 1 
94 59 155 21 166 11 8 146 
88 105 118 159 20 95 
48 9 56 165 160 114 74 
142 153 6 49 72 3 184 51 
103 172 5 62 26 10 77 
92 162 14 42 35 164 
85 12 139 177 128 168 106 
43 102 190 167 129 
100 89 45 32 112 99 
61 191 113 58 
104 25 170 110 
176 

