163 6 153 196 183 156 98 144 11 174 34 120 39 64 175 
49 7 102 165 23 189 123 13 60 2 97 67 
182 16 147 133 21 100 191 91 116 154 36 
197 26 18 44 22 185 135 76 1 75 
48 43 200 138 62 77 186 71 137 82 157 
162 47 179 136 190 110 95 80 126 93 146 148 
92 169 61 72 129 52 55 17 8 19 
54 171 132 78 20 122 25 79 81 70 83 
143 89 37 29 114 108 85 109 125 50 87 
40 119 57 167 124 3 41 106 178 96 193 
42 113 118 127 176 69 134 58 115 33 107 158 66 
12 173 9 188 139 117 56 160 192 74 121 
152 103 15 68 27 51 145 73 
35 164 181 46 130 187 194 141 30 
140 155 65 177 94 151 128 112 86 
142 14 149 63 180 131 150 
4 195 38 32 45 161 101 
28 24 184 172 90 
88 105 199 5 10 
99 59 168 53 
84 159 170 
104 166 
31 198 111 

