163 132 78 45 165 53 107 79 73 193 93 
92 131 200 138 197 122 116 146 148 
14 152 133 168 160 50 125 121 135 97 75 
24 179 18 103 111 95 91 157 30 
84 199 176 104 10 13 11 17 76 
143 37 100 57 21 134 58 137 115 175 
195 31 23 108 173 188 174 70 
98 119 140 127 113 194 185 
9 12 65 52 38 106 22 126 55 
169 49 62 181 25 186 96 82 36 
180 196 187 184 51 8 
68 43 182 3 150 87 71 67 
61 89 109 101 81 64 
4 16 40 86 85 114 99 112 192 33 
35 20 42 26 5 159 46 90 178 141 
6 149 162 59 29 74 19 
147 54 155 139 166 
105 118 69 88 144 83 
63 136 170 77 158 
15 153 156 44 27 198 39 
48 102 7 28 72 129 123 34 
177 128 56 94 32 117 189 154 
130 172 164 145 66 
142 47 124 183 171 110 80 41 1 2 120 
190 167 161 191 60 
151 

