92 38 143 100 173 125 189 192 70 82 39 64 
149 162 187 84 118 176 113 13 76 96 93 
131 103 3 15 190 198 116 90 80 
43 184 200 186 10 122 73 36 
133 182 21 9 69 115 137 154 67 75 
181 159 171 22 106 41 158 60 
59 12 85 45 114 72 44 178 126 33 97 
196 152 98 40 119 16 57 23 55 121 17 2 
199 56 165 32 74 52 174 34 141 193 120 
197 62 25 35 77 46 138 144 81 157 148 
28 163 49 24 48 7 110 18 150 107 11 
195 108 53 168 160 94 99 50 86 19 83 
6 47 63 20 164 58 87 71 135 1 185 
140 54 89 117 147 27 91 79 30 
4 153 132 14 78 130 166 139 29 101 
169 180 102 183 179 136 51 111 145 95 
88 105 188 177 109 123 66 175 
142 37 155 191 127 134 194 8 146 
156 124 172 42 5 104 
167 68 61 161 129 
31 112 151 128 65 
26 170 

