140 9 37 182 98 136 106 96 93 
18 16 125 128 86 76 135 
142 92 24 153 131 184 90 95 
173 45 165 114 139 89 50 126 158 60 30 
88 105 199 58 176 84 134 80 
162 6 14 147 57 51 44 
56 38 112 177 99 65 52 
49 200 43 183 7 
26 78 180 198 194 82 
42 172 149 150 21 129 
35 164 122 10 113 191 
188 22 23 189 
170 72 110 91 2 83 
196 102 27 111 
133 15 119 187 145 
152 124 53 71 121 17 175 
190 63 62 104 
143 132 3 144 123 
167 161 108 94 168 101 178 34 185 
48 20 166 115 137 13 141 193 39 36 
28 54 127 118 69 73 70 97 64 
156 130 197 181 148 
163 68 195 29 192 81 107 55 66 
4 171 85 151 160 116 154 75 
77 5 159 25 138 46 186 79 8 174 19 
103 31 117 74 41 157 67 
47 179 169 40 61 33 1 
155 12 59 100 32 109 87 11 120 146 

