131 133 185 6 121 1 137 111 56 
55 161 58 146 61 14 96 105 15 107 
45 85 8 35 33 165 136 63 
82 152 115 94 174 17 53 149 
101 118 180 193 46 2 77 109 123 198 
3 159 38 51 200 67 188 108 
21 50 129 11 37 157 187 49 
120 27 124 40 168 100 110 39 
93 44 86 24 172 130 179 59 
148 103 197 141 132 98 181 158 
177 75 186 199 72 95 183 
57 78 160 47 169 90 99 74 
170 26 175 126 125 4 142 
171 80 102 184 9 34 
5 190 135 43 76 64 87 92 
66 164 166 154 139 167 189 
60 104 163 81 195 52 
178 62 18 25 70 138 28 
41 23 182 31 71 140 42 
144 48 19 192 68 29 89 162 
73 32 65 191 36 117 
155 10 83 84 176 106 
30 88 150 151 194 145 
20 134 173 196 97 79 
116 113 119 143 122 
147 22 153 16 
114 156 13 7 
12 112 91 
54 127 
128 
69 

