114 131 193 191 36 165 117 49 
116 48 173 154 25 172 96 99 108 
161 119 184 69 200 174 189 
190 104 88 79 105 15 123 74 56 
144 134 80 31 24 14 195 42 198 63 
3 102 35 68 145 87 142 
113 103 147 47 127 98 1 39 
30 21 19 126 125 33 67 109 107 
101 12 112 168 70 139 162 183 
171 27 196 128 90 138 53 149 
178 38 152 163 16 34 95 
57 60 8 185 37 100 64 28 
41 164 124 6 2 106 167 137 111 
66 10 86 94 77 110 92 59 
20 32 65 176 89 130 158 
155 5 143 84 132 9 17 188 
133 170 175 13 97 169 29 179 
118 135 11 122 71 81 187 
177 18 58 146 199 7 157 
45 78 180 46 43 51 136 
120 73 197 40 76 72 
159 44 150 153 61 181 
62 85 129 160 115 140 
82 83 54 151 121 52 
23 182 50 156 194 
93 26 192 22 4 
55 166 141 91 
148 75 186 

