5 66 31 154 94 51 174 108 
82 86 36 121 4 99 109 
178 88 58 6 79 29 42 123 
155 23 156 40 70 100 87 92 
103 19 102 25 90 181 95 56 
177 93 150 132 199 110 28 74 
32 85 115 200 172 77 39 183 
113 78 180 176 191 128 165 34 188 198 
48 134 197 91 157 1 137 53 
190 144 186 184 76 138 15 107 
45 27 10 46 126 71 162 189 149 
57 118 75 112 168 130 64 142 
41 44 18 151 194 145 179 111 
104 161 38 11 2 81 17 158 
120 12 124 7 9 105 59 63 
133 166 84 125 98 67 49 
148 65 175 33 37 140 187 
62 116 193 47 16 52 
170 30 152 146 43 106 136 
60 135 54 127 169 96 
114 131 143 24 14 117 
101 164 160 196 68 89 195 
21 3 8 185 61 139 
20 26 50 97 69 72 
159 119 192 153 122 167 
73 171 129 13 
182 80 163 
55 83 35 22 
147 173 141 

