131 144 184 151 70 139 162 39 56 
45 41 152 146 112 7 1 74 198 
155 113 84 176 191 122 87 92 63 
3 50 75 90 157 137 111 
161 83 129 97 138 187 49 107 
60 58 186 127 145 29 179 109 149 
82 10 156 163 64 34 95 158 
32 164 147 47 2 33 165 99 123 
66 135 192 76 96 181 117 108 
5 18 166 132 71 105 42 59 
178 85 86 124 141 61 77 17 183 
177 119 46 126 106 121 189 
21 114 88 185 9 81 142 53 
120 134 26 43 153 169 110 28 
171 12 143 37 100 188 
133 57 180 36 128 4 52 
101 78 193 13 69 200 136 
55 170 80 25 98 140 15 
118 190 175 24 194 89 130 
116 44 150 94 51 174 
23 160 31 172 14 195 
73 48 40 196 199 72 
30 27 197 91 6 167 67 
20 62 38 22 16 
104 159 35 168 79 
148 182 154 68 
93 19 102 11 125 
103 65 173 115 
54 8 

