20 41 44 115 61 29 123 
155 177 88 186 132 127 92 74 149 
171 65 11 196 76 90 67 56 
48 182 31 184 199 89 
101 173 84 126 71 181 
45 30 180 122 106 121 15 
55 27 40 94 174 64 109 183 
178 10 160 141 72 99 53 
32 147 193 43 4 142 107 
5 150 8 22 16 130 179 158 
73 66 85 97 172 139 110 42 
21 134 26 168 69 200 34 63 
114 93 119 191 36 7 117 108 
133 19 102 86 96 195 39 
60 12 163 194 100 1 
113 116 175 47 91 33 49 59 198 
120 170 124 25 81 140 95 
131 62 135 6 125 165 
3 75 185 151 98 157 
23 50 129 24 70 136 17 
118 83 166 54 79 87 52 
82 58 13 2 77 162 28 
159 38 80 112 153 9 189 
144 192 152 154 68 37 105 
161 78 143 128 167 187 
103 197 156 146 51 188 
190 57 18 35 14 
148 164 46 176 169 138 137 111 
104 145 

