21 175 166 151 29 15 42 59 198 
82 135 22 127 165 34 95 39 107 
133 62 54 14 200 188 108 56 
93 88 154 125 106 67 99 111 63 
164 197 11 128 122 77 110 162 149 
32 150 196 153 79 87 52 74 
66 85 129 47 6 90 9 1 137 183 
48 44 35 40 98 140 187 49 
120 38 18 146 33 121 179 109 
171 103 160 94 69 139 64 92 
45 178 12 173 141 51 130 28 
116 190 13 185 7 157 138 158 
155 148 176 46 36 167 72 53 
118 26 191 4 100 17 123 
131 57 119 97 168 145 105 189 
20 19 182 156 112 169 89 117 
114 159 193 43 70 195 142 
101 177 192 31 76 174 136 
30 170 124 25 2 181 
23 147 194 37 81 
5 83 180 199 132 16 
73 113 58 126 172 96 
144 78 10 84 61 
55 27 80 91 71 
161 3 102 68 24 
134 41 152 186 
50 65 86 115 
104 60 143 184 
75 163 
8 

