48 10 143 127 100 187 142 111 56 
113 119 147 115 70 67 15 123 149 
148 197 12 176 122 167 165 188 108 
120 19 135 58 33 121 179 109 59 198 
82 182 153 61 90 110 162 107 
161 104 192 11 200 139 17 74 
118 5 83 84 172 77 87 28 63 
30 178 160 86 69 81 99 53 183 
134 152 156 31 194 145 130 92 
103 173 175 125 71 9 34 95 158 
45 101 166 8 132 89 64 42 
23 65 124 91 72 138 137 
21 85 146 97 151 195 39 
133 73 129 196 68 169 29 52 
3 78 47 43 105 117 49 
55 44 38 22 16 7 189 
32 164 35 184 199 37 157 
170 193 6 24 51 174 136 
116 114 150 40 14 140 
66 18 185 168 79 1 
155 26 80 46 36 181 
144 60 102 126 76 96 
41 159 88 54 186 98 
131 177 154 25 4 
62 57 13 141 94 
20 27 50 75 163 
190 93 112 106 
171 180 128 2 
191 

