170 18 186 97 169 130 105 28 56 
20 144 180 2 7 81 108 
48 41 11 35 71 100 179 92 
120 21 86 25 172 96 17 
62 12 175 112 145 79 188 183 
116 82 143 36 91 174 136 
161 38 124 141 69 77 49 63 
93 135 102 22 52 198 
57 78 58 125 117 158 
155 83 31 163 37 140 123 
104 147 43 127 99 42 
3 119 8 61 167 162 
178 85 166 146 168 87 142 111 
30 134 182 46 106 121 67 
113 10 156 68 90 157 109 
32 54 126 70 139 
73 118 193 14 16 34 39 
101 60 84 128 138 187 
23 80 154 185 132 64 
171 115 47 181 53 
44 75 24 151 89 137 
159 19 13 
148 66 65 51 1 74 
131 26 192 191 33 9 165 
45 190 160 94 200 195 
133 88 150 122 4 72 95 107 
164 103 153 194 98 189 
5 197 129 6 110 
114 55 152 184 76 29 15 59 149 
177 27 173 199 
50 196 40 
176 

