159 26 185 14 72 95 149 
133 143 163 168 142 109 56 
114 177 141 122 51 15 74 
55 135 58 186 43 4 165 108 198 
32 12 75 169 61 100 52 
48 10 154 172 7 187 49 
20 85 180 126 200 136 162 107 
30 65 160 132 121 28 
170 134 27 196 24 79 105 189 
93 83 84 22 90 138 
118 155 11 69 76 77 110 
113 147 80 115 71 81 
131 18 176 46 2 9 
66 21 102 6 130 1 99 
73 3 8 54 127 96 
178 23 182 47 70 139 
101 173 146 97 33 167 117 
5 38 35 68 89 195 183 
116 148 124 153 151 140 188 53 
57 156 42 123 
41 19 191 25 64 137 39 63 
45 50 112 31 194 145 92 59 
60 82 175 13 199 98 181 
144 119 78 150 106 34 179 111 
120 88 40 91 174 17 158 
103 197 166 184 37 16 157 
164 192 152 125 29 87 
171 129 86 94 67 
190 44 193 128 36 
62 104 
161 

