113 147 129 176 172 167 189 149 
131 135 86 195 67 137 111 56 
118 60 119 43 69 200 64 179 63 
21 50 152 68 153 14 29 42 28 74 
170 8 185 168 87 138 183 107 
148 171 160 169 194 157 123 198 
133 26 46 191 2 139 15 39 
155 83 38 150 7 96 99 158 
114 18 54 35 6 105 162 109 
45 180 40 25 9 34 95 
41 120 27 80 76 79 1 59 
66 10 143 24 71 81 117 49 
62 55 58 186 127 33 121 17 108 
23 156 75 196 97 145 130 92 
134 85 31 22 151 89 142 
48 19 175 11 126 4 72 188 
32 102 154 36 106 187 53 
73 93 47 141 70 110 136 
177 197 124 115 94 174 
20 193 163 100 77 52 
161 104 84 125 132 165 
5 78 13 146 199 37 181 
178 166 192 112 140 
144 116 184 128 90 
30 190 173 91 61 
159 3 88 122 51 
101 57 16 98 
103 164 12 
82 44 
182 
65 

