30 161 43 132 90 67 108 107 
120 82 196 16 64 137 149 
131 19 50 156 76 14 136 123 
93 80 115 98 140 109 
148 197 150 126 89 138 158 
118 57 54 46 4 87 42 56 
144 104 166 47 91 110 28 92 198 
60 192 154 194 145 195 142 
55 152 191 61 100 15 63 
178 66 65 199 29 187 
20 44 160 24 200 1 189 
177 26 146 172 70 139 95 
62 5 173 71 9 96 99 
101 135 84 128 79 162 179 74 
73 78 102 184 7 72 165 49 
41 27 86 37 77 52 59 
159 75 40 125 167 117 183 
116 119 58 8 122 174 111 
164 147 193 143 106 2 17 188 39 
3 88 18 94 51 130 53 
170 103 31 163 169 34 
45 113 180 186 151 81 
48 134 129 13 36 105 
32 83 6 25 157 
155 85 12 124 168 181 
23 38 35 97 121 
171 112 141 69 
21 133 175 185 127 
190 10 11 68 33 
114 182 22 153 
176 

