48 114 88 54 185 127 81 15 
131 120 124 33 51 174 136 107 
57 60 166 25 69 100 74 158 
178 30 180 24 172 77 110 189 
66 190 102 68 151 187 157 123 198 
148 27 156 43 2 105 52 92 
3 177 38 22 184 165 42 111 
5 104 46 191 125 1 179 59 
118 85 35 79 29 138 49 
164 23 182 94 90 99 53 183 56 
113 101 84 193 176 16 130 108 
55 170 192 146 194 195 28 142 63 
133 161 58 8 37 96 137 109 149 
32 78 40 112 61 67 162 
21 26 152 186 132 98 181 95 
73 171 197 141 168 169 87 
62 83 129 13 9 140 117 
45 39 
103 147 75 163 145 139 17 
134 10 115 122 72 188 
155 159 135 150 199 121 34 
19 80 160 36 106 167 
116 12 86 153 97 14 89 
144 93 31 196 7 64 
20 82 143 11 76 
41 50 154 47 91 70 
18 173 126 4 
119 175 6 71 
44 65 128 
200 

