170 8 154 76 100 39 59 149 
103 26 40 24 122 165 179 109 107 
21 119 196 169 16 140 15 74 198 
55 78 11 31 90 96 87 42 123 
45 178 124 6 153 138 187 111 183 56 
62 131 152 173 126 4 167 34 95 108 
118 93 86 115 174 110 17 63 
171 27 163 25 200 162 53 
177 88 84 46 121 81 137 49 
148 41 192 112 97 52 105 92 
133 120 166 185 61 72 188 158 
101 197 65 47 9 181 28 
104 50 186 199 37 1 142 
114 3 143 68 14 67 189 
23 44 102 141 94 64 99 
113 38 175 176 36 139 136 
73 85 12 160 91 70 77 117 
32 182 43 172 195 
48 30 19 13 2 33 157 
190 10 18 35 71 7 
5 60 180 191 79 145 130 
144 134 156 168 194 89 29 
116 161 184 127 132 98 
155 66 147 129 128 106 
82 83 58 22 151 
57 135 193 125 51 
159 80 146 69 
20 164 54 
150 75 

