62 44 166 163 79 52 109 74 198 
23 170 152 13 37 7 187 
135 181 
3 83 126 6 105 95 158 
159 173 80 11 76 34 59 149 
134 171 141 128 4 72 17 
73 103 85 146 199 98 179 
155 116 22 61 67 64 188 
5 182 154 91 121 49 
161 129 86 115 174 92 42 56 
178 19 38 35 2 81 130 
12 10 196 14 96 15 142 
32 197 193 68 100 99 
20 93 184 97 106 167 107 
30 180 46 36 132 157 138 
131 148 40 151 145 87 123 63 
133 120 143 69 51 136 189 53 
104 78 8 186 71 9 1 
113 45 147 43 172 169 165 39 
114 101 31 112 168 195 162 108 
48 144 18 25 200 117 111 
66 41 124 153 89 77 137 
82 156 47 16 140 
164 84 176 24 139 110 28 183 
118 57 119 150 122 29 
21 26 54 185 90 
55 177 160 94 70 
60 27 102 125 
190 192 75 194 
50 65 33 
88 175 191 
58 127 

