159 120 152 11 16 187 59 123 
161 114 38 58 199 72 188 95 63 
57 27 102 196 106 167 34 
104 144 35 91 14 117 74 
118 32 65 43 96 130 15 
101 83 192 184 61 136 189 
20 41 80 143 128 90 179 137 111 
131 3 84 191 125 9 108 
171 197 8 98 157 181 17 198 
134 21 54 127 71 110 42 
62 93 119 150 68 67 64 109 
48 164 173 40 97 79 105 
23 160 146 126 140 
113 147 180 76 145 195 56 
155 18 88 112 172 174 
66 193 31 25 77 89 
177 156 22 194 29 28 53 
133 44 26 75 163 168 162 158 
45 190 124 47 33 121 39 149 
148 85 154 153 200 100 138 183 
116 78 10 176 36 70 1 142 
55 135 115 24 165 99 49 
73 60 141 94 51 87 107 
178 12 50 185 37 52 
170 19 166 6 139 81 92 
5 175 151 7 
82 129 86 122 
30 103 13 46 4 
182 186 132 169 
69 2 

