144 48 50 31 106 165 158 
66 85 115 69 139 187 142 
118 177 88 22 2 90 28 53 
20 178 185 6 1 67 109 
134 23 152 36 37 130 
62 19 10 193 91 89 42 56 
55 3 54 194 16 140 138 
114 150 40 97 71 72 49 
113 27 80 129 125 33 99 
116 102 196 46 9 105 123 
60 119 8 199 70 136 
73 12 13 154 24 121 
170 166 176 132 189 
131 5 156 163 174 107 
190 160 47 153 172 59 183 63 
103 148 173 94 61 74 
180 186 128 111 
32 197 143 151 167 95 
133 18 192 68 81 117 
82 175 86 51 195 
45 78 38 191 96 179 
57 161 184 126 122 87 149 
41 182 75 11 98 157 
171 135 168 200 110 162 
159 120 141 79 169 64 17 
21 58 43 7 52 
30 65 25 14 100 34 188 
155 104 146 127 4 137 
164 147 124 112 29 181 108 
93 101 83 35 76 145 15 39 198 
44 26 77 92 
84 

