113 159 75 127 98 92 107 
116 170 182 163 172 77 67 137 
131 38 91 51 72 123 63 
55 160 153 69 138 95 158 
164 119 8 33 195 52 149 
161 84 143 176 36 81 130 28 198 
120 88 22 186 7 181 1 53 
48 19 13 24 168 100 110 179 
93 180 10 11 6 70 64 15 74 
178 65 197 31 169 140 59 109 
21 85 54 126 4 17 39 
66 147 86 154 151 9 183 111 
133 118 102 68 89 139 
114 18 175 191 106 34 136 
190 173 166 35 37 167 165 
62 27 26 150 122 105 42 
45 30 141 94 2 87 
73 78 146 196 43 96 99 
57 104 135 184 185 132 187 162 
144 23 80 25 61 174 189 108 
177 12 129 194 29 188 
103 83 79 16 157 142 
41 44 50 156 199 90 117 49 56 
20 148 152 40 97 200 
155 134 192 112 145 14 
32 58 46 128 121 
101 60 193 125 76 
3 115 47 71 
5 82 124 
171 

