93 159 38 163 194 16 181 111 56 
155 26 124 141 94 167 17 108 
3 18 75 112 200 15 183 
120 197 175 11 71 72 188 
45 10 150 132 127 117 39 74 
177 86 168 79 67 189 
171 19 152 14 1 138 59 123 
178 170 192 8 33 64 179 
30 101 54 22 100 139 
164 65 156 69 195 198 
144 134 50 196 9 
104 193 13 24 37 130 
32 83 46 125 4 90 136 
21 23 186 126 122 105 
62 27 160 47 25 76 174 
48 182 40 146 153 
161 147 115 169 162 158 107 
131 135 180 184 151 109 149 
103 58 154 2 77 49 
82 57 143 191 98 7 53 
73 190 102 185 157 187 42 
116 44 80 6 172 96 28 137 
60 12 97 68 121 34 142 
113 20 173 166 36 106 81 99 
55 114 84 128 140 52 92 
133 85 129 31 61 89 29 87 
41 5 176 91 51 110 95 63 
148 119 35 43 70 
118 78 199 145 165 
66 88 

