101 38 84 151 29 109 183 
148 10 35 24 110 179 59 123 198 
30 41 80 13 97 37 117 158 107 
21 50 196 163 122 139 189 
118 155 40 31 25 130 17 95 56 
164 178 192 146 76 16 157 187 49 
131 55 180 70 100 137 63 
62 23 126 125 89 105 15 
66 44 176 61 145 87 28 
103 58 54 4 167 138 
120 182 166 199 132 7 181 
113 134 124 43 64 136 108 
48 135 150 22 68 14 1 
171 147 160 86 115 9 42 
177 19 156 112 106 67 99 
82 5 193 91 71 90 188 111 
57 104 88 8 185 127 92 39 149 
170 26 173 154 69 51 174 162 74 
144 65 128 36 33 121 34 53 
161 159 102 153 79 96 52 142 
60 119 75 2 81 
32 18 168 77 165 
73 27 78 175 191 98 
116 190 46 6 172 195 
45 197 12 129 11 200 
3 114 143 194 
20 85 152 186 169 140 
133 93 47 141 72 
83 184 94 

