20 114 88 54 132 139 162 39 
57 10 192 33 100 34 95 158 
3 160 46 70 130 108 56 
104 50 152 71 174 42 123 
66 148 12 129 2 145 17 59 149 
133 73 13 154 24 96 81 99 183 63 
118 182 115 29 87 179 107 
155 103 173 146 153 169 138 28 198 
113 23 94 61 157 49 111 
62 164 166 35 37 9 52 92 
190 93 11 25 77 90 67 53 
55 60 193 43 14 195 105 109 
5 78 176 68 98 165 74 
48 32 65 31 16 1 142 
170 21 19 196 40 89 64 136 189 
41 159 38 194 110 15 137 
134 180 185 151 140 181 117 
131 27 44 102 112 121 72 188 
45 178 83 84 127 7 187 
161 177 18 184 4 106 167 
101 135 58 8 6 122 
30 147 197 47 91 51 
120 26 85 80 141 172 
116 171 124 86 168 79 
144 119 150 22 186 
82 175 156 97 
75 163 199 
143 191 125 200 
126 128 
69 76 
36 

