48 32 125 96 29 87 183 
164 197 196 70 7 181 117 49 
120 170 80 141 6 64 162 42 107 
20 26 152 150 4 165 138 74 198 
155 82 192 127 110 95 149 
144 178 50 156 25 122 105 92 
5 190 112 68 14 89 130 39 
133 19 75 13 77 90 67 111 
171 83 132 199 16 140 15 
116 104 54 35 71 139 34 108 63 
134 21 129 115 94 51 17 59 56 
118 180 8 172 157 99 53 
62 44 102 84 46 128 121 1 142 
60 18 40 153 37 187 123 
55 160 86 36 174 136 
103 12 166 2 200 179 188 158 
148 135 154 97 79 195 52 
66 88 91 61 100 28 109 
45 27 65 124 69 169 189 
57 10 143 31 76 81 137 
3 85 168 194 167 
159 78 193 151 72 
93 147 11 184 145 
113 119 38 58 126 33 
41 131 146 185 98 9 
30 177 176 191 106 
101 161 175 163 
73 23 182 43 
114 173 47 24 
22 186 

