103 26 156 31 25 100 162 109 123 
113 93 166 143 125 121 181 117 49 
45 164 160 86 94 2 138 188 108 
32 27 75 169 89 96 105 28 59 
155 120 38 68 127 7 17 111 56 
73 83 180 193 128 106 139 95 39 107 
116 171 192 40 153 110 64 53 63 
144 23 112 126 4 67 74 149 
55 10 124 141 79 29 87 42 
104 88 173 154 14 195 15 137 198 
41 12 85 11 168 77 142 183 
30 131 102 35 185 199 81 187 158 
114 159 18 46 36 9 1 
133 148 175 43 122 70 179 99 
190 177 13 33 167 165 189 
57 60 146 97 16 98 157 
5 152 22 76 37 130 92 
178 20 119 24 61 172 136 
82 150 54 194 145 52 
48 62 50 196 6 72 34 
118 19 184 186 71 140 
21 44 176 191 200 174 
66 170 182 132 90 
101 161 58 47 69 51 
134 197 129 115 
147 65 91 151 
3 78 84 
135 80 163 
8 

