55 120 193 43 4 167 17 183 
101 116 12 11 200 72 165 109 
164 166 102 185 37 28 108 107 
190 83 10 31 6 122 138 142 149 
161 75 115 121 1 74 
20 134 50 13 90 89 87 123 63 
23 147 35 7 140 117 49 
159 119 175 168 81 130 53 
104 135 191 25 174 99 
103 27 152 76 172 96 15 92 
45 133 44 156 163 79 195 137 
118 38 8 126 77 105 42 
144 180 160 47 91 51 188 
177 154 127 132 9 34 111 
66 41 40 146 125 136 189 
113 48 85 86 94 70 67 95 158 
82 60 84 143 176 36 162 59 56 
93 5 58 186 145 179 
171 26 2 169 29 52 
170 30 80 196 68 139 64 39 
131 197 173 153 14 110 187 198 
3 150 97 69 157 
155 148 184 199 151 16 181 
21 65 124 141 61 100 
57 78 54 22 98 
73 114 88 71 33 
178 62 19 192 24 106 
32 129 112 194 
182 46 128 
18 

