57 159 25 69 200 165 123 
101 45 85 154 43 89 99 
66 170 75 163 122 90 67 17 
114 197 76 174 87 109 
131 135 10 132 71 110 15 63 
118 82 58 97 169 64 130 108 
23 182 146 13 91 77 105 56 
55 147 124 128 72 188 158 
3 83 11 168 79 52 42 74 
113 44 19 35 68 14 29 189 
60 160 86 2 9 187 142 107 
133 164 191 46 4 181 117 53 149 
73 116 65 31 6 51 136 
41 26 8 194 100 95 
144 119 143 115 70 139 137 
48 32 156 199 1 
30 103 166 33 195 
155 104 80 7 98 157 39 
5 27 150 121 81 162 
148 180 193 36 106 28 
178 134 50 152 153 151 96 
20 190 129 141 61 
78 38 22 24 172 92 183 
21 175 47 125 167 138 49 
177 161 18 184 127 16 34 111 
171 84 176 126 140 179 59 198 
12 102 192 196 145 
120 62 54 40 37 
93 88 185 186 
173 112 94 

