93 44 141 47 145 92 123 
178 38 163 98 167 165 53 
23 182 186 33 195 52 74 198 
148 147 102 37 87 105 49 
57 60 119 151 2 81 95 108 
114 134 154 11 6 90 64 42 
20 45 75 97 194 110 34 111 
155 27 83 176 69 29 28 
116 12 192 156 168 172 1 17 
41 197 173 40 24 187 117 183 56 
190 129 13 91 61 96 138 39 
170 19 143 128 125 4 72 188 63 
118 144 46 185 132 7 157 
3 26 112 94 51 174 162 107 
133 32 124 31 25 100 130 15 
73 78 175 193 191 121 181 99 
120 159 150 54 139 77 179 189 
161 50 152 68 76 67 109 59 149 
113 55 84 35 126 71 9 137 
177 88 166 127 14 89 158 
48 30 10 115 200 136 
66 103 85 22 199 140 142 
101 5 58 43 16 
131 164 8 79 
62 82 86 70 122 
171 65 160 196 106 
104 135 18 146 153 169 
21 80 36 
180 184 

