28 196 142 179 89 9 147 54 195 156 79 4 
171 63 173 60 30 108 133 32 73 187 34 157 111 176 114 68 52 
94 104 64 198 164 57 169 113 131 149 152 129 
99 70 162 46 137 174 123 121 124 88 17 82 117 66 
67 132 10 153 59 86 93 118 182 45 77 33 13 12 50 16 61 72 122 24 92 49 160 105 
167 40 119 38 166 102 98 76 8 78 134 22 191 150 43 163 87 58 
200 41 65 183 15 155 175 19 62 36 
177 69 151 97 31 181 172 75 168 154 21 51 
178 39 140 26 115 18 192 84 27 53 56 185 180 37 55 85 135 1 7 170 165 
110 6 29 128 126 90 25 146 83 
107 116 35 3 199 189 47 194 20 193 5 190 80 158 101 91 161 197 44 23 11 
144 42 2 143 138 139 96 103 141 74 100 81 130 112 120 125 109 95 
136 188 184 148 48 145 71 127 106 159 186 14 
