166 169 
104 142 198 94 65 162 33 128 90 50 72 69 21 106 95 36 
28 10 6 38 70 35 191 27 103 97 163 147 79 11 
40 153 102 143 187 47 32 89 71 85 125 
118 126 9 109 129 
144 138 177 145 185 24 135 
196 148 30 189 22 53 141 112 120 176 
39 182 76 192 175 1 
167 41 82 
136 171 59 13 12 17 44 
93 29 45 31 160 157 
42 18 57 20 92 154 
178 63 107 119 98 8 48 134 61 43 62 5 181 161 101 197 170 159 83 23 
67 110 200 174 2 46 77 133 155 56 117 55 149 66 34 
173 108 84 146 81 
183 3 73 16 127 74 172 195 152 68 
116 190 80 91 
188 184 115 60 131 25 193 179 122 19 194 49 124 168 14 
132 64 15 199 96 151 186 130 165 58 51 
137 150 100 87 
121 158 75 156 105 
164 86 99 140 26 78 113 139 180 37 123 54 7 88 4 111 52 114 

