142 39 183 140 5 91 149 23 
132 104 164 138 45 187 12 151 19 49 160 130 197 58 111 52 
40 115 70 182 15 89 103 31 172 161 101 79 159 
99 162 26 128 177 72 62 122 127 81 85 168 170 4 
198 86 166 35 30 13 175 61 139 37 147 125 21 152 114 
28 153 119 65 131 145 47 155 71 194 146 190 112 88 135 
196 178 6 59 93 18 8 169 192 191 193 24 92 100 163 17 195 154 157 34 129 
137 63 173 38 98 77 126 133 16 43 9 97 181 54 120 83 14 
188 10 110 148 118 76 199 189 25 50 96 69 180 121 117 44 1 
136 42 107 41 174 143 60 134 84 150 53 186 
67 167 2 116 3 48 73 32 80 158 82 95 176 
33 156 105 
144 200 102 46 57 78 27 56 185 74 124 55 109 11 51 68 
64 171 184 94 29 113 108 22 90 20 179 141 123 87 75 7 165 106 66 36 

