196 167 171 200 70 26 46 57 177 73 133 150 56 97 31 181 161 55 159 14 
28 67 63 39 174 166 138 113 30 47 175 61 89 9 141 49 130 147 168 154 21 58 66 
10 110 65 98 187 77 13 169 84 50 139 71 127 190 160 112 120 79 106 157 34 
144 64 137 173 148 29 143 3 199 48 25 27 53 74 100 123 85 88 156 165 23 129 
162 126 131 90 103 186 87 54 91 109 149 
107 183 22 146 197 52 68 
178 115 118 15 108 145 155 62 124 163 195 44 
104 198 99 35 18 192 32 20 117 17 75 83 114 
153 59 184 182 116 60 134 43 185 24 37 81 7 135 170 4 11 105 
40 142 119 41 140 8 72 151 19 5 172 51 
136 42 6 94 38 102 76 78 128 189 193 179 69 194 80 158 82 125 1 95 176 
188 132 164 86 93 2 45 33 12 191 16 96 122 180 92 121 101 152 111 36 

