67 40 119 38 70 35 187 3 134 16 155 193 62 123 101 91 109 106 159 66 176 68 
110 59 76 15 13 27 72 5 194 160 121 55 197 79 4 58 
136 142 10 8 128 12 61 151 141 24 100 81 125 95 157 34 
188 57 50 185 74 36 
196 64 107 41 183 138 78 30 169 133 53 56 180 146 190 158 82 7 135 51 111 
28 171 153 174 166 140 26 175 89 122 9 14 
178 98 18 130 
25 117 
39 164 99 29 162 108 145 150 103 19 172 54 195 168 165 83 129 
198 184 102 46 45 84 20 31 124 112 52 
167 42 6 65 2 143 33 48 47 32 96 139 97 186 161 163 17 149 23 105 114 
104 137 86 93 118 182 116 126 199 192 43 71 127 92 181 147 85 170 154 11 
132 63 200 173 115 60 113 131 73 90 69 37 49 87 75 156 44 21 
144 94 148 77 177 189 22 191 179 80 120 88 1 152 

