136 67 171 59 166 35 45 3 189 47 84 53 97 19 181 54 147 154 165 58 
41 126 177 73 16 69 127 163 159 
78 60 185 180 37 160 112 120 1 
188 142 102 162 143 48 191 50 62 5 74 135 106 176 
144 110 107 164 70 2 138 15 131 169 192 89 56 141 123 87 125 4 11 157 129 68 
167 153 38 65 140 128 133 25 61 179 80 158 149 83 34 
148 115 22 72 
178 104 99 118 199 24 31 88 66 14 
145 27 
42 40 182 18 12 108 32 155 190 117 55 195 111 114 
30 49 161 82 85 21 36 
28 63 174 93 76 90 193 151 9 172 121 7 168 79 51 23 
196 200 98 116 43 100 81 75 109 152 
132 198 173 94 183 26 187 113 96 71 103 92 101 197 170 
10 6 29 57 33 13 122 124 95 52 
39 8 175 150 139 146 186 130 44 105 
137 184 77 
64 119 46 134 194 91 156 
86 20 17 

