104 40 200 182 45 3 108 192 43 62 124 17 125 11 52 129 
86 148 162 18 60 134 73 53 71 186 160 101 197 4 66 
126 128 84 155 139 181 163 75 88 83 
196 64 6 93 29 2 143 15 145 32 16 151 69 19 100 158 112 21 58 23 14 176 114 
178 67 107 173 115 76 57 13 189 25 193 179 141 31 117 54 165 159 95 68 
28 144 142 184 94 99 70 138 177 12 133 96 72 9 24 74 81 55 85 7 111 
132 171 63 119 41 118 199 22 47 185 180 37 161 80 82 156 79 
137 153 164 183 131 61 103 5 146 87 120 168 170 
136 42 59 166 65 35 116 8 78 169 90 20 122 97 49 123 121 91 44 154 51 36 105 
167 39 198 174 102 140 46 187 113 30 191 150 27 56 194 190 172 147 109 149 1 
188 10 110 38 98 26 77 33 48 175 50 89 127 92 130 195 135 106 157 34 
152 

