28 167 110 6 184 65 2 126 128 169 84 150 89 179 9 5 80 54 101 91 7 135 95 105 
178 142 107 198 174 70 162 138 143 30 189 90 50 139 180 181 158 147 125 1 23 66 52 
188 132 137 59 183 35 18 177 131 192 193 20 62 24 74 81 55 85 197 79 4 11 14 68 
104 10 153 119 38 166 116 77 48 145 47 155 53 185 194 172 163 17 156 154 58 111 157 34 176 114 
144 63 39 148 29 45 187 13 108 133 73 32 61 103 122 186 121 120 44 170 165 129 36 
67 64 173 94 41 140 46 8 3 134 22 191 27 56 69 97 190 161 82 109 21 159 83 
136 42 171 164 86 93 26 57 60 25 175 43 151 141 37 160 87 195 168 149 152 
196 40 200 115 102 98 76 78 199 12 16 96 71 127 146 92 49 130 112 88 51 
99 118 182 15 33 72 31 100 117 75 106 
113 19 123 124 

