67 171 6 184 183 140 26 18 187 134 192 150 89 151 180 37 121 124 55 85 75 154 4 159 83 176 
64 137 39 148 65 2 116 3 48 32 43 53 141 194 161 54 120 7 165 152 95 105 68 
42 110 63 119 41 70 162 15 131 12 90 193 62 185 181 49 117 101 195 156 79 11 23 14 
104 142 173 164 93 118 143 33 30 22 191 61 179 122 97 186 87 82 17 170 149 111 157 34 114 
178 167 10 59 166 115 46 77 128 145 25 175 56 9 146 123 130 112 44 106 58 66 129 
188 40 198 86 29 45 126 199 84 27 20 127 92 190 80 158 91 168 135 1 52 36 
132 107 200 38 99 35 8 57 177 47 16 50 96 139 5 100 81 163 88 109 51 
136 144 153 94 174 182 76 78 189 133 155 72 71 24 160 147 125 21 
196 28 102 138 60 13 169 73 69 19 31 172 197 
98 113 108 103 74 

