28 40 173 183 115 140 26 73 27 151 5 74 49 87 75 195 66 
132 63 164 94 93 138 116 78 134 133 32 193 139 141 146 80 101 168 154 135 152 95 
42 171 184 174 118 76 128 47 96 89 24 100 121 54 125 21 159 23 
137 198 86 65 162 57 30 192 150 61 62 127 190 158 112 79 58 51 157 34 
136 107 200 59 29 8 15 131 169 191 20 180 92 117 163 17 7 149 1 111 52 
188 10 39 41 99 70 143 77 33 145 25 175 179 103 31 172 124 82 88 170 165 83 36 105 
113 84 85 
196 64 6 148 2 46 126 48 108 50 53 56 185 194 81 55 109 11 129 
167 178 142 119 38 182 45 187 3 199 189 155 43 9 122 37 123 160 120 68 
67 104 35 13 12 16 72 69 19 181 130 156 14 176 114 
144 110 153 166 102 98 18 60 177 22 90 71 97 186 161 147 91 197 44 106 4 

