178 40 110 184 94 115 8 15 3 84 50 179 180 74 161 54 125 44 11 83 14 36 114 
64 171 107 119 2 45 177 48 25 175 20 139 92 123 124 87 91 197 149 95 105 176 68 
67 137 198 164 174 118 98 57 78 12 16 193 62 5 31 160 120 168 79 21 51 52 
196 10 63 173 183 65 35 76 113 189 32 27 56 69 100 80 101 156 154 4 58 66 34 
144 42 39 200 41 182 46 187 128 145 61 72 71 103 37 117 147 17 88 170 165 111 157 
188 142 153 59 86 140 138 126 13 30 22 191 150 89 127 194 190 186 163 55 85 135 1 159 23 
132 104 6 166 26 18 60 131 134 133 53 185 97 181 172 121 112 7 106 129 
136 28 38 99 93 143 33 169 47 155 96 141 24 49 130 82 195 152 
167 148 29 70 162 116 108 192 43 151 122 9 146 81 158 75 109 
102 77 199 73 90 19 

