196 167 153 94 93 162 116 187 145 73 16 43 19 100 186 161 147 195 197 1 111 66 105 68 
188 110 200 119 166 118 76 60 13 25 90 72 139 141 194 80 112 120 7 165 149 83 176 114 
132 107 39 38 174 115 26 18 128 199 191 27 69 74 123 160 82 55 168 154 152 157 36 
61 101 
104 171 63 148 99 70 46 126 134 169 32 89 71 24 49 81 163 75 79 44 106 159 14 
136 142 10 173 29 2 138 57 33 12 47 150 53 122 146 121 117 125 135 21 58 52 
144 67 137 164 102 182 45 77 131 108 133 193 20 9 97 31 181 130 91 156 4 11 23 129 
28 64 59 183 140 143 3 177 22 175 56 127 92 172 54 17 88 51 95 34 
178 42 6 184 86 65 35 15 78 30 192 50 96 62 190 158 85 109 
40 198 41 98 8 48 189 84 179 103 5 87 124 170 
113 155 151 185 180 37 

