188 40 39 164 12 73 32 27 87 55 7 154 51 23 83 
104 64 63 119 94 70 162 77 187 134 22 122 9 74 49 117 82 88 168 21 111 176 
144 76 126 177 186 158 112 44 95 
28 167 198 200 183 65 138 8 113 89 56 31 161 101 147 195 156 149 152 105 
196 136 142 173 102 78 199 25 103 146 163 159 
132 10 29 143 128 48 175 50 96 127 5 190 79 4 114 
41 169 179 
133 24 181 81 
141 1 
178 174 166 98 18 15 108 150 151 62 19 130 75 66 34 
59 182 46 57 60 53 172 121 
171 137 115 35 16 193 185 123 109 129 
93 2 85 
6 38 99 26 116 30 192 155 20 139 194 100 17 135 157 68 
86 148 13 145 191 43 37 80 
42 67 110 184 140 3 131 84 61 69 180 92 160 124 91 197 170 165 11 36 
107 153 118 45 33 189 47 90 72 71 97 54 120 125 106 58 52 14 

