119 38 162 46 57 113 48 47 175 61 179 5 194 51 
35 18 33 108 191 
185 125 
67 137 94 182 60 189 20 103 19 181 91 165 11 34 
177 53 
63 122 146 160 130 
107 153 148 133 96 72 62 75 58 
196 42 98 78 73 43 120 83 
167 40 10 59 99 115 116 8 12 25 193 69 127 123 121 17 109 106 23 68 
144 64 164 166 29 187 30 16 84 56 97 24 190 87 197 156 149 
178 110 6 174 93 155 71 100 82 
136 86 70 151 180 154 4 
132 104 2 45 134 50 81 124 55 85 170 1 159 114 
143 126 145 27 172 161 195 168 79 129 
3 9 186 112 
142 198 183 65 138 128 199 192 89 139 31 158 54 147 44 152 111 157 176 
188 39 173 41 102 140 26 77 13 169 22 150 92 37 117 101 135 21 95 52 105 
28 171 200 184 118 76 15 131 32 90 141 74 49 80 163 7 88 66 14 36 

