67 10 137 164 115 35 76 60 30 133 192 50 96 146 172 121 112 125 149 4 129 
132 171 63 94 86 118 46 143 128 108 32 27 43 151 97 194 186 158 17 156 58 152 95 36 
28 196 107 173 41 29 116 15 126 13 84 61 72 141 24 92 160 55 82 135 106 105 114 
178 144 110 119 166 102 26 187 77 169 25 53 56 74 80 163 147 44 170 51 34 
167 64 153 59 182 57 33 22 191 16 20 71 127 5 190 87 101 91 21 52 
136 104 6 148 99 70 138 12 73 150 89 179 62 180 161 75 88 79 165 
188 93 2 177 139 185 31 117 157 
40 142 200 174 140 98 45 131 134 47 193 69 19 100 124 195 197 154 111 66 14 68 
39 38 183 65 18 3 199 48 145 175 103 37 123 54 85 7 109 159 83 
42 198 184 162 8 78 113 189 90 155 9 122 181 49 130 120 168 1 11 23 176 
81 

