178 39 63 200 29 162 48 169 192 84 127 180 55 120 4 66 52 
107 164 94 140 199 189 73 150 62 185 190 101 147 170 165 21 111 105 68 
59 93 2 8 134 112 85 135 159 
118 79 
119 
136 28 10 86 166 78 191 16 179 92 37 123 117 163 7 152 34 
167 171 198 174 183 138 15 131 50 24 31 160 91 195 156 83 
67 142 99 102 177 12 25 43 69 9 172 17 88 149 58 95 
104 153 38 77 187 47 96 139 5 125 106 51 157 
173 65 76 18 57 113 61 155 20 71 146 81 87 75 1 129 176 
6 35 143 3 30 32 90 56 158 54 
145 22 89 19 
26 53 194 124 
188 110 182 13 133 193 122 74 114 
40 70 49 80 197 44 
98 126 100 
144 132 72 121 
41 148 116 60 128 27 97 181 154 11 23 14 36 
196 64 151 82 
42 137 184 115 46 45 33 108 175 103 141 186 161 130 168 109 

