136 144 39 94 166 70 138 113 12 133 84 62 185 100 161 91 109 1 95 129 34 176 
28 178 10 119 41 183 162 131 169 191 150 43 179 19 194 186 121 82 195 170 23 
188 42 59 38 98 76 187 199 134 27 96 127 146 123 124 120 168 154 66 52 36 
64 40 99 29 18 128 48 25 90 50 89 103 190 87 54 156 21 58 51 114 
115 35 45 57 108 61 56 122 172 55 88 135 106 
132 137 63 200 2 116 8 3 73 193 71 141 92 81 117 163 44 149 152 
110 174 102 140 60 33 32 139 97 31 112 17 79 111 
6 86 93 182 126 177 16 20 9 11 
142 46 77 69 
189 72 180 147 
104 198 192 5 74 160 197 
53 37 159 
49 
67 171 153 173 65 78 13 22 155 130 101 125 157 
164 26 75 
167 196 107 184 148 118 143 15 30 145 47 175 151 24 181 80 158 85 7 165 4 83 14 105 68 

