40 183 166 138 143 150 139 5 146 160 82 195 21 36 105 
42 99 118 46 45 131 145 27 151 97 181 112 17 88 149 23 68 
178 196 10 200 174 18 57 60 13 108 73 193 20 24 31 87 147 91 197 135 51 66 114 
144 39 6 148 29 35 113 177 189 179 71 74 100 161 75 125 165 83 14 176 
136 67 63 198 164 115 162 182 199 12 191 19 194 54 120 156 34 
104 137 59 41 26 187 3 134 47 16 69 141 92 172 163 55 85 170 1 111 
167 119 173 86 78 48 133 50 155 122 9 190 124 101 44 4 106 159 52 
132 107 153 38 98 77 128 25 90 61 62 158 58 152 
110 93 70 22 192 84 96 123 80 157 129 
188 64 94 65 2 15 33 169 32 53 103 180 49 168 7 
171 142 140 76 126 72 89 127 37 121 130 154 79 95 
28 184 102 116 8 30 175 43 56 185 186 81 117 109 11 

