178 188 198 184 93 182 76 30 48 175 90 193 20 141 37 123 87 85 135 4 11 157 34 176 114 
196 104 173 200 65 2 143 187 108 192 27 43 179 24 194 186 117 147 170 149 159 14 68 
28 42 63 119 86 98 18 78 134 47 61 155 62 127 181 172 130 197 165 95 23 36 
136 144 110 6 166 70 116 8 128 145 133 50 53 122 19 146 121 82 75 168 1 152 105 
64 137 39 94 29 46 45 3 199 22 191 96 69 92 81 124 55 88 21 106 83 52 
167 107 153 148 162 138 126 189 25 150 56 97 31 161 112 195 109 111 66 129 
142 10 59 99 115 140 26 33 177 16 84 89 103 100 49 158 120 44 58 
132 40 164 174 118 35 15 60 131 169 73 32 139 185 180 190 80 54 17 7 51 
67 171 41 183 102 77 113 13 12 72 151 9 5 160 163 91 156 79 
38 57 71 74 101 125 154 

