136 132 171 63 148 29 65 57 78 177 32 50 193 180 74 80 163 125 149 152 23 14 114 
188 196 137 59 115 26 76 77 33 191 84 43 185 97 121 160 117 91 197 58 157 52 105 176 68 
178 64 10 184 99 46 143 60 22 47 150 56 24 186 161 158 82 7 106 21 95 36 
28 40 142 107 86 93 182 18 3 199 145 25 90 96 179 9 92 123 124 147 156 44 4 51 66 129 
42 110 39 38 166 2 15 126 13 12 133 53 127 19 146 49 87 75 17 170 135 83 34 
67 144 200 41 183 102 98 45 113 131 169 61 155 89 62 141 100 81 130 112 195 168 154 111 
167 6 173 94 118 35 116 30 108 192 20 71 103 37 172 54 85 88 165 11 
104 153 164 174 70 162 8 187 134 73 16 27 151 69 31 181 101 120 109 159 
119 140 138 128 48 189 175 72 139 122 5 194 190 55 79 1 
198 

