167 63 41 148 18 13 131 27 139 179 24 74 117 147 125 170 165 
171 164 166 29 2 78 177 12 47 61 72 122 146 49 160 75 195 21 58 95 34 176 114 
178 28 39 59 65 162 77 187 175 150 151 103 92 186 80 54 197 109 51 23 105 
136 104 198 200 38 46 76 3 134 22 191 53 69 9 5 121 87 91 135 11 
42 10 107 174 182 45 57 60 145 90 193 20 97 19 123 55 85 17 44 159 66 52 
132 137 153 94 138 15 192 84 96 71 31 172 161 149 111 129 
142 40 184 98 26 126 199 32 155 89 141 194 168 4 
144 196 119 173 70 140 8 113 169 73 56 185 37 100 158 101 1 152 14 
188 110 99 183 116 33 30 108 62 127 130 163 88 7 106 157 
67 64 6 93 118 35 128 189 16 50 190 124 112 120 154 83 68 
86 115 102 143 48 133 25 43 180 181 81 82 156 79 36 

