28 110 94 99 29 128 133 191 193 74 190 54 125 111 157 176 
178 167 200 140 143 113 13 22 50 139 103 194 186 87 124 156 170 149 152 129 
136 144 184 148 183 65 15 48 134 32 96 185 97 49 81 55 135 106 36 
196 104 162 77 3 12 84 72 151 69 100 112 91 44 165 14 
67 42 26 18 8 145 189 61 155 31 101 75 109 4 66 
132 142 107 173 86 187 177 30 90 53 127 146 160 161 17 197 58 95 114 
10 164 70 60 33 16 175 122 19 123 121 120 88 83 
39 38 182 78 131 169 47 89 80 163 154 
137 63 126 43 180 158 82 85 51 
119 115 138 27 9 117 168 79 105 
198 2 76 62 130 159 68 
188 40 171 59 174 35 46 150 179 181 147 195 21 1 
153 102 45 57 108 56 24 
93 98 25 20 141 92 7 52 34 
64 6 41 166 118 116 199 73 192 71 5 37 172 11 23 

