178 171 107 173 94 102 35 46 78 131 175 72 20 71 19 194 160 87 7 154 149 157 105 176 68 
28 64 10 86 115 118 182 33 199 145 90 43 151 69 97 181 172 158 85 88 159 95 36 114 
136 42 6 184 148 70 140 76 8 177 108 22 27 96 139 141 186 161 80 147 91 170 165 11 66 129 
188 67 153 38 174 138 15 60 30 189 191 62 179 31 37 121 124 112 109 1 58 52 34 
144 39 200 41 183 29 2 143 126 3 134 32 155 56 146 49 101 195 197 44 21 51 14 
132 110 164 99 93 26 57 113 13 12 25 61 122 127 74 81 55 120 125 106 83 23 
167 104 63 59 162 45 77 48 73 133 16 89 9 180 123 117 163 75 168 156 79 4 
196 142 137 119 166 65 98 116 169 47 50 103 24 92 190 54 82 17 135 152 111 
40 18 187 128 84 193 185 100 130 
198 192 150 53 5 

