28 142 173 184 115 18 77 113 131 73 175 96 69 97 160 101 85 168 152 66 
6 94 166 65 116 187 13 169 191 50 72 122 194 186 80 91 197 109 4 83 14 
136 144 99 93 46 177 189 47 84 71 172 130 120 79 21 51 52 
40 183 138 33 192 16 20 62 49 158 54 156 135 95 36 
196 107 59 148 2 162 45 30 25 32 139 19 37 124 82 88 159 129 176 
132 10 153 198 164 102 26 3 199 108 22 53 9 5 100 121 149 157 
63 57 193 89 180 146 81 
188 67 39 200 38 35 8 15 134 133 43 151 141 24 92 87 147 75 154 1 11 23 
178 167 171 174 29 182 78 48 150 155 127 31 181 112 195 7 170 58 34 105 114 
104 64 137 86 140 98 76 126 128 145 27 56 185 74 123 117 55 44 165 111 
42 110 119 41 70 118 143 60 12 90 61 179 103 190 161 163 17 125 106 68 

