120 19 143 24 70 110 28 
82 173 196 153 79 138 
170 50 182 163 199 121 165 49 
190 65 86 69 145 52 39 107 56 
164 103 192 25 61 189 109 
101 144 10 176 68 76 99 59 
21 135 58 184 98 140 15 
57 83 156 97 169 181 53 
5 180 146 33 4 34 95 
20 197 191 37 81 157 158 
177 3 18 128 125 179 42 
45 116 193 151 100 130 
62 131 78 46 43 122 174 
30 23 47 6 172 96 
147 102 198 
133 48 12 124 2 90 
159 166 8 186 71 187 
161 160 115 14 17 188 108 
41 85 80 13 194 89 
155 38 150 127 7 167 137 
66 129 154 168 1 92 123 
178 134 36 106 72 67 183 149 
73 87 
55 104 54 185 132 16 74 
113 148 11 141 94 162 111 
60 118 175 112 77 64 142 63 
32 26 152 40 9 117 
114 44 84 126 29 
93 119 31 91 200 139 136 
171 22 51 105 
27 35 195 
88 75 

