114 55 146 40 14 96 188 
170 44 150 186 37 181 17 53 
32 192 91 61 77 138 39 
30 23 80 112 194 165 95 108 
190 82 180 193 172 81 162 198 
177 135 54 184 199 174 109 63 
101 182 154 24 200 110 137 183 
171 50 127 72 28 111 
93 88 18 8 71 89 52 59 149 
164 147 152 132 98 157 92 
113 78 197 86 122 29 158 107 
155 27 129 11 69 70 34 49 
144 104 196 97 2 67 179 123 56 
73 5 31 126 100 130 15 74 
20 120 102 35 128 106 117 
116 103 160 47 43 90 167 99 
178 19 173 141 169 105 87 42 
66 119 176 6 9 1 142 
62 131 38 58 151 7 64 189 
133 134 175 25 79 136 
148 12 143 46 195 187 
57 10 84 153 140 
161 3 156 33 121 
45 159 13 94 51 
48 26 85 115 4 
21 83 36 125 139 
41 65 163 168 145 
60 118 22 68 16 
124 191 
166 185 76 
75 

