41 85 80 13 125 139 17 39 107 
104 19 40 68 145 195 142 111 56 
103 171 11 6 122 100 130 15 149 
62 78 180 126 200 174 108 
190 5 124 69 61 64 87 42 198 
161 38 58 24 51 99 53 63 
134 23 182 22 151 16 140 92 123 
114 55 135 46 71 9 165 188 158 
30 133 65 86 106 67 95 183 
144 119 150 185 169 29 179 109 
45 48 102 152 97 90 81 138 74 
32 84 43 172 89 49 
116 66 147 154 37 7 187 59 
170 26 193 176 36 33 162 
21 44 54 186 127 98 181 117 
159 83 35 76 157 189 
93 3 88 8 199 14 96 137 
155 118 146 196 79 77 28 
73 27 12 128 2 136 
164 50 173 94 70 34 
101 82 31 25 110 52 
57 18 166 153 105 
177 192 163 168 72 
20 178 129 47 91 4 167 
113 60 10 191 121 1 
120 197 141 194 
131 175 160 132 
148 156 184 
75 112 
143 
115 

