155 85 150 22 37 140 138 74 198 
131 78 124 128 139 99 63 
60 102 68 76 67 1 39 
30 21 152 186 132 157 187 142 
159 182 146 97 79 136 123 
161 3 112 24 61 64 28 158 
164 32 175 199 127 162 111 
20 5 54 2 90 179 49 
57 144 40 163 98 42 
170 27 160 47 91 70 34 
148 171 31 36 174 
55 12 184 9 105 15 
120 38 166 185 195 130 109 149 
48 41 80 196 122 121 188 
82 119 194 167 92 
103 180 176 172 117 
133 44 192 154 168 169 95 108 107 
114 26 115 94 200 110 59 
73 116 143 153 145 96 53 
45 178 19 11 6 14 29 52 
104 135 193 191 125 72 165 
190 118 83 84 151 7 181 
23 13 46 106 4 17 
134 65 126 16 81 
113 101 10 69 89 87 137 183 56 
62 93 88 8 71 100 189 
66 147 156 25 77 
177 18 141 51 
197 129 43 33 
50 173 
58 
35 
86 
75 

