30 44 192 35 71 96 136 63 
73 27 26 196 61 121 165 17 
134 102 156 25 172 67 179 39 
45 48 12 153 145 140 74 
93 193 115 200 1 108 
164 32 173 132 37 95 109 
23 19 152 33 4 72 189 
177 3 166 184 70 187 183 56 
60 175 186 151 100 28 59 123 
114 18 112 2 90 34 198 
103 65 129 11 7 157 107 
41 50 150 22 14 29 92 
5 197 24 91 174 137 
148 80 31 6 76 81 142 
170 8 54 194 110 15 
155 57 13 185 9 138 42 
159 38 154 68 16 181 117 158 
131 160 43 199 195 52 
190 135 191 36 167 64 162 
118 85 94 69 77 49 
101 171 97 127 130 
62 82 180 126 79 87 105 
116 147 86 168 169 89 99 111 
21 83 176 125 122 188 53 149 
144 104 88 163 139 
55 119 75 51 
120 78 124 106 
113 133 84 46 98 
20 182 47 128 
161 58 146 
178 10 40 
66 141 
143 

