190 44 156 112 168 169 105 17 107 
118 82 180 125 71 
93 104 135 6 89 52 137 111 
48 27 173 191 33 67 162 108 
120 84 94 70 110 92 
144 78 80 31 24 14 64 
45 133 160 13 106 139 99 49 
161 50 75 163 81 181 117 198 
113 19 150 35 126 4 165 109 149 
164 41 193 61 200 95 158 
148 147 129 196 16 1 138 
23 134 192 22 151 9 15 74 
155 103 65 115 69 121 189 
32 54 25 100 130 59 
114 159 166 176 79 29 142 
66 175 185 172 157 39 
30 170 182 184 122 87 42 
177 47 127 140 53 63 
62 101 102 40 153 145 195 179 183 
20 83 143 43 36 72 34 188 
3 86 91 167 28 
60 38 186 51 136 123 56 
5 26 146 97 77 174 
178 18 11 2 90 187 
73 116 85 199 76 96 
171 152 154 37 7 
131 10 46 128 98 
57 119 88 8 
12 197 124 194 
55 58 68 132 
21 141 

