161 26 40 25 100 64 28 49 
66 129 141 94 51 117 
164 182 91 33 121 34 95 
178 10 175 76 9 52 123 
20 23 124 172 174 111 
171 150 43 167 1 99 
101 78 180 185 132 87 189 
57 119 18 186 77 187 
55 50 151 145 110 149 
62 197 80 69 61 96 42 
73 19 160 47 106 17 137 183 
60 88 153 7 138 92 
41 12 8 199 89 105 109 
170 13 128 125 181 142 
177 3 58 6 37 157 39 
148 54 140 108 
113 85 84 176 2 165 59 
48 38 31 70 200 158 107 
45 120 44 146 154 79 29 53 
93 82 196 97 72 179 74 
134 193 35 126 4 
32 65 184 14 
155 27 166 36 122 136 
21 135 46 127 
159 143 11 71 
190 147 112 168 98 188 
5 173 22 195 
103 83 24 169 81 
30 192 191 16 162 56 
114 86 115 67 
131 133 102 163 194 90 15 198 
116 152 75 68 139 130 63 
144 156 
104 
118 

