45 78 175 196 200 139 67 59 
48 193 84 61 181 158 
32 83 13 122 72 34 95 149 
164 41 191 128 7 157 63 
62 155 54 199 14 195 87 109 
161 135 150 146 70 179 42 123 
30 116 35 168 77 92 
57 182 68 51 99 
88 46 98 136 
190 12 141 24 90 165 
93 159 192 112 16 130 162 198 
66 119 176 106 33 138 142 
178 26 75 31 2 189 
55 160 47 126 15 
131 147 127 1 
82 102 194 100 110 39 
113 133 173 154 36 89 74 
144 44 163 172 140 17 
101 65 86 43 71 
118 197 124 91 
20 80 11 25 169 117 183 
148 152 6 4 28 111 
104 143 184 79 64 108 
170 21 58 153 
18 8 186 145 187 
177 180 185 151 52 107 
114 38 156 132 167 
103 171 115 94 105 
3 166 125 37 188 
73 10 22 97 96 29 
134 50 129 76 174 
120 19 9 
60 85 121 53 
5 27 40 69 81 137 49 56 
23 

