120 83 146 2 81 117 137 
164 12 147 160 25 51 64 59 
116 38 150 128 105 15 123 149 
178 85 182 22 145 52 28 109 
48 135 8 199 33 121 165 53 63 
155 32 86 6 200 1 74 198 
113 19 191 43 139 67 17 39 
134 50 175 126 14 138 49 111 
30 78 80 196 68 29 87 92 107 
177 18 154 151 16 95 183 56 
62 88 166 153 96 195 189 
5 118 143 35 122 77 188 108 
148 171 197 124 141 69 100 136 
45 101 119 58 132 127 157 187 142 
73 66 186 61 89 162 
131 180 40 172 130 99 158 
57 190 129 112 76 110 42 
114 3 54 163 79 34 
60 192 24 91 70 174 
55 10 168 72 179 
133 23 26 75 98 140 
20 27 65 194 169 
161 159 176 36 125 9 
93 104 152 97 106 167 
170 44 193 46 7 181 
144 82 84 71 90 
103 173 31 94 
21 102 184 185 37 
41 13 47 4 
156 11 
115 

