113 197 196 132 105 99 107 
20 66 85 146 97 29 64 137 
62 119 75 163 71 138 142 198 
41 12 152 6 77 130 42 59 
190 118 31 25 69 200 15 158 
159 44 40 153 37 136 189 
30 88 58 191 100 87 123 
73 27 160 11 128 174 39 
144 180 193 46 14 157 49 
133 23 150 22 70 165 109 149 
57 82 10 13 172 89 110 74 63 
3 143 84 16 52 28 111 
155 147 80 154 199 9 17 53 183 56 
60 5 86 91 122 139 95 108 
114 26 102 126 127 81 92 
170 19 54 184 151 1 187 
134 18 36 125 167 162 
131 48 182 24 61 72 188 
148 32 124 68 121 67 179 
161 55 135 76 79 195 
116 171 65 47 106 34 
93 104 192 112 168 140 117 
45 21 50 43 2 33 
120 78 173 141 90 
177 38 166 35 7 98 
164 175 129 115 94 51 
178 103 156 194 145 181 
101 83 8 186 169 96 
185 4 
176 

