45 178 173 40 43 9 1 107 
190 50 156 112 168 79 87 189 
20 116 129 146 25 77 67 142 111 
5 26 176 37 110 109 
23 135 200 51 108 
93 82 58 68 140 42 
170 10 186 127 98 157 99 
73 133 182 6 139 64 95 
161 159 11 153 81 92 59 
171 197 124 7 130 137 
114 38 8 2 71 181 
3 143 191 61 167 123 
101 119 102 194 14 174 136 198 
21 19 196 22 121 165 56 
177 192 115 122 52 
55 160 199 4 162 
60 83 54 185 76 89 105 
104 31 126 33 
144 78 152 163 172 187 
113 48 175 141 70 28 15 
66 147 65 169 90 179 49 
131 134 154 132 72 188 149 
148 103 86 47 69 100 63 
30 120 75 24 94 34 
62 155 166 91 106 117 74 
32 12 97 151 16 138 39 
57 118 80 36 96 17 158 
164 180 35 128 195 53 183 
41 44 150 184 145 29 
27 84 46 125 
85 193 
18 13 
88 

