73 66 12 160 24 106 121 142 111 
20 27 150 163 37 67 17 39 
190 197 124 47 71 81 74 
116 135 176 126 90 1 137 198 
3 18 166 97 139 117 108 
23 182 115 172 96 28 49 
48 83 13 16 89 92 109 56 
101 161 88 8 68 100 138 149 
57 5 146 43 76 130 162 158 
155 32 129 91 2 167 99 123 
170 180 191 128 7 181 53 183 
114 119 152 153 169 145 52 42 59 
164 171 75 194 79 110 179 107 
62 133 85 80 31 200 64 136 63 
177 159 58 25 70 34 189 
93 104 196 22 151 140 187 
60 192 40 6 122 105 
45 148 65 112 168 77 15 
30 134 26 154 199 72 165 95 
113 178 78 175 36 33 4 188 
55 38 84 125 9 157 
41 19 173 185 29 87 
103 54 186 132 98 
131 120 102 69 94 174 
118 82 193 11 14 195 
21 147 35 127 
44 143 46 51 
144 10 141 61 
50 156 184 
86 

