148 78 146 24 2 165 17 39 
57 173 129 98 64 179 
113 101 150 25 33 72 53 
133 180 193 176 16 140 137 49 
161 119 196 194 14 89 105 59 74 
73 19 58 128 187 117 107 
164 41 192 91 37 99 108 
45 147 154 40 97 167 162 
177 88 18 54 185 71 181 188 149 
20 26 102 47 77 29 52 111 
32 103 80 141 172 96 15 42 56 
190 197 124 153 100 67 95 63 
62 114 166 35 126 122 110 189 
21 23 156 31 76 90 136 123 
144 12 160 127 7 1 109 198 
48 85 86 168 169 130 92 183 
60 82 83 84 36 9 87 
170 38 75 163 200 28 
118 65 79 81 138 142 
104 135 13 69 51 174 158 
66 171 22 151 157 
131 27 143 46 125 4 34 
178 50 152 186 195 
55 3 8 184 132 121 
30 134 182 11 61 139 
155 5 10 43 6 
116 44 115 145 
120 175 191 199 
93 159 112 68 70 
94 
106 

