57 118 83 143 176 33 121 165 188 
73 116 12 129 11 6 122 139 
60 82 180 84 191 125 167 34 17 
133 48 26 152 40 153 169 89 105 15 59 
161 104 18 54 185 132 7 181 117 49 183 
20 41 85 80 31 25 172 77 110 162 
164 66 147 160 47 91 
45 178 27 173 154 24 61 100 64 179 109 
155 78 13 43 36 4 72 108 
21 196 97 14 96 130 28 74 149 
23 182 75 163 194 145 195 52 92 198 
30 120 19 192 68 76 
177 3 88 8 186 127 98 157 138 
62 131 44 102 146 
93 55 135 58 184 199 37 81 137 
170 134 50 156 112 168 79 29 87 42 123 
114 159 38 150 22 151 16 140 187 142 111 63 56 
171 51 174 136 189 
32 65 86 115 94 70 
148 103 197 124 141 69 200 
190 5 10 193 46 128 106 95 158 
113 175 2 90 67 39 107 
101 144 119 166 35 126 71 9 1 99 53 
