198 10 29 188 143 118 140 84 22 199 191 155 80 62 146 82 124 85 7 106 152 51 34 
153 184 136 35 144 162 177 30 108 90 128 122 5 56 9 92 88 55 91 156 154 4 83 14 
171 119 39 115 178 183 65 2 46 13 48 25 96 103 100 141 127 194 123 121 95 44 79 21 11 129 
196 142 41 6 76 8 131 169 73 50 20 145 193 179 43 151 97 54 190 101 158 159 170 149 68 66 36 
107 173 104 137 86 93 3 18 133 187 32 47 19 27 185 31 75 195 130 112 120 58 165 111 157 114 
63 67 99 42 64 164 77 138 175 150 72 16 69 49 37 180 186 161 163 135 1 109 176 23 105 
132 174 94 26 167 38 15 134 116 12 61 71 24 89 181 160 74 81 117 17 168 52 
28 200 166 102 98 40 57 182 33 45 192 189 139 53 87 172 147 125 197 
148 70 110 59 126 60 78 113 

