178 59 70 138 132 93 140 3 15 151 108 155 179 49 112 54 158 17 85 51 83 4 14 105 
39 148 41 26 137 187 76 90 150 145 62 122 69 97 87 163 80 197 11 23 7 21 58 66 36 
136 142 104 115 164 173 128 143 57 193 12 191 72 190 5 74 120 81 156 109 1 111 157 176 
67 10 64 65 153 60 46 199 61 134 16 43 24 186 127 91 195 160 88 55 106 149 152 95 
119 40 6 188 198 94 77 133 8 89 20 47 175 71 141 100 125 123 117 44 79 154 165 52 114 
28 196 167 166 42 184 2 126 162 116 78 177 189 37 185 56 180 101 147 82 170 75 168 135 34 129 68 
171 63 174 200 98 38 45 182 118 33 27 53 192 84 50 96 139 19 146 130 121 124 159 
107 144 110 183 18 86 29 35 48 30 103 73 32 9 92 181 31 161 
99 102 13 113 131 169 22 25 194 172 

