40 10 86 118 171 45 57 169 192 189 13 43 151 179 69 158 100 130 17 85 157 149 152 95 129 
107 200 29 98 15 126 113 18 27 150 175 193 103 74 54 117 55 154 120 109 4 11 176 
42 38 70 198 167 46 177 76 84 155 12 24 92 180 49 122 195 161 197 82 1 21 36 159 52 105 
178 142 144 2 59 41 30 108 191 53 131 90 20 96 163 172 181 165 111 44 156 79 51 66 114 
137 132 140 188 138 99 26 78 134 133 16 9 56 185 160 194 186 91 101 147 68 170 58 23 83 
119 6 162 104 173 35 102 8 61 89 199 72 139 141 123 19 146 88 168 106 135 34 14 
28 39 136 184 67 153 77 3 116 47 50 25 127 97 31 37 81 125 121 124 75 7 
64 164 93 94 196 183 166 65 22 60 73 145 71 5 62 190 80 87 112 
110 63 148 182 174 143 187 33 128 48 32 
115 

