142 94 136 173 178 77 138 126 133 8 43 12 90 146 185 117 92 125 152 149 120 111 95 68 105 
40 38 196 162 46 104 174 70 189 116 113 73 32 16 62 19 186 127 87 88 124 85 168 165 83 159 
137 164 64 200 35 6 18 187 26 193 97 191 53 123 9 147 80 161 163 75 197 34 52 
10 59 198 102 144 65 183 3 47 143 192 27 56 103 100 74 141 82 172 112 109 11 
107 86 93 153 63 171 148 2 145 25 78 84 61 175 37 5 130 81 17 154 79 170 1 157 176 
28 132 115 140 110 60 13 76 131 150 169 155 89 20 24 7 121 55 23 36 
42 184 41 99 98 166 57 177 22 33 50 71 122 96 158 180 181 21 195 91 106 14 4 51 114 
67 39 188 182 15 29 134 48 199 69 179 151 194 101 160 49 54 135 156 44 58 66 129 
167 119 45 128 118 30 108 72 139 31 190 

