104 39 142 41 196 138 126 162 131 78 25 145 71 194 186 81 85 120 135 23 106 165 105 52 129 
136 94 148 118 67 113 115 26 90 48 128 151 141 31 24 168 79 91 44 88 58 152 14 
40 119 93 65 42 45 98 191 16 189 175 47 72 122 179 37 121 154 147 51 95 109 159 68 
188 107 198 64 137 140 46 15 57 32 43 199 9 5 19 62 190 146 7 1 163 156 66 21 11 83 
178 110 173 10 153 144 99 134 192 150 30 56 53 103 96 112 55 49 87 17 4 36 157 111 176 
28 164 174 102 183 76 8 2 33 13 133 185 155 69 92 100 124 160 117 197 170 114 34 
6 184 63 132 38 116 143 77 60 3 22 139 50 180 82 181 54 80 158 195 149 
167 171 166 70 18 29 12 169 84 61 20 74 89 161 127 123 172 101 125 
200 182 86 59 187 35 73 177 108 97 27 130 75 
193 

