107 144 38 70 94 26 46 189 25 12 50 185 16 9 180 123 125 161 197 75 168 152 176 
136 200 167 64 42 126 57 162 45 43 134 192 179 96 139 103 82 172 1 55 165 21 66 
104 178 198 137 6 184 15 108 133 60 90 62 24 194 141 122 112 124 154 135 79 11 95 34 
171 173 174 2 29 143 35 140 73 199 177 191 22 89 54 146 49 156 87 85 7 23 51 58 157 
153 166 63 99 188 98 102 182 77 187 61 97 56 74 181 92 160 130 17 44 4 159 68 
67 148 65 28 115 86 93 33 3 155 72 53 27 127 158 19 101 163 195 106 109 149 129 83 14 
40 196 132 118 116 18 76 113 32 150 145 5 71 151 69 186 100 81 120 88 170 105 52 114 36 
110 41 119 39 59 138 169 78 131 48 20 193 31 80 147 190 91 117 111 
10 142 164 183 128 8 175 13 30 47 37 121 
84 

