196 174 40 93 182 41 102 15 48 30 134 22 100 56 185 123 135 120 91 197 58 152 34 
153 38 86 118 57 78 145 116 60 12 9 89 193 179 186 195 181 117 1 125 109 36 11 23 52 
6 188 167 178 99 46 18 33 138 175 191 169 53 150 72 24 122 81 121 85 82 165 156 4 51 176 105 
136 173 198 119 39 42 29 70 8 25 155 103 139 141 5 80 158 146 130 106 168 170 111 95 129 
10 67 94 98 35 184 65 76 84 113 50 32 73 20 161 74 37 49 87 75 17 44 83 159 114 
63 104 183 64 132 128 199 3 177 189 90 16 61 71 180 160 154 54 147 66 21 14 157 68 
137 164 200 2 28 162 77 13 143 47 131 27 69 151 31 163 190 172 124 55 88 149 
59 148 142 110 144 115 26 133 45 96 108 192 97 194 127 19 101 112 7 79 
171 107 140 187 166 126 43 62 92 

