196 64 137 6 136 78 8 18 13 126 53 192 74 69 163 190 81 125 88 21 4 159 105 
171 28 119 63 184 65 102 35 199 12 32 108 155 16 24 122 5 158 160 165 117 120 152 95 34 83 14 
167 41 115 94 10 86 76 189 50 89 56 150 97 127 19 156 124 112 44 79 11 23 129 
104 153 67 174 140 198 77 187 113 175 90 71 37 27 100 103 146 91 101 197 147 51 170 58 111 157 52 
142 110 144 29 188 116 148 3 177 15 133 73 25 72 61 9 181 123 121 168 195 106 176 1 114 66 68 
178 107 40 99 39 70 118 2 138 57 60 169 84 151 31 54 55 186 161 135 85 109 149 36 
132 38 93 182 200 128 143 33 131 191 134 47 20 193 141 130 92 49 87 82 7 154 
42 173 183 162 164 26 166 98 46 30 145 96 139 62 179 194 180 17 172 75 
45 59 48 43 22 185 80 

