178 6 148 99 26 198 113 131 187 182 78 177 133 50 181 172 81 75 156 149 170 154 21 58 14 
188 137 93 140 40 166 183 138 77 16 56 43 190 80 24 123 17 101 44 125 109 11 66 114 
142 67 42 144 110 76 38 45 108 84 150 179 71 90 139 158 161 130 112 55 168 79 111 157 129 
104 86 98 10 174 65 126 175 53 73 89 186 163 117 49 87 135 165 195 4 83 95 176 
28 171 184 173 132 153 116 29 33 191 22 32 96 155 62 127 124 82 88 7 197 106 1 34 52 
136 63 196 118 162 64 143 2 12 60 30 48 47 19 72 121 91 146 54 120 36 23 159 152 68 
167 200 39 102 70 115 94 15 35 134 8 61 97 180 27 185 5 100 160 85 105 51 
107 164 59 18 119 46 13 192 57 169 151 69 9 193 20 141 74 147 
41 128 189 3 25 145 199 122 103 194 92 37 
31 

