132 144 38 107 198 18 102 133 30 191 89 25 31 24 49 100 161 158 165 85 157 34 58 68 176 
200 148 42 86 104 174 113 134 128 193 20 22 139 103 163 91 82 160 7 95 125 109 159 23 
142 136 166 164 64 119 15 70 76 48 84 155 180 194 186 81 130 120 17 170 66 111 114 129 
196 40 94 2 138 77 187 12 145 175 72 16 32 43 151 69 117 75 190 80 101 106 197 44 79 4 11 14 
6 110 99 183 143 126 115 131 73 61 50 189 150 181 121 37 124 92 195 156 168 88 135 1 152 52 
167 153 59 93 162 29 65 182 13 177 96 90 146 62 87 112 54 149 83 154 21 51 105 36 
39 171 137 35 188 41 116 60 108 45 27 56 53 192 71 127 122 19 172 55 
173 63 178 67 28 26 33 47 57 169 185 97 123 5 141 74 147 
10 184 118 140 46 199 98 78 8 3 179 9 

