60 115 61 109 68 
171 188 196 29 2 104 116 187 169 84 43 47 5 31 181 172 190 146 186 106 147 154 156 4 23 157 105 
8 195 36 176 
63 173 41 70 86 182 38 78 189 90 96 72 9 19 24 92 160 37 7 135 197 88 95 149 152 52 
178 164 119 99 162 39 113 77 199 25 50 27 155 100 122 124 49 87 85 170 58 51 111 34 114 
40 94 42 76 166 35 48 108 13 33 139 22 150 185 130 74 101 80 54 91 125 165 11 129 
6 110 93 28 67 45 18 46 32 16 191 175 193 71 62 179 17 117 123 82 163 168 21 79 83 14 
167 64 10 198 26 102 183 57 192 177 30 56 53 141 103 127 158 161 44 159 120 66 1 
142 137 132 118 107 98 140 131 128 133 69 20 89 97 180 121 55 112 
136 59 153 174 65 126 143 12 73 15 3 134 151 194 81 75 
200 144 184 148 138 145 

