6 184 166 119 102 38 65 3 15 126 32 96 62 89 43 56 121 180 85 170 124 195 154 106 159 23 14 
198 40 29 2 138 98 78 8 145 191 150 84 74 24 69 97 87 117 160 4 79 44 83 51 176 
171 178 137 28 148 45 128 177 134 61 12 139 53 72 141 55 123 156 147 17 109 149 152 95 52 
136 10 115 99 167 93 13 162 22 60 131 108 175 5 179 100 7 158 197 88 1 135 165 11 34 
142 188 86 70 174 77 183 35 16 30 199 193 103 151 80 163 112 75 21 111 114 66 68 
64 67 110 94 46 26 76 143 169 113 27 73 71 20 9 92 181 172 101 91 58 157 129 36 105 
39 107 41 63 153 173 118 47 189 90 50 192 185 31 49 19 186 190 161 82 125 
196 144 42 132 59 164 18 140 57 187 33 48 133 127 155 37 146 54 81 130 120 168 
200 104 116 182 25 122 194 

