132 70 65 136 60 22 199 189 155 12 141 27 172 147 75 
193 85 92 
188 167 63 166 137 182 33 102 46 126 20 50 180 37 100 163 82 135 149 157 165 11 83 
196 140 76 86 18 48 179 74 
6 110 119 98 171 93 169 13 175 177 62 19 185 130 101 80 161 170 88 7 23 152 36 
42 173 174 115 35 128 118 77 150 56 133 127 121 124 195 91 158 55 168 111 34 114 
164 148 67 45 38 187 143 73 84 53 69 122 97 181 17 87 106 154 197 159 14 105 66 52 
198 28 40 200 107 116 15 183 145 108 3 139 151 24 160 5 194 156 117 51 1 176 68 129 
104 10 178 26 64 57 30 25 192 131 89 32 186 103 81 146 44 120 
153 39 29 184 2 8 78 113 16 134 43 191 71 96 49 123 54 79 21 109 
59 144 142 162 94 41 99 138 47 90 72 61 9 31 190 112 125 58 4 95 

