144 200 198 28 57 35 199 25 90 72 62 22 43 92 103 74 146 186 91 159 195 79 
110 184 183 64 196 140 126 47 113 131 133 193 89 49 123 55 181 147 75 168 170 83 
178 107 29 137 8 93 98 60 151 134 141 71 5 9 19 120 109 135 17 7 154 14 
132 164 2 171 59 65 45 30 61 56 53 190 172 97 156 158 101 23 66 52 105 36 95 68 
67 39 166 118 104 38 26 18 73 77 13 169 175 37 124 185 112 160 11 4 51 157 34 111 176 114 
167 119 173 94 142 46 70 15 143 12 108 16 50 20 139 117 122 31 121 85 82 125 149 129 
188 136 148 99 182 187 78 177 189 3 155 145 48 96 100 80 194 130 163 21 58 197 44 106 
6 128 161 69 1 88 
63 41 102 40 10 115 138 116 33 32 84 180 27 179 127 81 87 165 152 
42 153 86 174 162 76 192 191 150 24 54 

