167 144 29 184 94 173 128 98 30 133 139 31 155 181 180 88 82 79 44 125 1 111 68 
67 59 99 40 42 118 46 162 33 90 43 27 61 179 80 190 75 172 87 58 135 170 23 83 114 
107 63 6 188 35 110 86 12 138 189 131 169 84 49 97 37 117 123 55 163 168 154 14 34 129 
28 153 93 115 65 41 26 108 77 134 16 25 71 89 92 124 120 54 147 197 7 51 21 11 52 
119 178 198 39 45 116 143 126 8 199 193 20 96 69 24 161 195 101 91 109 152 149 157 176 
64 38 140 10 164 183 57 32 22 151 5 122 56 112 100 156 165 159 106 105 95 
196 104 174 132 76 18 48 145 192 13 53 50 194 160 85 17 130 36 
191 15 146 4 66 
137 200 166 102 70 187 78 2 60 150 9 141 103 72 62 19 74 81 
142 148 171 136 182 3 113 177 47 73 175 185 127 186 158 
121 

