67 94 110 162 174 76 128 30 12 32 179 9 175 97 69 123 74 112 55 
136 142 166 118 107 57 18 169 61 3 84 100 194 161 54 147 125 
104 86 173 35 200 33 138 45 16 56 103 20 92 75 197 154 17 52 129 34 
196 188 183 140 98 119 48 78 15 50 193 71 155 89 37 160 49 7 168 156 195 1 176 114 68 
178 184 41 65 2 70 26 189 116 60 177 151 180 62 31 117 109 81 130 152 88 58 51 66 36 
153 10 38 148 93 113 143 22 131 53 139 141 80 121 101 106 82 85 165 149 83 
40 137 39 29 28 46 77 108 187 192 73 145 25 90 19 185 120 44 163 135 79 159 14 105 
63 167 171 99 198 182 59 102 47 13 72 133 191 150 122 127 190 186 87 124 170 157 4 21 95 
6 64 115 132 144 126 8 199 134 43 27 96 5 146 24 172 181 158 91 23 11 111 
42 164 

