107 94 184 171 2 98 182 45 187 72 84 185 155 179 186 124 49 117 17 156 11 52 165 66 157 176 
198 119 164 35 144 174 102 143 47 89 122 27 37 190 80 5 163 87 55 111 135 1 4 83 14 
59 115 63 132 173 166 65 32 134 151 69 16 141 96 139 130 160 44 147 159 106 168 58 152 34 
178 142 104 93 10 153 41 183 76 177 78 150 43 103 193 19 24 181 123 121 112 95 170 21 51 105 68 
136 110 167 38 137 64 60 46 12 199 90 25 61 9 53 92 31 172 75 109 197 79 23 36 129 
6 86 29 188 116 70 99 77 30 3 22 169 50 20 194 101 91 100 81 120 125 149 154 114 
40 148 140 162 200 18 13 108 191 62 145 146 180 54 74 161 158 195 88 
39 67 42 118 196 26 8 73 175 128 127 71 97 82 85 7 
28 126 138 131 15 189 48 192 56 
57 33 113 133 

