132 10 28 144 42 182 166 189 13 32 192 150 193 5 190 101 181 168 109 75 135 159 83 105 
104 41 171 2 116 162 57 76 12 48 145 47 89 179 151 82 55 120 112 195 79 154 23 66 52 
63 59 86 183 35 107 77 128 16 113 177 53 43 161 71 80 160 7 17 124 125 44 4 157 176 
67 39 70 115 184 26 140 143 50 61 175 122 92 72 186 49 123 87 54 21 170 149 111 34 68 
40 148 173 98 200 174 131 169 18 73 90 139 103 141 62 158 121 117 163 106 91 197 51 95 129 
137 119 153 64 8 29 126 199 3 134 191 185 84 56 37 97 31 172 85 147 156 88 1 58 36 14 
136 178 188 110 65 45 118 46 138 133 60 22 69 155 100 9 24 130 81 165 11 114 152 
196 198 164 167 99 142 15 187 108 30 78 27 96 127 20 194 146 19 74 
6 38 94 93 33 102 25 180 

