10 200 41 70 99 138 57 33 73 131 96 61 193 20 62 37 163 75 120 7 170 21 176 129 
167 59 38 162 6 118 2 48 150 175 22 9 89 69 190 194 44 51 154 58 95 152 114 68 
40 104 184 132 107 143 77 76 133 13 24 103 139 74 49 147 17 124 197 168 79 111 
196 136 86 98 110 183 187 78 128 12 25 53 121 185 87 81 112 109 11 
28 188 148 29 18 164 8 102 192 15 199 179 71 141 117 186 156 158 82 1 157 66 105 
65 35 153 116 26 84 189 43 32 19 80 55 123 23 
144 191 50 172 34 
178 137 142 93 198 94 166 3 60 47 72 56 27 180 130 92 160 149 91 88 106 83 14 36 
63 119 173 67 171 115 140 30 45 108 126 145 16 97 151 161 146 5 54 135 85 165 
39 174 64 42 182 113 134 46 177 169 155 90 127 122 100 31 181 195 101 125 4 159 52 

