40 198 164 94 67 182 70 99 116 187 113 16 61 43 122 96 130 117 190 4 163 75 68 129 152 52 
178 107 184 118 171 119 183 126 12 13 150 179 97 56 81 194 91 11 58 170 7 149 111 34 
10 174 115 102 188 18 26 77 177 33 9 175 19 100 123 37 79 17 21 125 159 157 114 
28 173 166 140 136 143 148 8 78 57 192 191 69 89 151 158 5 181 197 1 135 165 23 83 14 
153 110 38 46 41 98 145 47 3 30 32 90 193 80 146 186 168 54 51 88 85 154 66 95 36 
196 142 63 93 132 167 199 65 25 73 131 71 139 49 74 172 121 124 55 176 109 105 
64 200 59 138 42 29 15 35 50 169 133 185 27 180 141 24 82 147 101 44 195 156 106 
137 104 144 6 2 86 48 128 108 134 22 84 62 155 160 92 161 87 120 112 
162 39 60 45 76 53 189 72 127 20 103 
31 

