28 136 107 196 132 10 93 76 60 13 16 175 20 103 97 69 190 130 120 152 4 156 21 58 23 105 
198 200 167 137 6 2 15 199 191 134 192 169 133 62 71 74 100 92 161 168 51 154 14 159 66 36 
144 41 166 39 115 18 140 113 45 73 155 89 53 194 31 49 146 186 17 163 11 135 1 176 68 
142 173 104 110 59 128 131 116 189 48 47 24 61 37 54 75 7 149 114 170 83 111 129 
178 40 174 184 67 8 98 57 32 126 72 96 151 5 19 147 88 124 117 82 197 44 106 157 34 
153 42 118 162 182 148 30 84 3 108 22 43 172 121 180 181 165 87 55 85 109 95 52 
64 119 183 65 171 164 99 187 26 78 150 25 193 50 123 185 112 125 81 195 91 79 
188 38 70 35 63 138 29 145 12 77 177 56 27 122 179 9 101 158 80 
86 102 46 94 143 33 90 139 127 141 160 

