188 171 39 166 142 148 94 128 78 22 27 97 50 96 146 17 161 80 156 75 154 79 4 11 52 
63 173 136 59 42 29 33 134 18 155 12 193 90 5 103 100 121 123 55 124 1 114 7 21 23 66 36 
110 178 198 167 10 162 30 145 8 13 25 61 141 74 82 195 91 197 149 170 135 111 157 68 
64 86 93 132 46 184 48 199 60 113 151 89 92 56 185 180 172 163 54 147 44 51 58 152 95 
107 38 99 140 137 77 35 26 169 177 72 16 73 122 9 179 49 87 181 168 158 101 159 109 176 34 129 
67 41 183 2 174 76 98 57 175 3 189 20 127 24 190 117 37 85 112 120 125 165 83 14 105 
6 164 115 119 116 126 65 138 143 133 53 192 84 19 69 31 160 88 106 
40 200 196 70 104 153 118 108 182 45 131 43 150 191 71 139 194 186 81 130 
144 102 28 187 15 47 32 62 

