178 200 174 64 140 2 18 22 8 177 61 169 192 50 161 97 31 88 158 147 156 21 165 51 14 
40 198 153 41 42 99 182 73 30 47 134 19 193 127 62 120 130 82 163 195 135 149 111 105 
33 122 133 4 79 
67 184 132 98 167 126 118 187 78 151 43 180 27 92 49 146 5 194 197 7 170 168 154 52 11 114 
10 59 173 110 29 45 77 116 25 191 16 96 90 139 141 103 100 91 87 152 125 95 68 157 176 
196 94 93 137 39 183 15 70 57 128 175 189 24 190 54 160 55 121 44 101 106 129 159 23 36 
63 144 115 86 38 162 113 143 48 150 32 74 56 185 37 186 80 75 1 83 58 66 
28 142 148 104 136 26 76 35 46 3 155 89 9 20 81 123 85 181 172 124 17 34 109 
188 107 166 102 171 138 13 199 60 145 53 84 72 179 117 112 
6 65 119 164 131 108 12 71 69 

