325 213 240 1 271 227 139 169 205 311 300 245 322 10 310 158 364 221 365 138 48 
383 25 115 144 174 163 253 182 374 204 54 352 196 306 19 229 91 233 98 246 326 247 286 
75 137 105 64 333 128 100 284 172 397 251 232 148 135 330 244 38 332 161 99 318 
225 331 341 335 51 171 69 197 360 389 103 159 125 382 155 78 261 130 86 234 33 320 
192 34 321 345 188 94 186 375 11 108 319 308 8 343 277 90 111 81 
162 216 367 379 73 358 347 149 194 141 46 5 223 220 400 265 315 145 255 
324 239 127 309 362 129 313 302 185 274 278 206 95 226 134 107 305 381 209 55 56 126 76 
238 37 262 110 20 298 287 212 151 250 120 268 187 199 273 231 289 314 257 356 368 109 
49 166 36 269 104 353 114 369 124 29 39 395 87 24 13 47 160 342 215 243 71 396 361 
276 296 218 377 357 370 18 178 297 260 193 214 102 281 136 207 66 16 195 363 176 82 70 
222 371 53 67 349 97 293 28 157 202 208 280 80 336 380 118 30 57 266 106 390 164 
62 21 35 346 140 348 93 350 386 184 291 316 217 393 153 167 52 270 40 294 
323 329 292 2 60 263 83 295 143 200 183 123 41 259 121 96 317 288 131 
89 170 146 337 133 9 156 210 117 44 26 132 285 65 63 43 79 376 340 282 
31 175 15 27 22 387 23 152 190 14 304 12 267 338 77 230 328 366 181 378 72 242 354 150 
252 147 290 84 119 254 180 385 283 237 32 116 4 228 392 85 88 6 61 
372 256 177 236 224 264 248 398 58 68 59 258 168 334 394 303 344 
391 211 355 191 275 359 249 112 165 113 179 327 399 307 92 301 74 
235 189 388 7 198 351 142 299 173 17 312 45 
154 203 101 50 339 373 241 384 219 3 
272 122 201 279 42 

