372 105 174 27 353 180 263 94 117 39 200 300 17 312 38 342 246 81 150 
213 252 262 309 51 69 190 124 274 205 206 95 155 273 91 289 366 365 106 
216 296 115 329 357 287 254 178 172 250 278 268 299 183 78 107 63 394 376 378 99 242 
325 239 177 337 236 349 210 374 204 304 196 306 214 223 261 136 92 364 96 126 82 76 396 48 
75 324 256 127 333 84 347 171 152 212 375 397 125 116 258 134 8 158 332 266 61 318 
31 192 36 64 335 313 100 7 185 373 120 352 245 322 336 160 130 57 145 161 176 138 
62 240 218 67 163 156 149 202 44 159 132 219 319 65 230 207 215 90 72 344 
383 147 35 34 129 275 293 369 398 165 208 11 19 308 10 231 85 74 363 131 
162 367 53 362 133 119 249 122 112 58 251 59 41 220 265 66 315 288 320 164 109 
25 21 110 20 377 346 23 348 28 103 237 108 199 24 228 77 310 52 317 247 361 
49 323 355 189 345 224 272 83 194 54 143 327 226 399 281 392 121 79 6 
89 341 269 358 298 227 182 339 29 142 113 173 338 168 334 181 88 33 354 70 
222 1 154 271 140 114 284 169 14 386 291 80 217 400 303 16 195 71 390 
37 371 211 203 22 264 93 350 241 311 184 316 47 380 305 45 55 326 255 
166 379 292 128 387 359 101 198 297 193 384 87 3 307 118 167 314 221 368 
238 175 144 191 188 18 248 385 283 260 26 46 382 229 153 233 98 243 56 40 
276 15 170 146 73 302 60 197 360 389 395 280 148 13 259 43 30 257 340 286 294 
331 391 235 321 2 370 9 50 151 232 32 102 330 343 381 277 111 282 
225 137 290 104 253 139 295 141 201 187 285 42 328 244 209 234 270 
388 97 351 186 12 68 179 5 135 393 301 86 356 
157 279 4 
123 
267 

