276 391 15 218 269 302 249 28 194 397 183 285 338 308 307 305 209 332 126 320 396 150 
162 367 341 129 119 140 18 101 351 117 44 11 59 199 13 47 160 244 342 366 71 176 131 390 70 361 
62 240 35 146 298 353 50 295 237 26 196 102 399 136 334 52 314 356 72 318 354 
137 296 170 27 271 370 100 385 283 260 58 300 322 42 134 153 303 96 317 363 61 40 164 48 109 
166 239 355 292 335 275 369 398 373 165 39 311 123 155 217 168 85 98 243 6 76 242 294 
75 37 34 73 253 254 178 157 202 29 251 200 214 19 10 231 45 16 221 378 106 138 
192 211 105 110 346 387 359 114 172 112 113 12 279 382 281 230 289 121 181 270 247 82 
49 175 177 362 104 97 94 185 204 159 245 116 228 392 265 66 234 33 282 
238 325 1 321 309 22 264 180 263 274 103 386 306 226 80 107 393 30 57 81 255 344 
216 225 371 262 337 357 388 171 210 212 278 14 304 46 132 319 336 328 400 55 90 56 286 
372 379 127 67 2 9 248 186 350 193 95 65 220 259 130 167 88 266 288 
25 222 36 20 133 60 293 374 375 205 232 173 4 330 312 343 277 376 161 99 
383 154 329 128 347 7 284 93 120 206 87 219 135 8 43 394 215 145 326 368 
331 256 203 235 163 349 139 190 169 143 299 24 229 273 63 364 246 195 340 
324 115 323 377 84 188 23 348 124 389 384 32 291 77 92 207 315 257 
21 53 290 189 236 358 272 122 250 142 108 5 78 261 310 233 79 365 
213 252 144 191 345 51 69 152 297 339 241 352 327 223 3 301 381 74 
31 89 64 174 224 287 227 83 151 208 179 148 17 380 38 86 111 
147 333 313 197 360 54 125 201 316 41 158 
156 198 149 395 280 184 258 91 118 
182 141 187 68 267 
268 

