276 222 379 144 321 358 188 50 339 202 268 87 199 24 65 310 121 96 326 72 390 164 
31 53 110 349 69 249 197 250 283 260 173 123 42 160 342 57 221 368 320 396 361 
49 175 235 236 163 253 284 398 113 352 327 226 8 343 366 16 365 288 286 70 109 
37 115 290 34 129 2 100 139 204 274 384 187 183 319 220 92 85 277 270 363 61 242 150 48 
238 216 391 15 73 353 101 369 295 103 159 193 108 291 107 136 207 303 30 145 161 255 76 318 354 
75 367 170 355 357 387 23 190 186 251 12 68 279 399 261 393 158 167 314 378 344 294 
62 239 211 191 309 298 97 182 248 172 350 232 32 78 281 153 233 181 74 33 247 40 131 
162 192 105 174 224 370 171 124 351 29 397 299 245 267 336 217 328 79 215 195 176 82 
225 372 1 177 22 128 263 185 375 205 11 280 338 13 47 380 289 315 257 356 340 99 138 
324 240 218 203 313 275 348 149 169 14 125 285 17 229 392 66 45 55 111 56 126 
137 296 35 329 335 271 254 272 151 165 395 311 95 322 41 77 130 86 234 243 282 
166 323 341 346 51 18 152 210 373 241 58 46 102 80 273 259 244 332 90 71 
213 371 262 337 133 333 114 180 374 142 132 19 4 307 394 364 317 6 106 
383 89 154 189 104 302 178 83 385 194 201 214 223 10 231 301 209 246 266 
252 331 20 292 84 9 94 93 117 141 184 300 135 308 118 38 98 88 
25 21 127 362 27 119 7 198 212 39 206 196 116 3 230 400 265 376 81 
147 256 146 269 347 156 112 360 44 26 200 316 330 63 334 52 
325 36 64 377 388 60 28 389 120 143 179 5 155 312 305 381 
67 345 140 359 157 297 237 54 306 382 134 168 43 
287 227 293 122 278 304 59 219 258 91 
264 208 386 148 228 

