25 115 105 355 104 287 227 180 398 142 113 196 223 8 107 121 74 266 356 109 
21 15 379 146 349 100 197 250 205 251 232 199 382 13 334 43 209 90 176 
216 324 154 269 84 128 139 385 274 44 352 279 19 65 305 79 317 161 99 164 
252 256 341 321 298 302 178 172 202 11 184 148 116 91 92 38 303 88 255 282 
166 323 177 20 377 346 114 93 29 375 187 87 17 47 160 265 364 221 288 76 
75 372 110 292 129 7 248 295 169 54 268 291 135 308 63 301 277 81 106 318 294 
62 89 36 191 345 119 353 198 186 350 12 179 219 330 231 289 234 6 378 
162 147 1 333 271 101 28 124 283 395 206 306 319 3 259 153 207 145 326 126 138 48 
238 331 127 144 236 358 97 60 190 151 304 108 183 78 281 261 158 394 45 111 72 242 390 70 
137 367 211 174 22 69 249 122 112 165 39 95 327 155 134 10 342 314 376 247 40 131 150 
143 57 
213 391 35 329 163 348 50 157 58 299 200 226 322 42 312 130 55 243 82 286 361 
49 239 170 67 362 171 156 351 297 278 280 285 258 41 380 118 366 96 257 368 320 354 
37 225 240 337 133 2 253 272 212 208 125 132 173 24 4 228 220 244 16 270 340 344 396 
276 53 218 73 23 284 149 339 260 68 245 80 229 273 400 98 215 195 363 61 
371 296 290 203 224 347 152 360 389 103 159 59 267 399 336 392 328 30 246 33 
31 262 64 189 387 293 369 94 373 241 193 5 338 310 381 52 56 
222 175 309 370 188 83 117 237 201 32 123 307 217 393 66 86 365 
383 34 27 51 275 18 374 194 14 384 46 102 136 230 233 315 71 
325 235 357 313 359 263 204 120 26 214 77 343 181 167 
192 335 388 254 182 141 386 311 300 316 168 85 332 
140 264 210 185 397 
9 

