49 323 218 355 335 23 293 151 103 386 299 291 65 160 244 181 243 363 99 242 164 361 
238 383 34 357 119 60 272 210 250 237 108 187 267 134 231 289 215 326 255 72 76 
222 239 15 337 133 387 69 351 212 165 39 26 5 258 328 265 233 96 257 282 288 138 70 48 
324 137 329 362 129 388 249 157 374 397 113 306 223 135 63 43 207 55 161 344 82 150 109 
216 296 379 146 269 275 180 369 94 54 395 232 148 322 312 343 118 209 74 56 126 131 
325 372 367 290 321 163 349 18 28 83 274 352 200 87 199 281 334 381 52 365 176 318 354 
89 154 64 292 2 359 7 248 112 44 208 12 279 338 330 392 77 45 195 6 61 286 396 
252 331 256 191 73 358 353 50 194 278 201 32 102 10 136 66 98 356 378 106 390 
75 37 36 174 104 224 370 264 139 190 169 159 193 173 382 42 168 310 167 81 247 40 294 
213 53 262 27 298 100 178 398 241 120 183 116 308 393 92 85 314 317 33 320 
62 175 1 67 271 171 152 197 93 117 58 268 196 214 80 229 273 307 153 30 315 88 266 
25 391 144 20 51 253 101 185 29 14 95 155 47 380 301 86 234 270 
166 192 235 236 140 348 360 350 143 311 184 300 228 91 230 38 145 376 340 
162 147 110 377 84 346 227 202 205 304 285 24 13 220 158 303 246 221 368 
225 115 170 203 345 22 302 198 373 375 46 123 319 336 217 366 364 111 
31 341 177 189 128 114 263 385 141 280 17 4 3 259 394 332 90 71 
21 240 105 309 287 9 149 389 125 384 226 78 107 305 342 57 
276 371 35 127 313 156 284 124 283 251 11 132 41 8 400 79 16 
211 333 188 182 122 186 260 206 179 219 399 261 277 
97 254 339 204 142 68 245 19 130 121 
347 172 297 327 316 
295 59 

