372 256 218 104 100 227 182 186 350 58 187 68 279 316 322 42 8 231 130 52 74 126 
192 211 174 292 128 249 28 374 373 11 214 19 308 380 153 332 56 242 
383 240 1 203 22 2 9 7 117 103 205 311 306 80 399 107 63 381 145 255 106 138 109 
225 391 341 84 271 359 93 297 397 251 200 102 65 307 301 207 16 243 72 390 396 
296 170 290 335 253 210 351 295 352 183 132 123 47 136 121 266 6 40 150 
35 235 337 346 387 50 198 212 165 26 95 219 319 220 244 209 161 
31 367 379 51 347 171 152 250 241 159 299 223 78 336 343 118 234 270 
238 49 144 189 129 370 114 248 260 54 201 226 261 43 85 57 176 
252 329 73 163 140 264 190 194 274 120 304 199 217 393 310 158 167 195 131 
162 325 355 34 133 149 151 204 12 46 155 79 246 365 
25 154 191 309 388 254 83 389 179 148 92 30 
137 323 127 67 112 278 245 13 400 366 90 
75 36 177 27 333 23 348 284 339 268 196 87 116 228 305 364 88 99 320 354 
166 105 110 362 119 353 94 185 142 143 5 291 134 10 233 342 315 356 247 286 
21 15 64 298 313 18 180 124 283 14 300 41 312 45 55 111 
324 37 358 69 178 157 39 108 267 4 259 334 181 340 368 361 
216 276 371 357 224 188 197 398 44 386 280 285 258 77 289 277 81 363 82 70 164 
213 222 269 287 101 172 375 237 206 327 17 160 328 98 314 317 61 76 48 
62 147 20 377 272 385 202 113 395 184 59 330 3 91 38 96 376 326 288 294 
115 175 349 97 60 369 263 169 193 125 32 24 338 281 168 394 303 257 378 
331 53 321 236 275 156 122 360 141 232 173 135 230 66 86 33 282 
89 239 262 146 345 302 293 139 29 208 384 382 229 273 392 265 215 221 71 344 318 

