216 53 355 133 2 114 60 385 274 193 68 279 17 393 207 303 45 55 6 76 
238 175 177 174 253 156 151 297 208 132 148 13 310 92 265 317 71 82 
372 240 170 104 9 284 182 204 159 32 322 228 289 244 364 326 356 344 
383 324 296 218 20 346 188 190 194 241 384 226 308 273 392 233 111 243 176 318 396 
166 89 329 357 358 69 197 117 44 304 184 102 65 63 118 315 365 378 106 390 70 
252 371 1 337 362 140 287 101 374 283 260 95 291 316 47 230 328 366 215 81 99 150 
25 49 127 333 275 359 264 389 350 143 280 123 78 10 85 86 314 33 320 164 48 
225 37 262 269 163 370 100 212 202 165 11 232 179 219 336 217 168 181 167 221 340 72 131 109 
31 21 154 309 345 313 347 348 149 351 251 268 299 214 19 330 220 130 16 246 288 40 
162 391 367 290 321 236 349 97 272 172 295 120 58 201 116 4 261 121 74 257 255 242 
192 211 64 110 224 249 152 169 113 206 306 338 3 259 301 66 376 161 368 138 
137 341 146 27 128 23 28 124 250 141 108 173 382 281 334 43 209 90 126 61 354 
222 115 105 189 22 178 198 142 237 183 5 135 8 343 381 52 270 363 361 
213 256 144 67 119 353 7 50 185 339 375 200 59 245 155 380 305 79 96 266 282 
75 323 15 73 335 388 293 210 398 205 125 187 199 42 77 160 98 88 145 
331 35 235 191 129 387 171 122 112 278 54 196 87 267 80 229 307 91 400 342 57 
325 62 36 34 298 18 139 360 186 103 311 327 258 107 153 158 332 56 247 286 294 
276 147 292 271 227 248 263 83 397 395 300 223 41 312 277 234 195 
239 377 84 302 254 180 373 39 46 285 134 231 38 30 
379 203 51 369 94 93 29 26 12 24 399 136 394 
157 14 386 319 
352 

