296 323 146 129 264 101 360 208 125 201 338 136 91 265 52 365 33 
31 137 170 358 253 369 190 202 113 206 184 155 41 231 394 96 314 317 
341 235 309 287 227 182 250 241 95 179 13 42 66 209 74 82 294 150 
391 218 269 335 224 18 197 204 384 196 17 134 400 167 315 56 126 396 164 361 
115 240 203 67 357 97 284 339 375 352 311 24 65 228 220 121 181 243 356 242 
192 239 321 313 69 172 151 283 280 300 258 3 289 277 55 340 106 
49 166 154 189 349 254 7 389 14 193 32 285 219 307 230 158 57 246 195 368 354 
162 37 379 292 2 275 359 152 385 29 11 173 123 107 305 364 88 266 363 247 40 
36 191 333 388 139 157 54 268 46 59 19 229 392 342 233 270 6 99 
372 15 20 84 119 347 210 124 159 304 148 319 77 118 130 332 326 255 
383 331 35 337 133 346 180 112 278 237 143 327 267 273 168 244 81 282 76 
62 175 1 104 188 60 295 44 251 132 199 382 330 312 343 30 221 176 72 
325 53 110 377 370 178 28 351 194 120 306 245 217 393 310 86 378 61 
216 211 73 387 23 156 149 374 169 12 291 135 63 344 320 
75 25 256 177 27 298 140 114 94 83 141 26 200 316 47 85 79 257 288 131 48 
238 222 290 144 362 236 302 198 212 205 397 187 183 223 78 334 43 98 376 286 
324 225 64 174 51 100 272 93 117 103 68 5 322 336 261 153 366 111 138 70 109 
213 21 367 127 128 249 122 398 350 386 108 214 226 399 281 381 16 161 
252 105 355 22 353 171 186 260 232 279 102 380 160 328 303 215 145 
89 262 34 345 9 348 50 297 274 39 299 116 308 92 301 45 90 390 
276 147 329 163 271 293 248 165 142 395 87 80 8 259 38 207 234 71 318 
371 263 185 373 58 4 10 

