75 324 331 341 329 335 140 353 149 374 159 395 179 219 135 273 393 394 90 81 72 138 396 361 
238 296 262 1 203 362 298 348 124 205 304 384 116 168 342 366 167 257 282 106 131 70 48 
21 15 144 73 236 349 114 178 186 14 26 232 279 338 392 301 277 98 195 33 76 354 109 
252 36 309 271 60 284 212 103 386 184 245 319 41 8 244 86 270 378 318 294 150 
137 240 323 20 313 253 7 172 237 352 12 68 78 134 305 118 130 56 71 286 40 390 164 
151 315 326 176 
62 239 290 337 27 370 100 101 152 185 274 143 108 80 229 10 261 310 207 303 221 340 255 320 
225 115 379 84 188 23 156 117 241 268 148 336 330 289 121 181 314 88 126 242 
162 147 146 133 22 9 249 94 297 206 32 24 4 259 334 209 266 368 344 
25 166 105 355 333 275 18 180 263 389 208 200 19 267 308 230 328 265 364 243 6 82 
222 391 218 191 345 104 50 83 295 169 120 196 300 13 47 153 158 57 215 376 247 
213 276 53 34 388 254 272 339 142 299 173 102 65 217 43 234 317 356 288 
325 367 154 377 346 387 347 210 93 398 373 251 11 280 285 258 42 231 85 45 55 111 161 99 
49 89 211 321 119 2 293 248 122 360 350 58 125 183 316 281 136 92 381 332 363 61 
31 372 177 174 67 224 287 369 182 250 283 54 187 59 322 107 63 66 79 145 
383 175 292 129 358 97 28 351 29 165 39 95 5 228 312 343 30 365 
37 371 256 269 128 359 197 385 397 193 132 214 399 307 91 400 233 52 
216 192 64 163 227 264 139 190 194 141 87 223 155 380 160 16 74 
170 110 51 302 171 198 157 202 113 311 199 382 17 3 77 38 96 246 
35 235 127 357 69 375 44 327 291 220 
189 204 260 201 123 
112 278 46 306 226 

