48 180 43 3 90 178 36 136 153 
126 167 27 51 111 148 95 83 110 124 
196 190 80 91 145 116 103 146 93 200 47 28 150 
142 169 152 184 183 15 131 
172 197 35 164 77 122 20 149 63 39 14 49 
24 156 102 179 18 68 7 44 170 19 79 187 
67 199 127 176 69 105 75 13 84 97 174 
163 6 132 162 186 26 62 159 78 171 
64 134 96 120 73 193 10 25 104 181 141 185 42 
88 118 137 123 144 71 11 53 192 101 74 
165 85 45 56 108 38 32 23 129 98 119 
100 9 12 59 143 188 29 139 21 
4 154 158 41 195 92 
140 54 33 109 189 151 160 112 50 107 
130 135 138 46 5 2 34 76 58 113 191 17 
16 22 106 31 52 55 194 8 60 1 175 
182 57 133 147 40 198 61 70 117 114 86 81 
37 177 65 168 94 99 128 125 157 173 166 82 
72 161 89 66 155 115 121 87 30 
