131 156 196 184 27 167 152 72 161 
100 37 12 59 143 188 29 139 21 82 
140 88 105 118 137 123 144 87 17 64 
16 40 31 52 74 101 53 192 45 114 86 
89 66 9 33 177 65 128 125 157 81 154 
4 195 41 158 92 
136 3 124 178 44 90 103 146 170 19 93 200 39 
174 97 34 76 2 185 141 62 5 42 96 187 
169 126 198 61 70 22 98 119 190 148 95 83 110 36 180 
132 77 35 164 122 181 60 1 8 175 
48 183 15 179 18 80 7 47 153 150 
43 51 91 111 145 116 68 102 24 
166 173 189 99 168 94 151 160 109 112 50 
142 182 57 133 147 129 55 194 
107 165 85 56 108 38 32 117 23 106 
54 155 115 121 11 71 30 67 
28 6 49 14 79 63 149 73 193 25 104 10 26 20 130 
191 69 199 176 113 134 84 13 75 127 58 
172 197 159 46 138 186 135 120 162 78 171 163 
