107 165 85 157 155 121 115 144 11 71 64 
135 186 20 77 104 25 10 26 159 46 175 
4 57 133 147 31 52 74 166 174 34 185 42 96 130 
140 54 66 89 
169 22 106 70 61 198 91 145 148 183 102 24 
97 84 199 118 137 123 75 13 8 60 1 
142 156 196 184 152 72 
154 81 55 129 41 182 
194 117 23 101 53 192 56 45 114 86 
172 197 138 73 170 19 193 164 181 62 120 149 63 78 
38 32 50 112 109 189 125 128 177 33 173 
161 119 98 16 40 195 158 92 
100 9 12 59 143 188 29 139 21 82 
167 27 111 51 80 68 180 136 
5 122 35 141 2 76 17 30 
43 3 178 110 44 90 103 146 93 200 39 47 
37 65 168 99 94 151 160 108 126 190 116 95 83 153 
131 15 18 179 7 36 124 48 
67 87 88 105 127 176 69 191 113 58 134 
150 163 28 6 49 14 79 162 132 171 187 
