157 93 199 49 86 130 160 117 180 61 150 
46 164 54 141 151 43 129 70 
106 65 85 191 94 12 82 47 74 108 
185 168 123 21 31 81 
120 51 26 122 8 76 17 200 40 121 
175 9 
145 192 53 2 42 146 
87 161 115 16 162 171 170 187 78 139 
4 188 15 166 33 167 107 
73 30 20 163 98 194 62 84 118 152 111 105 
18 143 165 1 124 60 138 52 45 
41 133 64 27 195 80 182 75 7 
155 67 137 68 176 156 126 148 113 149 119 
35 112 34 142 128 183 88 99 59 24 
56 184 153 71 193 186 144 179 190 72 
114 19 178 23 22 58 127 77 198 
55 44 36 3 5 11 131 66 50 172 197 
92 48 169 181 101 
140 57 95 6 189 177 102 173 10 
89 125 39 29 96 174 110 37 
147 135 109 28 25 116 91 
69 134 103 154 
132 63 158 79 14 
196 32 38 104 100 136 159 13 90 83 97 
