46 164 54 151 129 144 186 179 70 72 107 
106 85 94 12 22 47 82 74 83 45 
4 15 153 71 193 191 65 96 29 174 110 
199 93 133 27 195 49 160 117 180 61 150 
35 124 181 53 17 200 40 112 60 105 
196 20 163 98 194 62 118 138 52 24 
57 19 95 178 23 198 108 
145 121 2 162 171 170 187 78 139 185 
87 146 122 115 16 8 76 192 111 
175 9 
81 168 123 143 176 165 69 134 154 
92 48 169 161 42 
32 38 84 13 159 100 173 10 
155 55 67 137 66 50 156 126 148 113 1 149 
188 184 166 33 43 141 
41 80 64 28 109 182 91 75 7 
157 147 135 167 190 56 
89 125 37 39 97 
140 90 104 136 6 189 177 102 77 127 58 114 
73 152 30 34 142 128 183 88 99 59 
120 51 26 21 31 103 101 
132 63 44 36 3 5 68 79 172 197 
14 18 158 11 86 131 130 25 116 119 
