18 44 36 3 160 117 25 116 
196 118 152 183 88 99 59 24 
157 199 93 135 167 147 107 
63 68 5 133 27 195 180 49 61 75 
41 80 64 28 109 182 91 
120 51 26 143 176 113 31 134 154 
87 161 115 16 162 171 170 187 78 148 
106 65 94 12 174 
149 1 123 21 126 156 172 197 
73 30 34 98 136 6 189 177 102 77 127 58 114 
145 121 2 8 122 76 17 42 53 192 
4 188 15 166 33 186 144 179 190 72 
35 111 
185 168 139 92 48 146 169 181 101 
69 165 124 103 81 119 
132 155 55 67 137 150 7 
62 194 142 128 40 200 112 60 105 
140 32 38 104 159 100 10 198 
175 9 
164 54 89 125 39 108 
46 141 85 191 43 129 70 
56 184 153 71 193 151 96 29 110 37 
57 19 178 23 22 47 82 74 97 
158 130 11 86 131 66 50 79 14 
90 13 20 163 95 173 84 138 83 52 45 
