56 72 153 71 193 186 144 191 43 70 107 
155 55 67 36 5 130 11 160 117 49 61 150 
120 51 26 21 31 169 17 42 
106 89 29 96 47 82 110 
37 94 12 58 127 95 84 83 45 
46 164 54 151 141 125 39 108 
14 18 158 3 86 131 66 50 79 172 197 
168 123 139 162 170 187 78 185 
140 90 13 20 163 98 142 128 40 200 112 60 
92 48 8 122 181 101 
129 85 65 174 
157 199 93 135 109 182 91 
73 152 30 34 183 88 99 59 105 
41 28 133 64 27 195 180 80 75 7 
32 38 104 159 100 10 
35 111 
132 63 44 68 137 25 116 
4 188 15 184 166 33 167 179 190 147 
57 173 136 6 189 177 102 77 198 
143 176 165 1 69 134 81 119 
175 9 
87 146 161 115 16 171 124 103 154 
114 19 178 23 22 74 97 
196 194 62 118 138 52 24 
145 121 192 53 2 76 126 156 148 113 149 
