72 153 71 193 151 125 39 97 
18 158 50 66 131 160 130 11 49 27 75 
175 9 
140 13 38 84 32 90 138 83 45 
4 188 15 184 166 33 167 107 
155 67 150 137 68 14 79 
149 1 143 176 126 156 172 197 
145 112 2 8 139 187 76 17 42 
196 30 20 163 98 142 128 59 24 
124 31 185 103 154 
37 29 96 47 82 74 108 
46 54 89 164 141 43 191 190 
81 168 123 113 165 134 
92 48 146 169 181 101 
157 147 93 199 135 56 129 144 179 186 70 
63 44 117 133 64 25 116 
120 51 26 21 69 119 
7 55 41 80 109 182 28 91 
87 161 115 16 162 171 122 170 78 148 
57 173 104 100 136 159 177 127 77 198 
19 95 6 189 102 10 52 
132 36 3 5 86 195 180 61 
35 152 34 62 194 118 88 183 40 200 
106 85 94 12 114 178 58 23 22 65 174 110 
73 60 99 121 53 192 111 105 
