7 55 117 3 86 131 66 25 180 116 
81 168 139 187 162 171 122 170 78 148 
155 67 41 150 36 68 69 134 119 
143 176 21 126 156 172 197 
89 125 114 58 127 74 97 
18 158 50 5 80 182 9 
57 173 104 100 189 6 102 10 52 
149 1 113 31 103 154 
87 161 115 16 8 175 56 164 141 70 
73 60 38 32 39 37 65 191 43 
147 135 133 64 195 160 130 11 49 27 61 75 
4 188 15 184 166 33 167 107 
35 152 99 62 194 142 128 59 24 
92 48 146 121 138 90 22 47 82 174 
157 72 153 71 193 109 28 91 
132 63 44 79 29 96 110 
196 30 34 98 159 177 77 198 108 
140 13 20 163 136 95 23 83 45 
145 112 2 76 17 42 
106 85 94 12 19 178 84 118 183 88 111 105 
120 51 26 123 185 169 101 
46 54 151 129 144 186 179 190 
93 199 137 14 165 124 181 53 192 200 40 
