142 155 175 9 89 179 122 24 92 49 160 117 82 1 135 157 34 114 68 105 
67 132 10 153 59 86 93 118 182 45 77 33 13 12 16 133 61 72 62 19 54 147 23 11 
28 196 146 186 14 
167 40 119 38 166 102 98 76 8 78 170 165 58 
144 42 138 143 2 108 60 131 169 192 84 27 53 56 185 180 37 55 85 88 17 7 66 
171 63 173 30 152 149 129 
200 41 51 
136 188 184 110 6 148 29 128 126 90 25 127 5 80 158 101 91 106 159 83 
104 64 137 174 198 164 187 73 32 50 96 139 103 141 74 100 36 
178 39 140 26 115 18 113 57 123 121 124 111 176 52 
134 22 191 150 43 151 97 31 69 181 172 81 130 112 120 125 109 95 
116 15 47 48 145 71 193 20 194 190 161 197 44 4 
107 35 183 65 3 199 189 195 156 79 
99 70 94 162 46 177 87 163 75 168 154 21 
