55 117 36 137 68 49 180 66 79 185 99 58 
168 143 21 124 16 59 74 197 
112 20 100 130 5 182 172 19 
3 41 191 43 129 144 198 1 
87 123 156 104 95 39 9 22 127 65 
199 176 194 146 200 10 108 
149 44 61 107 174 183 142 88 40 60 97 
145 122 2 131 29 82 158 
51 26 160 126 170 135 18 
15 71 12 159 147 31 
30 35 34 136 179 
63 67 166 109 25 
132 37 110 171 181 
24 115 187 76 103 
57 83 80 69 118 152 62 
157 72 184 193 175 173 6 32 121 17 113 
155 64 133 11 86 50 14 134 192 42 114 
128 54 7 138 45 102 189 
93 8 53 177 89 188 28 
46 56 163 84 96 52 75 
106 48 162 116 27 186 
120 92 77 164 148 105 
151 125 101 
196 13 94 33 81 78 139 195 
73 169 111 161 119 154 
4 47 85 38 90 98 178 
140 153 167 91 165 23 141 70 190 150 

