73 57 60 53 122 84 23 43 129 107 41 135 
46 7 131 86 69 146 169 172 27 33 
130 34 104 19 178 159 128 62 83 105 31 
140 36 38 136 88 148 119 75 
5 50 158 125 141 82 77 177 192 91 
87 175 35 64 195 133 79 101 24 89 37 85 
132 15 153 166 151 39 200 17 8 108 
4 114 189 13 110 126 72 
30 2 162 118 103 66 11 147 
44 3 68 176 134 96 139 
55 93 54 142 16 160 117 
120 92 48 76 161 187 170 78 197 
157 186 71 12 6 98 74 10 
63 51 25 193 127 
184 94 156 42 61 
145 150 100 95 138 111 59 112 22 58 47 
45 81 137 123 182 80 185 32 174 
97 56 90 171 181 9 52 14 
26 143 21 124 102 149 
20 165 116 179 190 
106 191 163 198 152 18 28 
115 29 
155 113 168 109 40 70 
196 1 180 49 167 188 65 173 194 99 164 
121 154 144 183 
199 
67 

