192 83 94 151 188 138 88 146 185 178 19 
46 35 123 76 17 181 66 122 8 
30 20 38 136 177 127 186 
106 77 110 118 128 53 161 131 
73 37 56 12 182 172 168 126 
55 26 113 162 171 169 9 11 197 
157 67 48 176 69 170 81 60 183 89 
145 1 149 163 95 152 96 10 198 62 
174 57 18 21 165 116 14 180 117 72 70 
156 51 45 90 79 85 190 28 
63 150 160 64 158 23 29 22 58 141 108 154 
196 92 50 124 134 187 78 119 65 
4 15 153 54 167 25 101 148 130 80 7 
44 36 3 86 27 109 175 33 179 43 
140 5 137 68 84 112 111 74 91 
139 115 121 32 6 82 31 16 
114 193 166 125 147 107 144 52 13 100 
87 120 143 34 104 173 142 159 97 135 133 75 
132 93 199 41 195 49 39 42 59 99 103 
155 184 164 129 191 47 189 98 40 105 194 24 
71 61 102 
2 200 

