18 120 26 122 16 1 124 146 66 130 160 80 135 
140 67 54 175 14 7 72 65 152 52 174 198 
55 64 195 180 133 117 11 150 107 70 99 183 173 58 47 114 
196 145 43 188 28 25 61 172 10 77 22 
73 115 48 104 95 98 159 194 53 187 168 156 
87 199 24 125 141 167 29 82 74 83 32 59 154 
106 189 76 134 121 60 192 119 149 197 103 
57 186 151 84 39 200 185 31 126 
30 20 112 128 163 169 111 45 97 37 164 108 
93 137 68 5 165 182 49 27 105 19 
132 41 129 85 94 38 136 127 177 102 17 
155 44 158 143 162 171 170 50 113 75 
51 139 109 79 56 147 193 33 191 89 110 
15 184 153 166 69 181 161 40 90 100 178 
157 81 35 12 13 138 8 42 123 
62 2 21 23 96 190 91 
4 71 118 101 148 131 
46 36 3 176 116 179 
63 92 34 142 78 
86 144 
6 9 
88 

