132 175 71 166 141 32 39 111 152 128 194 98 183 121 112 
196 20 13 189 163 104 6 19 103 154 105 60 108 
87 51 26 168 126 50 130 195 182 131 66 133 160 18 
83 57 54 149 1 79 14 42 61 150 
156 113 81 31 21 49 33 72 127 
63 44 3 95 173 99 185 148 139 122 8 
140 67 48 162 124 134 11 24 119 75 
145 115 161 178 77 114 59 37 110 193 
123 147 151 84 88 192 45 10 198 
55 5 180 137 38 142 159 100 174 74 85 70 
4 56 107 91 80 64 27 167 188 43 186 144 179 135 28 
93 199 41 125 97 138 17 200 16 187 146 
106 22 89 82 47 181 158 172 7 90 62 
46 164 35 109 25 116 117 129 65 191 
73 30 2 176 165 69 169 101 53 52 
157 15 76 23 29 96 197 
155 184 94 12 58 136 118 190 
120 92 34 170 40 
36 68 177 102 
86 78 
143 171 9 
153 

