140 24 26 8 165 69 181 194 89 77 
55 53 112 123 159 32 149 14 197 91 
73 145 143 5 109 88 111 127 70 188 
16 187 48 122 146 154 138 173 174 193 65 
18 67 66 131 86 156 134 100 22 52 56 72 
4 147 85 54 12 114 183 142 121 200 119 108 
31 115 139 185 99 98 83 37 141 167 64 
45 82 164 94 151 125 175 107 186 33 179 27 28 
180 36 150 68 21 25 1 168 78 198 
63 80 41 166 47 81 172 113 49 195 
196 90 20 128 60 126 161 17 40 13 129 
87 97 178 110 34 62 23 29 96 59 152 19 
46 15 184 153 191 43 6 189 177 58 74 
44 192 163 104 95 144 135 133 61 75 
157 7 176 84 118 101 148 158 11 130 117 
106 71 160 50 79 9 103 105 
155 93 137 124 169 102 10 
132 120 51 38 39 190 
57 162 116 42 
199 76 170 
30 2 136 
3 182 
92 171 
35 

