140 126 143 66 167 85 29 59 121 60 90 
73 35 112 98 163 104 136 142 88 200 119 141 
87 67 117 107 56 37 43 65 193 22 82 19 154 149 
4 93 135 166 70 125 198 62 183 17 122 161 197 14 
155 164 150 5 49 27 50 156 113 83 189 100 
63 44 28 131 130 72 147 175 173 32 174 89 108 
196 194 20 127 47 191 33 186 58 102 10 77 
30 21 123 168 170 8 185 148 
97 71 151 114 118 99 128 74 110 41 
1 146 2 152 45 188 81 18 158 11 195 64 
132 15 53 25 61 80 179 133 180 75 
106 153 129 7 31 169 192 24 91 
120 36 3 86 69 116 172 16 
145 115 34 38 13 84 138 9 105 103 
51 137 176 165 124 181 111 178 52 
157 184 94 12 95 23 96 187 
46 57 162 171 134 139 42 160 
55 199 54 109 79 78 
26 48 76 39 101 
92 6 159 190 
68 177 
144 
182 
40 

