4 107 85 154 112 185 156 66 61 80 133 49 91 
73 30 99 48 81 17 194 42 175 
14 26 143 160 69 146 169 16 8 60 24 56 
72 15 86 64 109 116 9 97 65 
155 44 147 166 193 191 43 141 82 114 29 45 152 22 
132 93 199 76 126 122 78 53 192 31 
106 70 47 94 173 104 95 138 111 74 37 7 
187 180 117 181 96 110 52 164 188 
46 27 195 129 186 172 50 131 123 168 1 
184 153 33 174 58 19 178 101 13 90 198 98 62 
196 32 2 162 124 134 128 102 10 59 149 
83 20 100 189 34 183 121 177 89 105 197 41 
63 67 150 36 137 68 176 25 182 135 28 139 
55 35 161 127 88 200 5 75 
18 113 92 103 158 11 170 40 119 108 
157 167 71 12 84 39 179 130 
87 115 163 136 118 159 77 
120 51 38 142 190 
140 145 54 151 125 23 
3 21 165 79 148 
57 6 
144 
171 

