63 195 180 7 125 191 13 17 192 139 168 
155 93 41 76 62 19 22 59 149 64 
145 35 163 84 179 5 18 
120 26 123 34 38 169 172 130 197 
107 153 43 37 82 189 159 77 154 122 
106 45 94 12 112 138 88 111 74 
14 44 166 193 127 8 42 110 89 
4 184 121 104 95 118 98 11 160 
92 48 6 23 131 
36 32 177 
100 20 128 162 124 181 40 
143 79 33 47 
73 24 150 68 176 1 116 49 108 
87 103 51 173 136 142 83 129 91 28 
157 27 61 151 186 101 148 161 99 175 
147 71 167 135 117 25 31 200 53 105 174 
132 66 3 137 21 69 39 65 72 146 
140 30 2 16 187 156 134 80 56 194 81 
46 15 152 183 165 185 170 58 
196 97 85 50 182 9 114 10 70 
67 171 29 96 52 178 
113 141 54 198 90 60 158 190 75 
55 199 86 133 109 126 78 119 164 188 
57 144 
115 102 

