87 145 32 45 31 185 122 127 58 102 10 98 83 
46 72 141 70 28 117 49 195 91 41 148 152 183 173 
4 71 166 85 125 175 39 37 110 99 112 128 198 114 
196 115 168 113 81 88 56 5 180 
73 30 54 151 182 174 19 52 103 
157 15 153 100 104 65 89 29 97 154 62 
155 18 66 11 68 21 69 139 156 33 193 43 
132 57 14 64 109 79 9 146 197 75 
55 93 137 130 80 181 172 126 123 107 
44 161 53 194 134 96 191 186 167 147 7 
106 35 8 16 76 189 177 77 74 82 108 
140 20 121 176 50 131 160 158 149 164 47 60 
150 67 143 187 165 124 24 59 129 135 188 
120 51 192 34 6 90 42 105 22 
184 178 13 163 95 142 17 200 119 
63 92 48 162 138 101 1 61 133 27 
2 38 84 118 159 190 
26 86 169 40 
199 12 136 78 
36 3 25 116 179 
94 170 
171 111 
144 
23 

