70 184 71 110 72 195 5 80 180 31 192 
73 122 12 47 95 19 88 111 81 107 197 175 
46 15 188 64 133 27 49 131 117 144 179 33 141 164 108 59 
114 191 147 161 169 16 200 112 146 152 97 
113 115 45 124 170 187 183 60 98 13 
18 120 92 156 171 174 29 65 85 89 82 22 178 83 
196 168 163 104 189 77 58 96 43 41 149 154 
93 199 68 109 25 79 66 50 126 105 90 198 
87 67 14 143 162 185 181 172 1 119 7 
106 56 167 135 160 61 11 9 32 173 62 
4 24 35 121 176 165 39 101 91 193 186 
140 57 99 21 139 134 8 74 127 
63 51 158 103 76 53 118 159 194 102 128 
155 44 54 37 38 100 138 148 130 28 
30 20 151 129 182 78 123 150 75 
145 166 136 142 17 42 52 
132 26 48 34 6 177 190 
55 153 125 40 10 
157 36 3 86 69 116 
2 84 23 
94 
137 

