55 180 104 136 173 47 29 96 74 52 
46 15 184 153 12 53 101 42 122 8 16 187 
4 93 18 174 114 19 88 111 168 161 112 83 
106 164 198 34 95 127 9 91 80 64 107 147 
87 22 139 124 103 113 126 50 66 5 195 197 14 
140 145 92 48 192 97 24 45 39 179 43 85 135 
155 70 110 128 98 62 90 138 154 11 117 61 49 133 
73 188 33 54 167 149 146 156 185 
141 193 130 69 181 17 123 131 160 7 
44 36 129 125 152 118 178 102 189 37 60 
132 67 72 1 32 183 142 159 100 77 58 
56 186 71 65 89 13 99 59 175 27 41 158 
51 26 68 176 150 25 182 191 82 121 
63 166 151 84 177 194 10 108 81 
196 30 2 21 165 79 172 31 119 28 
20 162 76 134 200 105 75 
157 199 137 109 116 148 
120 163 6 23 190 
115 38 169 78 
3 86 170 40 
57 94 144 
35 171 
143 

