132 135 28 137 147 174 154 31 117 41 108 83 
106 43 24 171 118 194 42 161 14 158 7 
55 64 27 167 70 151 186 22 82 110 58 198 98 
155 120 51 90 104 47 178 23 107 105 72 
196 30 2 192 183 34 6 189 159 40 52 45 59 
145 91 80 5 50 134 101 175 10 65 89 
157 67 36 3 21 13 177 188 197 
63 164 114 163 128 121 187 123 156 66 81 97 
140 49 95 138 152 99 112 60 149 185 168 139 
46 184 141 191 85 129 193 195 130 126 122 17 146 
4 35 48 165 180 61 172 148 32 37 
56 15 33 53 76 8 96 173 100 62 
87 18 133 86 160 69 79 150 103 1 19 
73 20 94 38 169 111 11 131 113 
93 199 166 77 127 88 190 75 
71 109 25 116 9 119 
44 143 125 182 78 16 
26 68 176 124 170 200 
153 54 12 136 142 74 
57 162 144 179 
115 84 39 29 
92 181 102 

