55 67 100 125 97 83 88 81 90 198 114 
60 145 112 173 183 32 149 188 107 80 150 130 11 117 49 195 27 
4 143 61 133 134 147 167 33 191 43 82 
157 15 56 68 175 84 39 9 19 52 62 
155 98 128 121 122 146 161 181 53 8 113 139 168 156 
106 70 164 174 110 152 38 136 142 159 141 192 24 
63 44 5 160 72 187 172 123 50 66 131 
132 51 86 124 169 99 194 186 89 
59 30 2 176 158 170 16 40 10 22 47 
135 93 129 65 12 77 95 127 37 102 189 108 
140 13 20 178 14 25 182 96 85 197 31 
87 199 7 180 64 109 193 41 105 185 103 
196 35 48 162 76 138 101 1 119 91 18 
46 184 153 166 151 58 111 45 126 
120 36 3 21 165 79 28 190 
71 104 6 23 29 74 154 75 
73 92 163 118 200 17 
57 54 69 116 78 
115 34 179 
137 148 
26 171 42 
94 177 
144 

