140 145 99 32 114 82 198 194 128 138 78 168 53 
55 67 80 147 167 141 89 98 102 108 
120 36 68 21 177 127 105 41 
157 93 199 54 25 79 37 154 103 8 
73 166 151 116 70 131 66 
46 183 65 186 39 135 64 11 1 
59 115 123 165 77 19 47 33 91 
44 130 61 137 14 188 191 193 27 185 113 
83 20 90 109 88 148 52 72 
184 110 178 125 100 159 40 192 161 16 
196 30 2 112 152 149 169 101 50 5 117 107 
4 15 85 22 58 173 170 126 119 197 75 
13 60 48 34 62 136 142 111 164 56 175 7 
132 92 187 6 23 29 96 74 129 
106 153 150 69 182 172 158 160 49 180 133 
87 26 143 104 95 144 179 190 
57 94 38 84 118 9 81 43 
97 3 86 124 24 146 200 189 
155 51 18 31 122 17 139 156 195 28 174 45 
63 35 162 171 134 121 10 
71 12 181 42 
76 
176 
163 

