140 28 166 83 194 138 45 102 58 178 
196 30 128 103 176 66 158 72 70 107 43 65 114 110 
87 145 187 1 109 25 149 183 74 167 
55 80 54 37 89 125 39 101 150 117 133 
60 26 143 180 27 61 79 126 42 53 112 13 
157 15 154 163 181 88 111 123 50 
132 44 21 69 161 200 64 75 
155 91 67 99 173 182 9 193 191 47 22 
195 36 131 130 49 81 139 168 78 31 192 122 
115 34 95 118 29 82 52 90 108 59 
46 199 11 5 18 113 134 32 189 98 198 24 
141 8 162 16 17 152 62 77 119 175 56 147 
63 14 146 48 156 165 124 160 135 33 186 129 85 164 
4 188 71 174 104 121 172 148 185 97 7 
73 3 86 41 169 19 10 127 
120 51 38 136 142 159 100 105 197 
92 171 96 190 
57 94 151 40 
93 137 68 84 
106 35 76 170 
184 153 116 179 
2 6 23 
20 12 144 
177 

