383 222 288 375 177 39 210 35 64 153 203 
75 55 136 204 385 133 103 293 
315 381 9 342 42 230 200 167 130 81 336 
143 306 258 205 158 83 212 8 
196 266 226 267 268 227 28 80 
312 354 18 33 120 102 
70 175 88 274 176 223 321 84 14 
40 232 372 392 148 62 325 335 94 241 
250 318 108 174 124 384 
224 118 373 56 49 235 216 376 
2 72 140 361 393 344 387 
313 137 3 77 277 240 
307 91 330 324 380 1 
156 139 298 22 338 
287 255 25 149 219 182 
106 259 282 13 262 322 343 231 310 
164 161 238 107 123 154 34 291 
93 256 23 265 122 68 198 
150 245 317 217 237 290 365 5 
211 173 141 261 379 17 
340 115 367 302 11 334 45 234 
359 253 209 37 188 
218 171 326 395 54 59 114 53 
243 97 111 109 271 378 43 187 284 
329 285 52 170 370 7 12 
398 252 50 31 366 101 128 332 159 26 184 172 
333 389 286 27 303 280 371 397 202 36 
207 169 374 364 117 60 273 58 
186 121 304 134 249 351 233 309 319 20 
144 278 125 248 99 
147 100 162 57 246 356 299 257 201 
316 127 165 90 360 47 327 272 86 220 
213 349 377 192 190 206 98 
283 96 263 71 79 292 19 146 116 399 347 
185 339 341 394 382 15 294 166 183 225 229 
194 87 275 251 6 69 193 135 208 
276 151 345 279 369 38 
396 92 352 242 348 357 66 353 131 
155 44 390 74 112 215 48 178 386 244 
16 4 239 110 195 358 180 
104 78 308 126 61 119 105 
296 113 29 305 350 289 160 388 301 331 
269 323 199 264 30 145 281 362 132 
168 179 85 300 
328 76 32 363 214 41 
142 95 67 260 320 
391 295 355 181 297 
368 197 73 
346 63 221 
46 236 247 400 
89 10 
270 
138 
228 
152 
189 
129 
51 157 
65 191 314 
21 311 
163 
24 
82 
254 
337 

