199 67 50 145 223 176 99 105 231 
2 163 314 166 160 220 225 202 203 
269 323 346 264 134 88 117 206 384 20 
283 340 337 19 198 159 
186 296 23 354 27 303 387 103 
287 390 326 260 35 34 291 
161 75 72 140 297 210 385 369 190 58 
142 24 149 281 248 37 319 17 172 
207 179 352 308 280 5 244 
121 32 76 214 327 61 212 
250 359 63 249 215 48 7 187 
329 78 372 305 350 200 130 338 
93 147 139 342 18 277 94 399 
104 9 298 122 68 83 240 
196 165 266 65 242 344 300 229 234 331 
396 137 339 11 268 216 386 188 
383 25 31 258 237 135 180 
316 127 115 394 174 126 124 178 
313 92 228 299 335 59 397 
95 217 39 271 364 1 114 
175 125 132 119 53 
213 275 62 209 262 45 273 36 
164 307 324 56 374 49 86 376 43 
295 375 288 355 181 380 133 26 
232 40 392 246 356 289 378 353 8 
222 46 55 270 85 219 235 309 102 
194 333 162 82 157 41 388 257 153 60 
243 224 226 191 272 322 358 80 
143 256 129 341 382 294 33 154 321 310 
368 70 192 351 365 28 184 
156 100 286 57 6 325 64 183 201 
155 44 304 377 366 357 81 347 
211 349 238 318 177 195 128 332 120 
144 315 328 148 253 251 221 193 336 
306 370 38 
150 245 54 274 241 
218 171 282 259 101 205 14 182 
185 302 367 267 167 131 
398 89 10 239 345 279 111 109 84 301 208 284 
278 263 71 51 79 292 146 379 371 293 
97 330 348 77 227 12 
197 74 21 320 233 362 158 290 66 343 98 
168 317 169 3 116 
87 389 230 42 
276 90 360 108 141 47 
381 96 113 265 69 
173 361 393 22 
151 123 52 170 
106 252 112 
391 136 204 400 
189 73 13 
107 138 334 
255 395 
247 
91 
118 15 
363 311 
110 
30 
285 261 
312 
152 
16 
373 
236 
254 
29 
4 

