218 255 24 30 260 320 281 64 225 184 
164 313 32 76 305 280 167 130 376 244 80 347 
144 40 148 392 253 251 209 325 227 386 28 53 
147 139 263 71 122 79 27 68 160 212 12 201 
276 118 123 261 18 235 178 180 188 
121 238 375 355 181 297 39 400 371 321 399 38 60 36 
383 236 110 195 385 364 336 331 273 172 58 
75 161 173 11 382 124 388 397 234 98 
194 100 96 15 126 135 220 84 202 14 
396 340 339 394 335 116 358 343 45 241 17 284 
269 189 31 145 366 101 290 66 240 81 153 102 
95 199 54 351 248 37 387 103 43 187 
155 171 311 369 34 206 114 131 203 182 
186 213 349 318 363 214 77 300 159 26 319 208 310 
295 288 141 242 85 35 357 99 119 105 384 20 
2 316 179 90 360 108 3 334 61 94 
222 46 55 274 223 176 132 216 291 5 
207 266 226 191 314 327 272 86 231 
359 106 217 205 332 309 120 8 
391 72 140 361 344 348 277 379 257 7 
315 23 256 267 174 294 166 154 133 183 301 
398 67 50 149 112 215 48 365 83 293 
104 232 292 303 198 59 322 338 229 
211 127 165 204 49 1 190 353 
93 143 283 9 298 6 69 262 193 378 
333 87 162 82 350 299 200 
196 151 373 56 374 370 219 117 
368 70 175 22 
250 16 247 345 111 109 271 
278 381 286 57 246 356 157 289 
156 113 228 230 42 19 146 
150 245 317 380 279 128 
4 10 239 210 
142 323 287 63 259 377 233 158 
243 169 268 33 
44 346 264 73 134 362 237 
137 185 302 341 
329 328 265 342 
296 275 62 41 
390 21 74 326 249 192 
97 367 129 
168 107 47 52 170 
307 91 324 330 
252 125 282 
136 393 
306 304 395 88 
224 138 308 
51 
152 
254 
258 
270 
337 
352 
25 
197 
92 
389 
285 
312 
13 
221 
354 
29 
115 
65 
177 
89 
78 372 
163 

