156 96 382 268 272 86 99 321 60 
283 296 256 23 176 248 132 240 234 273 331 
383 391 295 239 345 49 190 235 216 291 188 
359 255 74 249 112 215 387 81 212 8 131 
211 313 115 367 129 267 335 94 220 338 202 14 
196 317 177 111 83 7 184 
93 143 76 254 311 221 59 358 84 45 182 
161 213 355 136 297 370 124 388 257 319 203 
194 278 381 9 298 19 42 146 280 103 293 102 
113 265 356 305 299 160 183 384 98 
78 40 275 62 6 167 116 371 180 347 
389 87 286 292 27 378 386 353 58 
168 360 138 374 385 133 34 26 301 17 284 
164 395 274 233 290 66 343 20 
121 32 363 13 22 357 159 178 120 376 28 201 36 
55 67 30 377 362 369 117 309 80 172 
368 197 21 125 35 322 225 153 12 53 
218 390 25 73 88 223 48 37 397 229 310 
44 323 304 306 320 101 128 206 114 5 244 
75 238 375 393 18 379 61 38 
250 398 46 270 85 277 332 399 241 
127 72 140 242 77 166 300 119 105 208 
207 266 224 226 65 123 52 33 64 
95 264 149 31 366 237 158 205 336 187 
186 150 349 318 107 361 39 364 1 227 43 
329 328 230 342 350 200 130 231 
144 147 139 51 79 325 135 
252 106 195 279 109 271 
276 324 330 210 400 365 
142 155 326 281 192 193 
316 2 179 108 47 334 327 154 
92 396 340 228 126 
315 263 71 29 122 303 198 
104 333 232 392 148 253 251 209 69 
100 354 219 
243 185 302 341 394 174 
312 337 308 41 
245 222 181 344 348 
307 151 373 170 
91 204 262 
288 89 10 
97 285 352 261 294 
269 287 346 259 282 351 
171 24 260 258 
236 217 
90 165 173 191 314 
118 56 
199 63 134 145 
214 68 
339 137 11 15 
82 
16 247 110 
152 162 57 246 157 289 
380 
3 
54 
50 
141 
70 
175 
372 
189 
163 
169 
4 

