164 313 247 195 279 321 225 45 202 14 201 331 
186 142 171 54 281 233 158 83 7 131 203 36 
250 50 260 258 205 34 206 103 102 
316 90 204 277 18 99 220 153 38 284 
211 138 174 272 33 160 135 183 231 180 310 
93 194 88 223 274 262 130 358 301 208 12 58 
161 324 151 373 111 364 1 117 332 159 26 319 53 
156 9 246 305 350 200 335 116 64 84 229 241 17 172 
144 256 23 275 221 48 37 240 376 184 
222 295 355 380 374 49 219 190 216 114 8 
315 328 76 214 363 77 379 94 257 80 188 
359 264 134 22 167 59 81 399 60 273 98 
100 113 51 79 292 146 280 388 43 187 182 
396 340 339 11 267 294 166 124 300 5 
155 255 25 74 377 362 132 365 378 178 386 28 
150 238 129 327 268 154 133 120 353 347 
269 287 304 259 282 101 128 369 235 119 
2 207 226 123 85 357 387 293 
398 245 318 72 169 393 334 86 61 338 
168 266 224 191 344 126 322 343 20 
104 78 40 372 253 251 6 209 325 105 
121 288 391 375 136 210 39 35 193 66 244 
196 127 165 243 173 352 242 3 348 370 291 
46 306 63 145 176 248 336 
75 213 179 108 141 47 371 397 234 
383 4 89 297 109 271 309 227 
368 44 24 112 192 351 290 212 
55 67 30 320 366 237 384 
97 360 285 314 
283 278 381 298 42 230 27 303 198 
296 143 115 367 394 382 
389 87 162 57 356 157 299 
329 70 175 311 
218 326 249 215 
106 217 270 
346 199 21 13 
276 307 330 345 385 
147 96 139 354 19 289 
236 181 400 
323 390 197 395 
349 317 170 
263 71 265 342 68 
118 52 
92 137 302 341 15 
16 10 239 110 
333 232 82 62 69 41 
312 228 308 
56 
252 
65 
31 
122 
107 
125 
185 163 
32 337 
177 
91 
286 
361 
254 
140 
392 
148 
95 189 73 
152 
29 
149 
261 

