93 238 318 140 141 77 61 45 60 331 
156 100 51 79 122 350 289 280 99 43 273 
250 155 304 88 158 66 225 229 234 17 
359 189 24 320 223 176 83 387 386 244 
276 317 330 344 379 135 5 20 
256 23 356 305 299 262 257 105 384 
263 113 265 230 308 18 240 84 
121 222 106 270 22 357 227 53 
245 16 239 380 370 133 206 120 
2 127 115 129 11 294 174 268 116 336 187 
186 213 375 247 205 369 114 
44 255 390 21 249 112 233 178 301 
91 324 242 3 348 277 322 64 220 14 
313 196 165 179 173 285 52 33 160 94 7 
104 87 162 82 69 37 183 241 
315 278 381 298 342 19 42 146 193 358 80 172 
391 288 281 332 190 309 202 182 
164 75 349 72 169 217 39 365 399 310 
329 368 63 306 259 274 248 321 28 347 
269 197 134 258 366 101 117 216 291 8 188 58 
70 395 54 215 59 371 212 153 38 98 
139 312 354 27 303 198 335 130 338 36 
283 296 32 76 214 363 85 219 159 26 319 208 184 
168 97 226 138 123 49 1 376 12 
144 326 35 378 81 293 
383 150 55 177 181 297 385 364 34 180 
266 360 393 126 154 103 353 131 203 
398 252 31 260 145 362 290 235 102 
40 78 372 253 148 275 62 209 325 388 343 201 
211 161 107 361 204 166 124 300 119 231 284 
295 89 10 4 110 345 279 195 111 109 271 397 
143 194 328 337 15 267 327 272 86 
199 149 377 125 132 
92 185 339 302 341 394 382 
333 232 286 57 6 41 167 
316 243 90 352 47 334 
142 323 346 25 73 192 237 
287 218 171 351 48 
95 67 50 282 
147 9 251 200 
224 118 65 170 
264 74 128 
392 254 311 221 
46 236 210 400 
340 396 367 68 
207 108 191 261 314 
96 71 29 157 
307 151 373 56 374 
30 13 
152 389 246 
228 292 
355 
137 163 
175 
136 

