164 256 23 393 39 357 66 84 241 
211 161 349 138 242 18 83 240 81 28 182 
155 44 25 63 145 281 233 159 114 180 20 
396 312 11 382 294 154 300 26 105 231 
91 324 110 345 195 279 111 364 397 131 
194 40 372 392 148 253 289 379 61 212 153 
196 127 224 308 262 130 343 45 310 
398 264 24 30 88 223 135 99 234 
144 381 100 230 42 19 303 198 94 293 
238 173 191 261 277 124 388 8 
295 151 170 369 206 178 120 
139 263 57 356 69 200 335 116 64 7 
150 245 317 140 169 400 227 386 244 
250 375 47 3 126 119 
368 171 259 282 274 248 176 37 387 184 
2 168 118 123 385 336 36 
213 72 318 136 181 49 370 257 202 
137 185 52 33 103 
359 304 255 73 134 112 192 351 309 
92 340 339 302 394 174 15 268 321 12 
283 315 113 265 354 327 272 
175 70 311 221 325 331 
390 197 326 258 366 128 117 229 
296 328 162 27 146 358 301 208 53 
278 333 254 209 41 291 273 
316 165 360 361 334 166 133 376 14 
313 276 355 158 290 332 216 80 188 
93 156 298 251 280 160 225 38 
142 306 320 260 205 190 235 5 201 172 
75 90 226 65 85 219 34 102 284 
269 287 395 249 362 132 365 378 399 17 
383 207 108 352 344 77 348 86 220 319 
55 373 271 109 1 353 43 187 98 58 
143 147 71 79 292 68 167 59 322 338 60 
186 121 95 125 35 193 371 183 384 347 
222 46 217 297 210 203 
243 179 367 129 267 
329 32 76 363 214 22 
323 199 31 149 377 101 237 
87 29 122 350 
391 288 236 247 
107 285 314 
104 9 286 157 305 299 
307 239 380 
232 13 48 
97 266 56 374 
252 67 50 215 
89 10 
16 4 
389 152 82 246 62 6 
218 21 74 54 
189 
342 
341 
275 
270 
115 337 
78 
228 
330 
51 
346 
177 
141 
204 
106 
96 
163 

