323 199 25 73 145 366 237 205 190 159 231 
168 107 200 335 322 371 319 
185 339 302 129 308 126 235 309 353 
213 65 191 314 61 94 64 202 14 331 
278 328 113 79 122 27 198 257 119 301 
207 224 266 394 382 268 220 321 153 38 102 
245 238 363 280 167 130 208 310 
142 50 274 88 215 132 83 378 241 12 
164 307 151 373 56 374 154 114 182 
44 255 390 21 125 262 99 43 203 
150 383 222 140 327 227 8 80 
161 90 138 170 348 160 244 172 
104 9 265 292 116 229 
75 211 89 239 380 370 135 397 53 
16 4 195 240 81 212 293 187 98 
398 95 63 259 192 351 338 17 
313 165 341 11 277 86 386 131 
283 147 263 71 51 157 350 180 
194 381 214 85 193 60 
144 92 115 367 261 272 178 376 
250 155 197 326 249 112 233 158 290 
121 32 76 42 19 133 183 
391 288 355 375 270 364 1 332 206 20 284 
137 163 33 379 28 
315 296 298 305 69 120 
2 324 330 49 117 
236 247 110 345 279 111 109 271 26 384 184 
91 52 3 59 103 347 
118 47 141 242 18 124 388 7 234 
359 349 318 169 297 210 357 358 
389 87 152 57 246 68 146 105 
316 181 22 34 45 
93 143 256 217 400 39 219 369 216 5 
269 287 304 306 320 281 248 37 365 399 
186 78 372 392 275 253 62 299 225 
396 312 354 303 289 343 201 273 
196 127 243 173 285 123 344 77 291 188 
97 361 393 166 300 84 
70 175 54 223 176 48 66 387 336 36 58 
329 368 171 134 377 35 
100 96 267 294 
55 252 149 258 101 362 
333 162 82 6 209 325 
156 139 41 
295 317 204 385 
346 264 24 30 260 128 
218 74 395 13 
23 337 15 174 
276 72 334 
340 342 230 
40 232 254 311 221 
179 360 108 352 
29 356 
189 
46 106 31 
10 177 
67 282 
148 
136 
226 
286 251 
228 

