383 150 317 140 297 400 219 133 34 206 201 
70 62 209 325 135 99 45 234 17 
147 100 162 57 246 356 157 280 160 61 38 
161 238 213 72 318 52 170 369 309 178 386 28 
44 155 306 154 321 14 60 182 172 
313 349 110 385 387 81 212 8 188 
339 115 367 77 126 388 257 202 208 310 284 
16 101 237 205 84 153 131 98 58 
196 316 179 350 289 335 371 220 225 301 12 
93 171 395 13 248 119 105 384 20 
144 283 278 337 348 124 291 347 
55 46 236 247 111 271 109 364 117 332 216 227 184 
224 118 373 370 86 300 114 43 203 
269 264 50 176 48 66 83 240 353 273 
40 372 392 253 148 275 251 299 116 343 231 331 
263 139 71 42 19 303 198 94 64 338 229 
91 324 151 344 277 379 26 5 244 
368 197 326 134 366 158 290 132 365 378 399 53 
75 89 181 210 59 322 183 241 
315 328 96 51 79 68 146 167 130 103 376 187 
143 296 256 298 230 308 262 193 397 7 36 
164 2 97 65 3 242 1 159 120 80 
186 255 24 274 88 223 37 358 319 180 
194 333 82 286 6 69 200 336 293 102 
222 391 288 375 355 380 49 190 235 
359 95 259 145 281 362 233 
156 129 11 267 15 268 33 
127 165 90 173 352 285 382 174 272 
92 340 341 302 394 334 166 
398 142 323 25 73 112 192 351 
250 295 177 217 39 35 357 
329 23 76 363 32 214 128 
104 232 78 254 311 41 
87 152 389 292 
346 199 74 54 215 
211 243 360 108 141 47 85 
245 138 261 18 
218 390 21 125 22 
121 252 149 31 258 
168 207 107 314 
185 137 191 327 
276 4 239 195 345 279 
226 266 56 374 
106 30 260 
67 
381 9 265 342 27 
307 136 204 
287 304 63 221 
270 
361 
393 
113 29 122 
396 312 354 294 
377 
320 
228 305 
189 
282 
163 
175 
169 
330 
123 
249 
10 

