172 197 5 62 26 159 20 46 138 186 120 
42 181 35 164 104 25 10 77 122 141 185 
131 156 7 18 68 44 178 36 
66 9 12 59 65 125 189 33 143 
157 109 160 53 101 192 108 55 158 
173 188 29 139 21 166 82 
37 177 128 168 99 94 151 112 50 107 
142 152 196 184 167 27 80 183 102 24 
100 89 
4 194 31 23 117 114 86 81 154 
84 199 118 137 123 13 8 60 1 97 174 
163 162 103 90 116 95 83 110 124 48 
153 47 200 93 193 19 170 146 73 149 63 187 
182 40 16 98 119 161 72 
28 6 132 78 171 150 
140 87 88 144 11 71 105 75 127 
169 61 198 126 
130 135 96 34 76 2 175 
190 51 111 91 145 148 179 15 
57 133 147 129 22 41 195 92 
180 43 3 136 
165 85 45 56 38 32 74 52 106 70 
49 14 79 39 
191 69 176 113 58 134 17 30 64 
54 155 115 121 67 
