24 196 190 51 111 44 90 178 36 
131 156 179 7 68 18 183 102 
163 171 78 130 150 
142 152 167 27 91 145 148 184 
187 162 135 138 46 96 
54 66 9 12 65 125 112 50 85 55 194 
57 133 147 22 70 106 195 92 
181 35 164 104 25 10 77 122 141 185 2 
169 61 198 126 
100 37 59 173 188 29 139 21 166 82 
180 43 136 3 15 80 116 95 83 110 124 48 
89 191 127 13 8 60 1 97 174 
153 47 200 103 39 
157 109 160 53 101 192 81 154 
88 144 115 11 71 87 30 67 
42 172 197 5 62 26 159 20 186 120 
140 155 121 105 69 176 113 58 134 17 64 
4 31 74 32 38 114 86 107 34 76 175 
28 6 49 132 14 79 93 193 19 170 146 73 149 63 
182 40 16 98 119 161 72 
165 45 56 108 117 23 52 129 41 158 
84 199 118 137 123 75 
143 177 128 168 99 94 151 189 33 
