89 66 144 123 13 8 76 34 175 
9 12 59 173 188 29 139 21 166 82 
180 136 3 93 193 19 170 146 73 63 187 
182 57 133 147 40 16 98 119 161 72 
1 60 75 
140 87 88 118 137 11 71 105 113 97 174 
28 6 49 14 132 171 130 150 
43 124 190 80 184 24 
54 155 115 121 30 67 
84 199 127 176 69 191 58 134 17 64 
42 181 35 164 104 25 10 77 122 62 96 120 
162 172 197 5 159 46 138 186 149 79 39 
163 78 135 20 26 141 185 2 
4 31 23 117 114 86 81 154 
100 37 65 125 109 112 50 33 143 
45 56 38 32 74 52 106 70 
177 128 168 99 94 151 160 189 157 107 
165 85 53 101 192 108 55 194 
7 179 18 68 44 116 83 95 148 15 
169 61 198 22 41 195 
153 47 200 103 90 110 178 36 48 
131 156 102 183 196 129 158 92 
142 152 167 27 51 111 145 91 126 
