154 81 165 85 45 56 108 38 23 106 70 119 161 
142 152 167 169 72 
140 54 155 65 168 99 94 151 53 160 112 50 157 173 
174 97 84 199 127 118 105 176 113 191 58 134 64 
100 37 188 29 166 21 12 9 144 115 121 11 13 8 60 1 76 2 34 175 
28 6 49 14 172 5 181 35 164 104 25 19 170 146 200 39 153 
4 92 195 31 52 74 101 192 32 117 41 194 107 55 158 89 66 82 
150 163 171 132 78 79 
139 143 59 33 177 128 125 189 109 114 86 129 22 91 145 51 126 36 178 110 83 116 148 80 
131 48 47 63 149 120 42 197 159 26 62 77 20 46 138 186 135 96 
24 156 15 179 7 68 18 183 196 102 124 43 180 3 136 187 130 17 87 88 71 137 123 75 69 30 67 
182 57 133 147 40 16 98 61 184 190 27 198 111 95 44 90 103 93 73 193 10 122 141 185 162 
