154 31 74 32 108 56 45 23 38 112 160 109 189 125 65 144 71 88 87 17 30 67 
24 156 167 27 72 195 81 86 114 117 52 106 22 91 145 51 80 126 70 158 
4 92 182 57 133 40 147 129 55 107 66 82 
48 131 124 43 180 3 136 
140 54 155 115 121 11 75 97 174 
150 163 6 132 78 79 
139 143 59 177 128 168 99 94 151 53 101 192 50 157 33 12 9 89 
100 37 29 173 85 165 188 21 166 194 41 161 102 178 83 110 36 
42 172 197 181 77 193 146 93 39 153 
28 49 14 135 62 122 35 164 104 25 10 26 159 20 186 138 46 5 141 185 
142 152 183 15 179 7 68 18 196 184 190 61 198 111 148 116 95 44 90 103 200 162 137 123 13 8 60 1 76 2 34 175 
47 63 149 19 170 73 120 96 
84 199 127 118 105 69 176 113 191 58 134 64 
169 98 16 119 171 130 187 
