100 37 139 59 143 188 21 166 129 41 194 107 66 89 82 
47 63 149 42 172 197 181 35 164 104 25 170 19 10 77 122 20 186 79 
48 131 156 102 15 179 7 124 24 180 43 3 136 
182 57 133 147 40 16 169 196 18 68 190 61 98 119 161 72 80 148 116 44 90 95 83 110 36 
28 49 14 135 159 26 62 5 46 138 96 
150 163 6 132 78 171 130 187 
29 33 177 65 128 125 189 109 101 192 50 165 55 70 195 158 
154 81 85 45 56 108 38 157 173 
140 54 155 144 71 137 123 75 175 
174 97 84 199 127 118 105 69 176 113 191 58 134 30 64 67 
4 92 31 74 53 168 99 94 151 160 112 32 23 52 117 114 86 12 9 17 87 88 121 115 11 13 8 60 1 76 34 2 185 141 146 200 39 153 
142 152 167 184 27 91 111 198 106 22 145 51 126 183 178 103 93 73 193 120 162 
