113 87 12 135 170 126 66 142 198 130 123 64 79 17 58 173 5 57 22 
116 65 19 118 129 103 88 147 160 43 77 23 
115 92 61 184 167 197 44 200 191 71 101 48 178 102 60 67 18 80 
41 47 152 143 42 119 145 122 194 159 193 27 40 6 21 150 90 50 141 84 161 11 93 10 105 73 169 53 
199 139 29 140 37 81 28 108 76 188 97 51 1 59 120 49 72 56 
34 74 192 36 190 104 100 182 177 35 134 149 94 33 158 52 144 111 
164 154 174 133 16 89 136 187 24 68 114 112 185 31 132 195 15 155 39 
131 62 179 137 117 162 175 172 9 125 75 69 82 106 54 63 
96 186 196 107 95 13 32 146 127 128 38 138 99 171 165 4 3 2 110 109 30 20 46 14 85 180 153 70 163 
151 45 124 7 156 55 168 
78 86 183 
181 8 26 157 166 91 176 98 121 189 83 25 148 
