136 188 42 144 62 36 
99 162 137 174 164 198 104 187 30 142 116 15 3 199 189 47 194 20 193 71 5 190 80 158 161 44 195 156 79 4 
107 35 183 65 41 69 31 181 172 75 147 54 186 146 197 101 91 106 159 83 14 
7 1 135 157 34 114 68 52 
28 196 184 110 6 148 29 2 138 143 128 126 90 25 145 127 48 139 103 141 74 100 81 130 112 120 125 95 170 165 58 
178 39 140 26 115 123 121 111 176 105 
46 64 131 113 169 57 192 18 84 53 27 37 124 49 160 92 
167 40 119 38 166 78 102 98 76 97 151 43 87 163 168 154 21 51 
70 94 60 73 32 50 33 13 12 96 16 133 61 24 
200 177 134 22 191 150 8 185 56 180 55 85 88 17 82 117 66 
67 132 10 153 59 86 93 118 77 182 45 109 149 152 129 
171 63 173 108 72 122 19 9 175 155 89 179 23 11 
