124 156 40 153 14 110 28 30 198 78 
45 115 94 155 102 19 149 105 169 154 109 
74 133 12 128 193 121 72 60 108 4 190 
187 29 90 122 77 95 158 34 13 
67 199 88 22 127 114 55 142 111 38 
113 178 173 31 25 70 66 116 73 17 68 
93 159 152 97 42 75 117 2 179 
147 103 86 11 33 1 99 39 107 126 
177 181 186 43 139 64 162 131 167 
148 112 176 125 84 165 188 82 191 46 
62 120 80 47 61 96 130 15 123 27 175 
170 23 8 18 71 9 166 49 7 119 
161 182 21 132 140 138 137 81 63 
196 163 69 141 171 51 136 183 53 
134 26 192 151 16 87 145 195 101 
48 44 58 104 100 20 41 85 91 164 
189 200 76 24 146 135 185 59 92 
36 118 180 57 144 174 65 172 106 
89 54 184 98 157 83 56 
5 10 143 6 52 
32 197 160 168 79 
50 35 37 
3 150 194 
129 

