93 44 152 40 97 98 15 195 145 133 
42 69 31 132 140 138 137 199 53 
193 4 143 6 11 174 136 94 115 74 
170 75 182 186 166 86 200 77 20 
161 88 8 184 16 157 18 104 117 179 
172 103 164 176 10 9 144 99 101 13 
27 135 150 102 122 130 105 196 198 109 
177 192 30 153 14 169 112 39 107 155 175 
83 5 68 59 51 162 158 190 67 
78 118 160 141 41 100 52 123 92 89 
76 48 26 35 28 163 38 111 187 131 
113 3 63 22 33 181 49 183 2 
29 134 50 21 151 114 165 36 108 146 
19 180 168 139 73 95 34 91 
62 159 116 66 167 121 188 57 46 12 
149 120 85 154 24 61 96 90 128 71 126 
148 124 173 25 70 147 17 60 191 84 
32 156 43 37 1 142 55 81 
23 129 47 189 110 119 72 106 
45 178 197 65 79 64 171 82 
7 80 125 87 185 56 
54 194 
58 127 

