148 26 31 97 14 27 144 183 53 126 
45 86 94 141 186 117 158 190 106 
113 124 36 167 33 67 90 39 198 169 
62 44 192 35 119 100 142 135 60 
147 164 69 146 51 193 108 188 179 
93 187 156 25 61 110 85 172 116 11 
4 77 47 37 1 99 55 83 57 
177 38 150 17 46 138 49 185 102 
170 134 166 137 18 130 30 133 109 
120 105 21 6 122 139 34 95 128 12 
2 20 80 127 9 162 123 195 59 
112 89 163 40 153 149 181 7 107 28 
104 180 176 191 199 52 92 145 75 
161 3 54 184 79 29 15 111 114 56 
81 159 78 43 70 41 42 76 154 155 
68 23 173 151 16 140 63 71 101 131 
32 197 160 168 96 87 19 196 175 
84 88 8 132 121 165 82 10 91 
13 72 129 125 174 136 115 65 200 
5 152 24 98 157 74 73 66 
103 58 194 64 189 171 
118 143 
178 50 22 
48 182 

