75 129 194 109 87 111 34 
81 41 116 181 63 138 142 187 188 
200 103 106 190 125 2 162 27 30 74 
19 59 50 47 164 20 89 172 155 
91 88 8 37 9 60 72 82 128 
113 44 192 31 69 65 86 136 189 115 179 
146 120 26 152 40 97 196 133 85 154 68 105 
93 159 102 24 70 124 66 147 107 71 
149 48 78 35 33 121 1 99 53 144 199 
46 191 160 171 140 15 18 137 
11 193 54 132 139 12 39 17 67 13 
28 145 119 151 100 52 123 198 169 
84 90 83 176 36 57 165 95 158 10 73 
167 5 180 184 14 96 131 108 166 126 
161 7 58 43 122 110 49 117 101 
45 197 55 127 98 157 186 183 38 
32 77 29 25 195 130 112 42 92 
170 134 80 153 79 64 175 4 135 
62 23 156 163 51 174 94 76 114 
3 143 6 21 104 185 56 
118 173 141 
148 150 22 61 
178 182 16 
177 168 

