45 12 156 21 194 75 42 109 68 175 13 
181 3 88 25 59 138 108 188 154 
74 120 26 47 6 140 186 49 117 53 
177 129 193 125 36 84 95 158 190 78 
86 197 160 105 14 96 52 123 198 112 
170 169 135 185 127 98 1 99 183 71 101 
113 178 143 167 61 139 136 189 171 91 
146 159 54 104 55 16 81 27 94 
161 126 8 102 121 162 107 155 76 
148 115 40 153 147 165 39 67 2 
57 118 80 24 41 179 196 15 89 28 131 
133 134 182 22 199 137 157 142 111 18 
32 152 184 19 110 77 172 85 90 
38 44 192 200 70 128 46 72 60 82 
30 48 50 34 100 64 20 149 119 166 
103 150 97 37 83 144 63 114 
62 23 31 168 79 145 87 163 92 195 
5 4 141 122 130 29 69 66 
93 7 58 35 132 9 187 17 73 
116 180 191 176 10 106 65 124 164 
11 173 43 33 56 
51 174 
151 

