170 75 192 43 200 130 108 36 167 
114 44 141 61 157 142 187 63 38 
2 73 173 60 33 72 191 193 106 175 155 
62 178 172 17 6 122 110 91 164 147 74 
20 29 94 69 101 199 49 117 27 
77 26 156 83 64 99 111 7 
113 10 188 143 176 57 67 165 46 158 126 
71 76 152 31 79 96 89 42 198 90 
148 66 80 112 4 162 85 41 109 
159 160 47 189 1 144 183 137 30 
32 58 184 151 16 140 138 81 135 169 
18 3 150 185 132 98 181 68 19 28 196 
12 180 194 163 92 87 123 195 133 
45 23 145 105 168 154 102 15 21 59 146 
103 8 14 100 149 131 78 34 
179 48 50 125 84 121 13 39 107 55 
190 118 166 153 51 171 136 124 65 86 
5 129 11 24 70 52 116 128 
177 186 40 25 9 119 104 82 
134 182 22 37 53 95 115 
120 88 54 139 56 
93 197 97 174 
161 35 127 

