57 71 91 127 98 114 49 117 109 
166 118 188 143 176 46 34 167 128 84 83 67 
85 137 150 97 14 27 136 94 65 78 
89 20 22 17 139 15 123 198 19 
73 10 129 153 63 185 7 111 126 
32 171 160 194 77 130 172 107 146 
102 135 18 8 81 37 165 36 193 106 4 
13 149 156 40 168 79 29 87 145 195 179 
170 169 105 31 24 70 66 95 108 190 144 
148 116 80 124 200 164 76 163 75 21 
93 3 181 154 41 100 138 183 199 53 
113 5 54 184 133 59 52 92 112 28 
62 180 25 61 64 162 69 147 175 
187 159 152 131 101 9 1 99 158 90 2 
42 134 50 30 122 11 86 115 189 119 
155 120 74 196 151 16 140 39 72 82 
48 44 192 43 33 121 142 38 186 
177 88 58 51 174 12 68 55 
45 178 26 6 157 104 60 56 
103 197 35 96 110 191 
23 182 47 
161 173 141 
132 
125 

