200 102 40 168 79 110 49 117 18 
170 134 69 151 185 186 155 107 179 
45 28 150 187 14 92 87 29 123 42 133 
81 101 129 132 104 146 15 196 105 30 
103 156 167 100 52 195 145 74 
149 48 50 36 125 193 165 83 82 191 2 
109 12 160 31 98 140 108 188 73 
199 180 84 43 122 11 90 158 10 13 
113 120 41 141 124 189 115 162 91 66 27 
154 20 152 19 194 96 169 85 198 67 
59 7 58 181 127 137 71 126 183 53 144 
178 44 192 184 76 64 142 111 89 
161 175 47 25 139 78 17 39 164 147 
68 116 80 6 46 121 95 190 57 60 
177 182 24 16 38 99 119 166 135 
62 112 21 55 37 9 138 114 63 
34 5 54 97 75 136 171 94 86 
93 159 176 128 33 1 106 72 172 
148 26 35 61 77 130 131 65 
3 88 8 70 4 163 56 
32 143 153 157 
118 173 22 174 
197 51 
23 

