81 159 135 154 66 78 162 69 91 116 
170 134 182 145 38 63 199 95 34 166 
32 200 156 28 104 157 142 111 114 56 
72 80 31 109 133 96 13 39 10 106 
2 12 30 40 97 9 144 49 117 181 101 
77 65 132 16 1 99 107 155 67 
102 180 187 79 110 172 85 41 149 
53 50 141 33 121 188 128 158 190 17 
177 3 88 25 61 146 29 42 198 179 
45 120 192 22 151 100 138 137 55 185 
20 84 60 119 7 140 186 18 131 76 
161 152 24 14 124 136 189 171 147 
62 178 82 6 122 68 15 123 112 195 
4 58 35 70 86 183 71 175 
11 164 197 191 193 57 165 27 59 89 
113 26 150 184 37 130 19 196 105 73 
93 90 129 43 98 167 108 83 46 
126 118 160 47 115 52 21 36 
103 143 153 139 74 169 92 163 
48 44 8 127 64 75 94 
23 54 194 87 
148 173 168 174 
5 176 51 
125 

