120 2 141 37 81 114 142 111 56 
68 48 76 74 97 149 139 89 123 21 59 
166 118 10 73 6 70 116 189 115 11 155 
75 38 55 7 16 157 185 49 117 78 
148 65 176 61 154 52 195 198 164 
60 46 106 35 181 53 109 39 107 175 90 
62 159 150 24 79 29 87 112 42 146 102 
93 44 156 105 91 200 136 94 124 69 
170 23 192 40 153 144 1 95 158 167 13 
72 88 8 127 96 179 67 190 188 
45 180 47 85 133 130 15 19 20 172 
147 50 152 132 98 18 104 183 137 119 
82 128 143 86 51 171 162 27 66 12 
113 5 160 194 100 64 77 41 30 28 
177 3 31 25 122 110 108 36 199 
169 134 58 22 151 187 135 131 196 92 
32 54 186 163 138 63 71 126 
178 26 80 43 4 84 193 34 191 83 
17 103 197 168 14 165 57 101 
161 182 125 121 99 145 
173 184 33 
129 174 
9 
140 

