161 117 119 6 51 174 136 86 115 102 
177 199 169 153 13 66 145 198 30 
170 44 126 151 19 138 59 112 41 
62 159 179 149 61 124 189 123 56 
154 92 152 155 14 68 142 111 73 
163 88 36 4 167 15 196 195 
113 191 180 24 79 29 133 146 27 20 
71 80 40 97 139 12 69 21 105 
116 103 91 90 53 100 49 28 77 
89 134 54 81 101 110 39 17 147 
76 131 192 35 127 140 187 38 114 106 
34 5 129 31 85 96 130 162 107 166 
164 65 175 43 122 11 200 94 181 
78 178 182 22 7 57 60 158 190 46 
75 23 58 184 74 64 109 183 137 144 
45 48 50 156 42 168 172 95 108 10 128 
32 171 160 25 9 52 63 188 
120 197 132 121 165 83 72 84 2 
93 3 8 186 16 1 99 104 185 18 
118 193 143 82 125 33 67 55 135 
148 26 47 37 
150 194 87 
173 141 70 
176 98 157 

