164 76 59 195 77 144 190 167 34 46 
105 44 173 171 70 66 136 189 65 67 
113 134 11 38 9 95 198 109 
101 104 88 8 185 89 133 20 175 155 
28 82 176 61 102 52 123 42 17 
27 178 150 43 33 72 99 107 199 
196 169 80 31 25 79 130 15 21 92 163 
159 143 147 51 87 183 137 81 
148 85 129 47 91 96 19 146 68 78 13 
93 7 18 184 4 121 165 188 158 128 36 
32 94 86 12 116 73 138 142 111 187 63 
62 48 26 152 74 97 154 64 179 112 57 
149 23 182 24 122 200 108 83 30 
5 180 22 151 16 140 114 135 55 90 
106 118 160 127 60 39 2 131 
177 3 119 6 124 110 162 172 71 
161 84 168 14 186 49 117 41 
45 103 192 29 75 145 181 166 126 53 
170 54 153 1 193 10 69 
120 50 156 125 139 115 56 
197 40 37 157 191 
58 194 174 
35 132 98 
141 100 

