62 30 26 192 151 9 71 99 144 166 117 
135 81 160 94 65 130 77 198 29 
32 143 43 37 199 138 185 111 119 
170 38 60 125 157 186 49 18 76 
27 75 47 61 96 162 183 137 17 
63 7 22 122 139 191 158 190 83 
102 48 182 92 153 133 149 74 15 107 78 155 
175 118 54 97 14 21 52 123 28 131 
154 12 73 13 2 90 34 36 55 104 181 
178 197 116 25 172 100 196 39 67 188 
161 173 176 57 147 136 189 171 179 
59 134 50 184 33 121 84 95 167 46 
89 44 129 124 115 51 69 108 126 53 
113 106 58 168 79 64 112 42 169 105 
45 3 31 66 11 110 41 85 187 
148 103 19 127 98 140 142 114 146 68 
23 152 200 70 4 72 10 56 
101 88 8 82 87 195 145 163 
128 5 180 24 16 1 193 91 164 
93 159 40 194 20 109 86 
120 35 132 165 
177 156 174 
150 6 
80 141 

