68 76 54 29 79 133 28 74 198 166 
171 17 40 75 64 175 39 107 164 
177 193 25 121 191 10 108 188 167 
13 73 91 41 42 59 196 130 123 195 21 
27 26 156 43 122 139 15 131 85 77 
161 88 8 97 116 106 2 67 179 
36 5 58 117 7 185 104 18 49 181 155 
93 55 114 150 153 140 138 81 111 90 
62 23 173 132 98 157 186 187 63 102 
20 178 143 57 37 110 162 154 146 78 
89 197 35 16 165 95 158 190 101 
3 31 168 14 96 52 145 163 172 
53 159 169 200 70 69 136 189 86 12 
105 48 50 149 19 30 109 99 144 71 34 
45 128 60 24 61 100 11 46 4 82 
124 182 6 137 1 142 38 112 
120 160 176 125 87 183 199 119 
113 118 80 194 92 66 65 94 115 
83 180 22 151 9 135 126 72 84 
44 152 184 33 147 56 
170 134 129 47 51 174 
148 103 192 127 
32 141 

