177 3 135 181 144 7 138 142 111 104 
83 53 188 195 85 30 39 107 28 
149 178 26 4 10 12 91 158 190 167 
163 50 59 40 14 92 146 123 198 68 
148 86 160 141 189 64 154 183 137 71 
62 69 35 125 157 186 18 185 101 
17 34 150 132 98 140 187 38 114 41 
27 23 182 89 112 29 96 15 105 21 77 
161 152 31 122 100 109 131 102 196 74 
45 103 156 151 16 63 99 108 36 106 
113 44 173 19 153 133 169 162 11 164 175 
115 197 172 42 179 130 145 199 78 
155 46 57 25 70 174 136 171 65 73 
20 48 58 43 37 81 55 49 117 90 
76 159 143 176 166 121 165 95 128 72 
32 54 184 2 1 126 119 60 82 
170 134 80 67 13 9 116 66 147 94 
120 192 22 127 75 52 84 
93 88 6 200 110 124 193 
118 8 194 87 191 
5 180 97 61 139 56 
129 168 79 
47 33 
24 51 

