19 134 150 163 79 92 15 59 198 137 
190 29 43 74 199 99 183 196 76 
60 167 54 166 126 131 146 123 105 149 
148 50 68 102 16 165 36 108 10 57 
93 26 80 97 195 96 52 30 109 13 
63 159 187 8 132 18 169 78 107 83 
170 182 31 153 14 20 77 41 21 28 
155 178 133 47 189 51 174 115 86 171 200 
135 81 152 53 33 188 142 38 116 
2 103 160 168 145 85 162 101 56 
11 180 143 176 37 64 49 117 144 
112 71 55 127 104 193 95 158 106 67 
69 172 173 25 122 91 114 111 27 
113 175 128 90 6 70 12 73 164 124 17 
45 46 119 194 154 110 34 191 72 
62 48 129 141 61 179 138 39 181 
161 88 58 186 100 136 65 94 66 
89 197 184 151 140 185 7 4 
5 156 24 139 147 84 42 
120 44 192 40 121 1 75 
23 35 125 87 82 
177 3 22 98 157 
118 130 
32 9 

