170 41 152 43 37 137 142 107 73 
46 57 200 14 145 195 183 81 144 
113 134 176 154 174 136 171 65 94 
19 77 160 47 147 66 12 76 90 188 17 
27 48 59 156 132 53 15 123 105 146 
93 26 80 199 16 140 114 63 111 169 
103 58 71 139 64 109 179 20 172 
161 180 194 1 95 108 36 119 
45 197 22 151 68 138 135 55 187 
67 50 35 125 121 165 83 158 190 34 
118 173 85 6 70 126 49 117 131 
177 3 150 153 79 29 52 163 75 92 30 
102 23 182 40 97 100 162 115 
32 54 185 33 128 99 166 167 155 
62 44 192 31 25 96 87 21 89 196 74 
106 5 86 61 157 39 78 175 13 
116 88 24 51 110 149 198 164 
7 10 11 91 122 193 191 84 82 60 
133 120 8 104 127 98 18 181 186 101 
148 143 184 38 130 28 42 69 
112 129 168 9 2 72 56 
159 124 141 189 4 
178 

