175 193 105 25 9 165 46 158 106 190 
181 114 196 127 187 140 81 183 137 119 
161 180 7 63 96 74 123 198 67 
76 120 92 156 41 61 200 77 27 149 68 
188 5 58 184 172 130 108 36 2 
154 178 88 153 101 71 99 144 126 19 
62 159 152 6 115 124 39 107 34 
12 103 192 167 13 52 195 145 28 
134 50 78 43 70 110 73 66 65 
146 48 26 85 30 18 157 49 117 55 135 
177 160 151 98 186 142 111 38 
83 118 57 60 191 91 189 136 171 94 86 
148 69 11 155 4 121 10 95 128 59 
93 3 150 194 174 162 20 116 17 
170 23 182 132 139 15 21 179 109 
113 44 143 176 125 72 147 164 169 89 
32 8 104 37 53 138 185 199 90 
102 133 80 47 79 64 42 112 163 131 
45 197 40 97 14 87 29 75 56 
84 173 31 24 122 166 82 
129 141 16 1 
54 168 100 
22 51 
35 33 

