62 81 199 58 63 127 186 181 137 53 56 
134 21 156 12 122 67 142 111 71 
126 118 8 184 42 130 59 105 145 89 
32 171 160 141 69 73 136 124 94 2 
113 55 143 176 36 167 34 101 39 13 147 
116 197 35 79 64 154 183 77 
161 192 43 33 9 162 107 78 155 
148 180 82 132 1 95 108 188 119 
68 112 129 25 51 110 172 109 76 196 
72 88 22 169 30 87 20 198 90 
144 131 195 92 168 163 75 15 146 102 175 
45 120 44 27 153 28 96 11 158 190 10 
135 50 133 24 61 100 52 123 29 19 
91 54 97 16 140 38 114 187 179 
7 182 40 194 157 104 49 117 185 
178 26 173 6 37 138 99 18 57 
93 3 47 86 139 17 164 66 74 
170 23 85 31 41 149 165 166 83 128 
193 5 115 14 46 106 60 4 191 
48 80 151 98 84 200 65 
177 150 125 174 189 
103 152 70 
159 121 

