126 72 82 168 75 87 92 196 27 154 
65 171 129 151 121 165 188 34 10 13 
17 4 180 175 43 73 91 12 114 18 
28 3 88 22 41 52 158 119 
179 103 112 55 19 130 49 104 
185 69 141 16 21 123 149 78 
83 50 146 71 139 99 108 190 193 
62 44 192 31 169 96 64 162 77 172 116 
195 26 74 145 194 174 39 167 109 
42 134 173 47 33 1 81 183 199 63 
67 182 35 14 59 38 186 181 53 
86 80 40 153 9 15 89 105 2 
161 46 184 132 7 157 142 111 187 135 
170 23 124 189 140 117 107 155 90 
177 101 58 127 144 57 133 198 85 
148 143 128 61 100 110 20 200 94 
113 118 152 11 122 115 136 66 147 76 
131 48 54 79 29 163 30 68 56 
32 156 6 70 164 95 36 137 
45 120 84 60 98 138 191 106 166 
178 197 25 37 102 
93 159 150 24 51 
5 160 176 125 
8 97 

