148 103 156 43 41 87 89 107 155 67 
113 27 160 147 6 38 52 123 42 179 
144 185 114 25 131 165 111 63 166 
21 44 195 189 51 115 136 86 65 171 
32 193 151 96 64 162 77 20 78 
17 83 188 35 190 33 121 167 95 158 133 
48 26 150 101 37 81 138 49 117 109 
170 23 176 125 72 1 99 108 57 46 
177 143 24 76 169 135 183 137 90 
119 118 126 53 71 98 130 39 175 2 13 
30 134 182 191 9 199 142 187 55 
62 120 80 28 74 14 75 15 105 198 116 
161 3 54 168 79 29 112 163 92 56 
128 5 180 36 106 10 157 18 104 181 7 
200 50 47 66 91 174 94 124 69 154 
102 159 192 184 127 140 186 146 68 19 
34 82 58 73 11 164 12 149 196 
93 129 97 61 100 172 145 59 
84 85 31 194 110 4 60 
45 178 197 141 122 139 
173 40 153 16 
88 22 132 
8 70 
152 

