107 147 199 109 28 93 135 72 56 175 9 
101 146 48 92 187 78 139 168 148 185 103 
140 24 59 99 88 152 118 111 
196 62 194 20 163 98 142 84 13 38 90 
15 184 129 43 85 191 94 47 82 12 37 
105 73 113 31 165 1 134 119 
41 91 7 55 
155 67 25 5 3 68 116 36 137 150 
97 57 198 95 178 23 89 164 46 
120 176 126 26 21 123 169 181 87 
145 192 53 76 2 17 200 121 35 
45 83 10 173 136 100 159 104 32 138 52 
63 44 11 130 160 117 61 180 80 182 75 
154 81 149 
161 16 115 162 171 170 122 8 42 124 
4 70 33 71 193 186 144 179 190 153 167 166 188 
132 14 79 158 172 18 197 
183 30 34 128 40 112 60 
106 125 54 151 141 65 29 96 110 
69 143 156 51 50 66 131 86 49 195 27 133 64 157 
174 22 58 127 77 189 6 102 177 19 114 74 39 108 
