138 38 61 13 103 180 160 24 161 109 75 114 
140 
178 10 115 119 41 65 3 15 134 53 72 175 81 121 37 154 21 
12 47 194 
168 
167 42 93 29 98 199 77 22 139 127 74 19 117 100 85 91 11 14 36 52 129 
35 143 30 32 177 191 146 158 172 17 125 149 1 152 
67 99 73 145 69 151 190 124 7 88 58 
136 107 86 110 39 133 96 90 120 82 157 34 
142 6 40 196 144 8 182 16 150 108 122 195 130 170 23 
184 173 63 164 126 162 78 9 97 80 112 101 147 159 105 176 
198 104 118 102 113 155 92 156 4 
123 44 95 
76 66 
153 18 26 50 
28 132 46 131 89 163 49 51 
60 33 48 189 20 62 181 185 87 111 
5 197 
174 59 200 25 128 193 55 
64 166 137 45 169 187 179 27 141 186 135 
171 94 188 183 70 2 148 116 57 84 192 43 56 71 31 54 79 106 83 165 68 

