42 178 110 98 93 77 26 189 47 169 139 193 103 100 17 124 82 85 156 4 11 
137 171 173 162 94 45 174 182 143 48 90 27 150 31 130 74 91 149 106 152 66 14 
200 41 67 166 102 65 2 12 192 22 191 19 72 127 37 172 44 23 165 
136 148 119 64 115 8 138 116 128 13 61 62 20 71 80 161 92 49 120 168 154 51 58 52 68 
132 184 188 10 86 118 3 126 25 131 175 179 43 81 141 163 160 117 111 109 95 34 157 105 
28 142 38 29 6 35 46 199 113 133 16 73 5 194 180 185 55 147 197 75 79 176 114 129 
39 196 40 198 140 167 57 78 15 33 89 151 97 186 24 54 125 158 112 135 1 
107 63 144 153 104 70 76 18 187 30 155 108 84 53 69 9 146 101 190 195 21 88 7 170 83 36 
164 99 183 59 60 177 134 145 50 96 122 56 121 123 87 181 159 
32 

