39 178 171 166 173 18 26 115 143 33 175 25 71 146 62 37 100 75 112 152 34 23 51 105 
167 94 63 99 140 126 3 108 133 22 96 69 151 80 194 160 82 124 165 17 52 4 58 11 114 
10 110 119 144 102 60 45 177 193 84 27 185 181 19 117 88 101 195 149 95 157 36 
142 6 153 59 104 46 182 113 78 48 47 43 20 127 186 5 81 135 55 1 66 21 83 14 68 
107 200 40 38 174 198 138 13 12 73 30 189 150 53 122 92 141 74 158 147 106 159 197 170 111 176 129 
196 64 86 98 41 29 169 128 192 16 139 49 172 85 123 121 109 156 7 
42 184 148 162 118 65 116 15 32 131 134 191 9 89 179 103 24 87 120 91 125 
132 164 183 35 76 187 77 145 61 155 50 72 56 31 161 190 54 163 168 154 
188 136 28 67 2 57 70 199 8 90 97 180 130 44 79 
137 93 

