196 144 148 132 98 183 8 12 128 100 123 160 163 
40 166 164 70 113 130 147 87 
178 61 181 1 23 
59 175 131 155 180 
10 38 198 177 30 187 16 193 25 43 80 172 112 197 
64 170 105 
104 188 99 63 140 138 33 134 189 20 103 31 141 120 85 154 44 157 114 14 
171 137 119 102 26 143 3 15 199 133 191 84 69 121 54 91 186 79 51 52 
39 153 6 118 126 108 45 150 90 74 81 37 194 75 159 83 36 176 
18 13 78 53 24 
29 9 127 135 111 
136 42 115 145 82 21 
116 169 96 55 106 
86 32 56 97 92 
173 28 76 182 151 195 95 4 
174 179 101 
5 19 149 168 11 
94 107 46 77 62 27 71 109 156 66 34 
184 41 162 200 65 2 57 73 60 192 50 89 190 161 117 7 49 125 17 58 129 
142 167 110 67 35 93 48 47 22 185 72 139 122 158 146 124 88 165 68 152 

