196 39 184 142 28 26 128 2 187 133 32 19 175 186 92 180 55 82 17 159 111 66 105 
42 67 86 40 46 118 77 3 131 47 62 50 96 103 161 91 80 88 14 
64 38 115 107 143 29 8 57 145 179 90 151 127 101 149 120 44 
10 153 119 59 76 138 25 199 73 53 185 190 37 100 87 75 
110 183 198 65 193 155 146 117 36 
94 171 140 99 15 122 139 74 71 24 123 156 4 109 34 51 95 
6 174 116 166 33 134 126 189 43 84 69 194 181 7 197 23 11 165 21 83 176 
162 12 169 20 5 147 
188 104 164 41 136 98 102 113 177 16 60 61 27 56 49 121 124 81 195 152 106 58 52 157 68 
167 137 173 63 70 200 18 78 30 108 48 191 150 97 141 158 130 54 163 168 154 170 
132 148 178 35 144 93 182 13 45 22 192 72 9 89 31 172 160 112 125 135 85 79 1 114 129 

