188 64 42 28 166 77 131 177 3 193 145 20 5 146 100 123 121 55 124 109 197 83 14 52 66 129 
142 132 104 183 167 93 26 30 189 43 16 175 155 81 141 80 156 147 163 23 170 1 176 157 34 
144 184 6 107 138 140 78 76 22 128 191 151 72 62 180 37 7 75 79 91 154 68 95 
39 153 2 116 102 115 46 8 57 169 12 139 96 74 71 158 190 195 161 85 135 125 152 58 51 
67 171 41 148 178 174 98 25 33 47 19 89 53 97 82 17 117 88 21 168 44 111 114 36 
136 198 164 86 10 59 118 35 15 48 90 50 73 122 61 194 87 49 112 130 165 4 106 159 11 105 
196 200 137 63 70 94 182 45 13 199 108 134 133 84 56 185 160 92 181 54 101 149 
40 99 110 119 29 126 187 192 27 179 150 69 31 9 24 186 120 
38 173 162 65 143 60 18 113 32 127 103 172 

