171 153 39 107 57 174 199 145 84 151 69 193 194 81 149 129 114 
188 119 41 148 46 98 182 18 22 133 191 97 72 92 163 85 160 170 154 21 23 165 105 
167 42 86 140 137 102 60 15 3 48 20 19 175 190 135 
136 6 28 196 35 26 118 189 13 16 108 90 62 74 103 141 146 121 168 79 106 83 52 66 
144 184 110 115 93 94 45 169 113 25 71 127 180 172 91 109 152 
63 132 38 164 166 155 
198 29 138 70 134 53 56 181 49 31 124 123 125 111 95 34 
40 122 158 88 147 
10 142 59 143 32 33 130 161 
126 78 77 61 50 139 27 100 5 80 55 120 58 157 159 14 176 
64 162 65 2 192 43 73 186 179 117 7 197 101 1 
200 76 187 131 8 47 12 96 150 9 87 37 17 82 195 11 68 
178 104 173 99 67 116 183 30 177 128 89 185 24 112 75 54 156 44 4 51 36 

