164 153 184 148 30 134 145 13 73 150 92 80 161 194 197 85 106 58 21 52 
94 166 67 162 191 22 185 24 56 180 163 101 109 91 156 23 51 157 114 
178 200 144 65 136 2 18 76 189 108 27 122 74 100 19 54 147 124 79 125 159 83 105 
137 198 99 38 102 26 118 33 3 192 72 89 69 43 9 130 123 44 168 11 95 
10 59 115 98 41 29 60 57 155 47 90 62 146 103 160 75 135 88 152 36 
42 110 86 132 8 45 182 128 193 32 20 179 139 141 49 120 17 154 129 66 
63 6 173 104 35 70 46 199 133 84 175 53 82 7 149 170 
40 64 183 119 187 15 138 48 126 12 127 96 37 112 195 117 1 176 14 
188 107 39 196 116 140 143 113 177 71 25 186 190 158 5 121 87 4 68 
142 171 174 167 28 93 78 77 131 169 50 16 61 97 151 181 31 172 81 55 165 111 34 

