132 196 142 67 104 35 60 78 73 33 27 191 43 56 9 81 158 112 
76 8 70 113 50 12 150 20 160 80 195 55 120 51 
198 164 200 107 86 57 108 46 90 22 175 97 5 161 130 117 7 85 79 52 
59 123 121 
98 146 31 37 11 91 157 
188 174 102 2 29 134 199 133 62 111 159 
42 182 118 16 13 103 185 180 75 109 88 1 165 21 95 36 
39 148 38 144 15 45 155 163 147 190 170 17 44 4 34 
171 84 82 197 14 
178 167 30 187 53 92 151 83 
41 26 166 189 179 23 
183 128 49 154 176 
137 94 110 77 48 143 3 47 24 89 100 101 186 135 
131 116 61 194 181 
40 63 153 6 162 18 115 138 126 25 192 74 71 127 125 156 58 152 129 105 66 
64 173 28 10 193 72 69 124 87 54 149 114 
136 119 99 93 184 65 140 177 145 169 32 96 141 139 122 19 172 168 106 68 

