67 164 63 144 118 77 26 78 131 53 108 5 71 69 92 147 154 85 125 23 83 
188 40 137 65 142 148 3 134 116 192 175 32 96 141 194 49 112 101 91 21 152 66 52 
110 171 198 10 93 102 30 169 57 133 185 56 61 97 180 161 80 197 120 109 95 36 
196 184 104 6 162 60 128 187 48 50 27 9 139 24 190 82 88 168 4 105 129 
174 38 183 107 18 140 8 189 199 151 150 43 103 74 130 81 172 158 106 149 
42 167 173 35 59 29 45 25 90 193 145 62 19 121 146 165 11 157 
28 143 2 176 
39 94 153 136 200 76 182 15 126 191 89 72 100 87 163 17 117 170 79 159 44 58 111 14 
132 119 166 70 46 115 138 84 113 13 73 16 127 181 31 160 123 124 195 156 7 51 34 
64 178 86 98 41 99 33 12 22 177 47 179 155 20 186 122 37 55 54 75 135 1 68 114 

