171 6 39 142 140 166 116 199 189 47 72 133 71 89 186 112 49 54 158 75 109 58 14 36 
136 63 164 86 10 102 143 35 8 150 175 193 122 9 80 194 190 160 87 82 197 106 21 51 34 105 
28 107 188 42 70 98 126 2 15 12 131 84 56 185 24 181 31 123 88 120 152 4 159 11 176 
167 64 59 148 144 183 3 169 78 90 25 20 5 37 161 92 85 17 163 168 79 1 66 52 68 
40 200 119 115 38 41 45 48 108 192 139 62 96 146 127 172 7 117 91 83 23 170 114 157 129 
178 104 173 99 65 46 77 76 134 22 50 32 97 69 81 121 124 156 44 101 149 135 111 95 
198 184 174 118 93 60 177 57 113 145 151 155 179 19 74 100 130 147 195 154 165 
110 94 153 162 196 18 26 13 33 30 61 16 27 103 141 55 125 
137 67 132 29 138 187 182 73 128 43 191 53 180 

