28 142 6 67 116 18 98 45 108 131 150 69 20 97 92 186 79 168 36 52 
148 200 76 16 50 43 49 31 147 163 95 66 
164 94 137 115 60 12 32 71 62 5 17 160 101 135 
198 64 35 70 78 169 113 30 139 89 175 122 141 158 44 4 105 
167 59 63 102 57 90 73 181 121 146 75 154 91 83 157 111 
173 93 38 177 8 191 19 72 179 87 172 80 156 55 109 114 176 
132 99 119 39 126 134 145 128 193 25 180 117 120 51 
144 29 196 100 112 
118 33 125 
40 138 86 77 189 9 195 11 
192 37 74 54 7 58 152 
174 162 155 124 190 106 129 
136 104 110 107 140 46 26 13 47 185 170 21 149 68 
42 10 187 182 48 22 151 24 14 
65 159 197 
82 
184 188 3 143 84 27 61 130 194 161 1 
96 85 
165 88 
178 171 153 2 183 41 166 15 133 199 53 56 103 127 81 123 23 34 

