42 107 173 64 148 102 177 35 84 73 133 193 92 121 37 125 101 91 88 111 152 34 157 114 
40 59 104 132 144 93 26 46 3 90 25 9 61 49 127 194 190 55 1 149 52 106 83 23 36 
137 63 6 2 39 15 162 60 131 12 191 16 139 74 81 87 85 124 120 4 51 58 66 14 105 
28 10 166 183 98 38 187 57 77 13 108 62 155 96 103 80 161 112 75 135 7 165 68 95 129 
198 94 110 29 45 70 113 128 199 192 56 53 24 123 185 181 168 195 44 154 21 159 11 176 
136 119 142 200 138 116 126 48 78 27 89 122 179 151 97 146 186 158 54 197 156 79 170 
67 153 196 41 167 174 99 143 30 169 22 19 175 20 71 141 100 163 82 17 109 
188 171 164 86 178 8 33 134 32 189 47 72 180 31 130 160 147 
184 65 18 140 115 76 145 50 69 150 43 5 117 172 
118 182 

