153 200 2 107 182 65 3 48 33 53 155 49 156 170 149 159 
35 19 58 
110 42 64 28 144 174 162 46 187 113 169 5 141 195 7 168 
142 148 10 41 77 45 15 8 25 133 69 21 
180 165 
39 188 138 184 26 177 12 16 13 139 89 81 87 125 1 91 157 176 52 14 
86 189 150 
63 171 38 173 94 29 145 192 9 121 146 160 163 105 
136 116 96 55 158 197 85 129 
164 40 70 115 193 90 122 175 190 127 130 109 11 83 152 34 
59 183 118 99 199 143 128 134 179 62 43 181 74 147 117 135 106 23 
104 119 132 140 18 102 73 84 72 61 71 20 92 37 75 17 154 44 
137 167 166 6 60 126 108 27 50 32 24 56 100 82 124 88 120 79 68 
98 131 22 151 97 123 186 161 194 80 101 112 
196 198 178 67 93 57 76 78 30 47 191 185 103 31 172 54 51 4 66 111 36 95 114 

