107 110 63 198 166 102 70 18 30 3 199 47 89 151 19 146 81 160 120 156 165 58 52 68 157 
132 38 94 40 39 115 99 134 48 145 73 150 155 5 112 125 121 87 163 170 66 95 
153 6 10 104 182 29 15 25 50 169 53 180 56 190 123 130 55 149 152 14 114 
178 200 59 93 76 8 187 108 57 84 27 193 90 194 139 100 74 91 158 79 4 1 106 11 23 
136 28 164 65 162 143 148 35 78 113 12 61 72 62 122 179 186 54 101 80 147 7 88 159 34 
64 174 67 140 45 77 98 189 133 43 191 127 9 24 37 82 49 168 197 154 135 111 176 
144 184 41 42 138 33 26 131 22 16 96 175 141 92 97 172 44 85 109 36 105 
188 119 171 183 2 86 126 128 116 177 192 69 20 71 181 124 17 117 75 195 21 83 51 129 
137 167 173 196 142 118 13 60 46 32 103 185 31 161 

