137 64 164 167 70 182 118 77 45 108 60 192 145 25 90 62 19 186 5 190 55 88 17 7 109 66 51 
67 10 86 162 119 41 166 8 18 169 32 13 12 61 9 180 185 160 163 158 125 21 11 14 83 68 
188 104 184 42 183 140 35 3 84 96 122 175 151 69 49 74 112 82 168 135 1 52 176 
136 198 200 65 102 94 174 78 189 191 27 133 43 194 80 181 161 195 101 106 170 
196 144 148 110 178 59 126 128 30 47 72 56 97 24 127 147 85 87 79 95 149 152 114 
107 63 171 99 115 46 143 26 22 177 150 134 155 92 103 31 124 121 4 154 111 165 157 34 36 
142 39 38 29 6 2 15 76 187 48 50 20 193 71 100 117 81 130 120 197 44 23 58 105 129 
40 132 153 173 138 93 113 33 73 53 139 16 37 123 141 54 75 91 156 159 
28 116 57 98 131 199 89 179 146 172 

