144 104 153 116 93 33 187 126 199 192 56 81 92 75 172 17 197 14 
196 132 2 8 113 189 3 190 101 168 
200 137 18 65 138 48 133 134 69 97 141 120 124 195 91 4 114 
107 67 178 64 47 20 127 53 5 54 106 51 66 105 
42 140 109 130 88 
12 11 159 
167 29 142 98 182 143 25 60 96 103 37 139 117 163 170 111 
39 94 188 70 115 166 128 73 177 84 150 181 31 158 161 79 1 152 95 
86 110 183 76 46 131 77 72 108 19 43 180 160 146 85 44 21 58 68 157 129 
119 171 174 27 155 80 135 
61 
40 198 63 59 26 162 99 15 191 22 50 16 62 24 179 122 125 55 154 23 83 52 
41 10 164 118 57 193 71 74 194 121 156 
173 38 145 175 151 9 100 87 
102 78 169 49 
28 6 148 136 184 35 45 13 30 32 90 185 89 186 123 82 147 112 149 7 165 176 34 36 

