148 102 140 122 43 141 112 117 120 109 1 
67 28 30 181 190 66 11 
131 71 90 
63 18 174 197 
99 138 135 
137 86 164 15 143 169 121 125 88 21 
167 178 10 64 162 70 116 128 84 177 72 179 24 53 172 55 186 154 111 
171 132 107 183 46 118 98 77 13 20 32 151 194 74 124 4 79 114 
6 22 191 27 25 157 
110 39 119 144 76 60 26 130 
142 94 198 40 78 134 189 199 192 96 49 37 19 158 91 82 105 
93 196 45 65 113 155 31 185 80 161 44 85 
57 115 108 75 170 159 14 
136 104 188 173 182 2 35 48 47 193 61 50 9 160 180 54 106 149 165 52 68 23 
56 97 69 92 81 
166 73 33 89 103 5 101 156 83 176 36 129 
200 42 133 150 95 
59 3 187 62 123 87 34 
7 152 
41 100 
184 38 153 29 126 12 8 175 145 16 139 146 127 163 147 195 17 168 51 58 

