40 171 94 173 183 18 126 12 73 177 139 175 72 103 180 120 17 168 79 170 152 34 
167 132 99 144 35 38 46 116 143 199 189 191 61 186 9 19 91 44 197 88 154 36 14 114 
64 104 184 136 119 115 65 162 60 30 155 20 100 141 31 160 82 135 1 21 58 
42 59 86 140 138 29 128 57 150 25 172 54 156 4 157 176 
63 164 198 26 47 27 89 185 181 112 7 149 
151 97 49 
107 102 32 48 22 190 195 
178 15 169 74 83 111 
188 110 200 196 118 70 113 108 133 3 13 122 62 53 37 121 161 75 87 165 125 109 11 23 105 
174 6 28 8 148 134 192 131 43 56 84 123 146 5 80 163 101 159 66 68 
142 137 39 166 41 76 182 78 187 193 179 50 71 24 124 147 130 85 51 52 129 
67 153 10 2 93 45 77 98 16 33 145 90 127 96 92 158 81 117 55 106 
194 69 95 

