183 133 17 66 64 58 55 
113 12 109 110 106 2 82 25 153 169 148 
18 67 60 184 191 178 44 146 200 122 145 102 186 69 185 101 112 96 
164 73 79 91 105 176 14 180 70 163 
74 192 36 33 62 179 162 35 177 134 94 28 149 108 76 188 97 190 52 39 
181 8 26 161 11 141 84 157 173 5 7 187 24 136 50 86 171 
34 4 100 135 170 63 3 165 104 158 144 111 
168 45 21 40 6 193 32 13 68 27 159 127 114 156 22 99 
61 143 119 71 48 167 197 194 95 128 151 78 150 57 124 90 166 142 123 130 198 93 10 46 85 126 154 53 
23 77 152 139 103 88 31 132 195 15 59 51 120 49 175 155 140 1 72 
41 47 116 56 199 137 117 65 19 118 43 92 75 196 38 107 138 174 89 16 98 189 121 83 30 20 182 54 87 
131 81 172 37 9 129 29 147 160 125 42 115 80 
