55 99 13 128 192 122 156 49 107 80 28 
196 30 32 114 127 173 112 53 1 150 117 130 11 
60 50 76 124 29 96 141 129 70 7 72 
18 51 26 143 185 116 101 59 174 74 58 
132 155 120 16 146 84 144 179 186 191 164 110 
93 199 5 131 64 33 65 52 105 24 
67 14 3 66 176 25 182 154 37 77 108 
46 92 48 98 62 121 149 9 147 119 
145 194 20 89 125 118 138 111 40 45 75 
157 15 184 137 133 69 134 169 187 97 90 
41 36 113 38 136 189 177 47 82 10 198 
87 140 57 54 165 180 167 190 81 
139 115 175 56 39 88 148 161 152 
63 158 123 34 104 6 23 22 43 91 197 
106 86 27 109 79 103 200 100 
4 188 153 135 166 193 151 178 183 42 61 
73 68 21 31 170 78 
85 71 12 19 95 17 102 
168 2 8 162 171 181 126 83 
35 195 160 172 
44 94 142 159 
163 

