149 51 5 86 134 172 65 147 
106 189 25 156 83 105 119 108 
46 41 56 31 138 154 174 13 
157 18 114 12 19 136 128 88 183 192 99 10 
168 92 8 175 79 126 130 49 75 
87 184 191 94 125 181 47 74 45 146 
55 53 163 104 38 62 100 161 97 52 
196 73 135 139 187 169 43 129 72 1 
188 36 68 137 133 64 195 33 144 179 70 107 141 
185 122 2 48 121 76 142 102 90 198 
132 67 7 166 32 178 177 96 77 59 
30 54 27 160 11 117 186 190 81 
63 127 180 167 91 50 
140 26 143 34 98 173 84 23 22 29 24 197 
85 71 165 124 170 111 113 150 28 
145 20 21 39 200 42 110 
155 44 3 66 131 118 159 152 80 
4 15 199 89 151 17 40 194 
120 158 123 109 182 78 148 14 61 
60 112 16 176 69 116 101 164 37 58 
93 153 193 6 82 
57 35 162 171 103 9 
115 95 

