30 35 48 50 11 160 96 70 56 72 1 
87 57 60 192 152 173 6 189 59 111 174 114 198 164 
155 115 187 175 99 88 183 81 83 105 32 108 
132 157 41 143 185 139 76 134 122 130 117 49 149 
140 188 184 153 147 151 79 146 161 53 121 194 
55 44 141 65 128 17 28 27 61 75 
4 46 71 195 25 182 9 52 58 
196 51 131 165 69 138 22 82 74 119 24 112 
18 67 36 5 38 178 101 154 97 45 150 
93 37 12 104 62 172 14 7 107 186 
145 168 16 34 98 136 100 13 200 42 110 
106 85 191 166 193 89 33 29 47 10 77 127 
15 137 176 21 31 181 126 148 91 
120 158 3 86 133 64 109 39 40 197 
113 92 123 19 118 23 43 190 80 
73 90 2 8 162 84 142 159 102 129 
63 26 68 66 124 167 179 
20 94 180 116 78 
199 171 169 103 
135 95 177 
163 144 
54 125 156 
170 

