132 18 123 8 98 95 159 42 139 113 
73 57 54 160 180 49 11 147 108 
184 153 27 195 25 103 97 
46 85 13 163 169 126 122 81 80 
120 35 192 19 60 118 78 197 
129 162 149 144 45 105 37 110 
99 119 
140 196 121 193 58 138 101 154 74 100 
157 188 176 21 165 69 167 52 
4 71 12 62 84 23 200 187 
155 41 86 133 181 111 24 
145 26 143 76 114 127 47 91 61 
51 16 34 170 102 173 7 
55 44 50 68 150 64 117 79 96 65 161 185 
67 166 104 6 194 183 32 174 59 
87 168 152 38 130 28 191 164 
63 92 89 39 22 29 43 77 
30 128 2 175 141 172 148 
36 3 5 125 17 40 83 198 
199 66 131 116 156 146 75 
53 94 178 142 70 107 186 
1 158 151 134 9 190 
93 135 136 179 
115 48 109 182 72 90 
106 15 56 137 14 31 112 88 82 10 189 
20 171 177 
33 
124 

