140 184 86 64 90 96 194 112 53 
117 27 137 68 133 31 1 47 97 150 
46 153 54 37 175 99 177 82 13 
196 192 193 152 138 101 154 185 139 187 122 
14 18 51 26 131 66 124 170 174 74 24 110 
157 67 48 162 76 156 50 148 91 80 28 
4 191 127 38 104 62 84 183 111 77 198 81 
145 57 166 129 125 39 200 42 7 75 
149 155 120 3 171 161 181 32 113 119 197 60 
132 106 72 135 56 164 141 114 159 173 189 58 128 121 
93 199 163 98 100 118 22 65 105 59 108 
87 73 2 16 21 25 79 126 172 49 147 
15 71 94 12 19 33 167 179 70 186 
115 146 34 95 136 9 43 190 
55 63 44 36 5 176 165 169 17 102 
158 92 8 130 160 180 11 83 45 52 
30 20 89 6 142 40 10 
168 123 143 195 109 182 116 78 61 
85 69 134 88 107 
188 35 151 178 23 29 
41 103 
144 

