46 35 122 8 104 178 138 183 174 186 147 
15 162 165 146 88 43 198 81 
73 161 187 175 50 156 148 128 194 
121 54 192 142 29 82 189 108 
158 38 62 136 111 99 107 
67 150 171 22 141 119 113 
188 3 86 31 181 190 
114 20 185 160 116 61 
153 176 25 144 
4 36 12 95 84 53 200 97 110 
155 55 49 68 5 64 79 126 45 
57 131 195 117 167 
140 120 34 127 164 9 10 52 7 
129 85 193 151 173 13 23 152 80 
44 26 66 32 159 149 83 90 56 72 
157 93 163 169 101 78 
145 115 11 17 102 77 
18 133 69 118 96 91 
184 199 135 89 125 182 70 59 1 
168 2 16 98 177 100 58 24 
196 41 21 170 40 42 75 
106 65 166 134 103 172 130 
87 51 123 143 19 33 47 74 105 
132 63 92 48 139 76 124 39 154 60 197 
37 14 137 28 27 109 180 179 191 112 
71 94 6 
30 

