145 30 49 195 14 29 70 185 
56 15 153 135 193 175 169 154 173 10 189 
158 51 86 117 124 22 58 
41 8 104 142 102 191 
161 68 21 165 79 60 81 75 
73 112 123 66 11 80 88 183 77 108 
140 67 36 3 122 159 47 190 
115 2 192 128 98 84 17 186 
46 85 71 31 116 97 119 24 
188 143 38 181 156 28 107 
132 155 44 133 170 74 105 
199 137 19 95 200 139 
92 16 162 171 148 110 
87 32 57 94 89 136 138 179 1 
113 168 48 130 160 182 144 43 37 198 
106 166 134 96 187 
196 147 129 12 114 178 118 111 65 13 
63 35 64 109 40 42 52 
55 127 151 125 59 194 53 7 150 
157 93 76 23 177 174 61 
120 54 100 126 50 91 72 
26 5 176 25 180 27 9 83 45 
121 20 152 163 62 103 172 197 
4 131 101 78 
18 69 33 167 
184 146 34 99 39 82 141 164 149 
90 6 

