81 41 28 32 19 95 177 102 10 198 110 
132 55 161 146 48 122 162 139 126 117 27 150 56 
4 71 191 94 6 142 159 40 192 90 108 
155 112 2 21 69 23 65 107 91 197 149 
87 63 123 34 98 152 103 154 113 119 45 114 
158 49 3 5 130 175 33 29 82 47 127 189 
60 92 53 176 160 180 167 147 72 97 13 
157 93 199 12 125 59 138 22 96 70 141 75 
37 85 186 164 124 118 78 52 100 
46 36 86 131 66 25 182 144 43 99 194 
73 20 54 89 14 79 116 172 105 173 
140 30 121 187 171 169 17 200 50 7 
184 188 135 166 193 151 58 183 148 1 24 
185 26 137 38 62 84 9 129 190 80 
44 51 143 76 128 88 111 42 61 
196 153 104 136 39 101 174 74 
106 68 133 64 195 134 156 83 77 
57 35 8 165 31 181 179 
168 115 16 178 11 
120 18 163 170 
145 109 
67 
15 

