149 4 184 58 38 121 128 159 100 174 107 141 
145 146 115 8 34 62 84 118 23 114 60 83 198 59 
155 63 18 14 7 56 164 175 186 82 32 90 192 53 
120 117 3 68 195 160 25 180 172 148 129 
44 28 166 109 130 116 156 78 45 24 
67 41 36 5 137 125 191 33 167 179 119 112 
51 26 16 21 124 161 17 139 197 108 
46 185 48 163 136 6 183 111 61 75 
140 73 57 193 95 127 1 52 
85 153 12 37 81 103 101 152 122 150 
157 147 71 65 151 72 182 80 154 70 27 
55 35 99 162 171 79 200 105 173 
188 93 135 89 19 178 142 88 40 194 10 
87 168 123 143 50 165 69 31 29 43 189 
132 106 94 98 13 177 47 91 110 
15 199 49 133 64 113 134 187 42 11 
196 30 20 76 181 126 74 77 
158 54 104 138 39 22 96 190 
86 131 66 169 170 97 
92 176 102 
2 9 
144 

