30 133 64 80 7 182 27 149 60 119 56 
67 130 137 68 66 165 124 186 43 77 100 
132 1 168 143 185 49 82 47 152 108 
73 20 122 25 156 78 91 61 
46 106 135 104 136 84 88 42 10 141 
93 199 163 98 173 111 200 11 
81 155 123 131 169 170 189 
51 16 34 62 17 129 
158 193 109 23 22 96 127 
55 71 12 19 95 90 101 154 74 197 
157 4 184 166 38 144 72 112 
145 161 2 48 76 121 192 113 50 
164 85 176 21 146 53 32 13 107 28 
59 57 94 151 125 116 179 75 
41 54 31 181 103 9 70 105 150 
44 3 5 86 195 33 29 174 194 128 
117 36 171 139 172 148 65 
187 92 8 160 180 97 52 
188 15 14 89 178 183 102 147 
120 35 69 118 138 
87 196 175 134 126 191 
140 26 39 167 190 
63 18 79 40 99 24 
58 162 142 159 177 114 83 45 198 110 37 
115 6 
153 

