2 149 118 105 
157 67 41 54 27 160 182 117 14 113 150 7 
73 48 34 38 84 127 23 37 174 52 
196 20 65 94 58 19 142 128 111 32 189 152 59 
51 26 123 143 64 195 49 11 121 83 119 
72 71 186 12 175 116 74 97 24 90 
155 55 81 35 60 164 125 13 39 22 47 82 114 
87 63 1 146 187 139 99 112 103 78 198 108 
106 15 80 130 50 31 169 88 183 42 45 141 
158 120 16 25 79 167 179 191 129 110 
145 36 137 68 66 165 185 134 96 70 107 56 
46 93 86 69 161 43 190 147 
140 85 135 151 178 159 177 100 102 10 
132 57 173 176 170 154 148 53 192 
4 184 199 28 21 124 144 91 197 
168 115 122 8 162 62 194 138 101 77 
18 44 3 98 136 29 61 75 
188 153 166 193 181 126 172 
92 163 104 95 6 200 40 
5 133 109 33 9 
30 131 17 
89 156 
180 
171 
76 

