32 174 14 
18 51 26 48 146 122 139 117 28 52 114 110 
81 155 67 36 80 56 125 60 138 29 112 105 197 
44 50 143 1 152 194 169 78 7 150 147 
157 4 184 163 38 170 161 149 49 75 
87 41 199 135 65 129 141 37 101 111 200 128 198 108 
73 145 166 193 175 130 154 74 45 24 164 
30 20 121 162 171 53 181 183 88 173 186 72 
106 85 191 64 195 33 100 13 99 192 185 
55 16 34 98 62 84 90 159 58 127 113 
57 21 165 69 124 134 156 172 83 97 
168 86 131 11 160 25 79 126 148 187 59 
140 196 115 19 136 189 177 47 82 107 
63 120 12 104 95 39 22 96 70 190 
15 5 137 176 180 116 43 61 
132 93 68 133 27 109 182 179 77 
46 71 94 151 178 23 40 119 
158 3 66 31 17 102 10 
92 123 76 118 9 91 
2 8 6 142 42 
188 153 54 89 144 
35 167 
103 

