140 73 20 117 160 25 182 72 97 45 58 
157 4 71 124 79 154 148 52 173 
155 120 123 187 121 104 144 7 91 110 
106 57 89 151 156 119 13 
41 5 86 131 181 189 
168 115 38 6 179 
184 153 27 49 60 90 200 
93 3 68 195 113 183 107 
2 180 116 83 150 75 
85 171 31 61 
36 137 19 95 118 24 
188 199 186 80 56 9 74 32 99 
158 34 138 82 
67 139 22 43 190 
46 163 169 126 122 42 
145 146 164 170 81 147 
55 191 166 14 172 130 11 50 185 161 
100 8 175 59 88 78 
18 92 48 53 159 70 
63 16 21 28 129 10 198 
143 152 76 101 105 149 197 
15 135 165 39 23 127 
162 69 103 111 
193 141 125 65 33 
194 54 178 
30 133 64 109 40 112 108 
132 87 94 98 17 128 102 
44 26 66 176 134 167 192 
35 12 62 84 29 96 47 
196 51 1 136 142 177 37 174 114 77 

