140 67 54 193 151 125 118 111 10 
87 73 137 21 187 154 191 108 
132 55 5 109 181 183 52 75 
157 53 16 162 84 60 200 105 13 
196 51 143 38 104 95 144 186 179 190 
106 85 152 25 180 116 172 148 91 61 
188 15 86 49 169 88 122 45 110 
4 3 19 33 82 119 
158 120 36 66 134 126 78 146 121 37 
63 1 133 150 124 39 43 100 
184 153 71 166 6 23 
173 20 128 171 156 70 149 197 
155 18 123 8 160 9 174 74 80 
59 135 117 7 22 29 97 
30 2 48 136 178 42 189 
57 113 192 165 31 170 102 
168 26 34 79 58 127 198 
115 195 103 40 24 72 
46 41 28 176 69 17 11 112 
145 92 163 98 194 62 142 177 47 107 
44 14 161 76 99 138 159 90 83 
35 131 50 182 167 27 129 
93 94 89 164 175 101 56 77 
185 139 68 130 64 147 81 114 32 141 65 
199 12 96 

