46 85 28 64 49 130 180 154 77 141 
63 92 161 104 38 156 122 37 
67 41 86 31 169 103 111 42 119 108 
158 51 151 178 39 22 65 61 75 
157 35 12 182 101 148 
140 48 163 62 88 43 
18 16 53 124 134 126 172 147 
1 80 135 89 95 29 82 10 164 
30 121 146 136 127 179 
155 55 36 27 11 109 72 33 144 174 45 198 
15 188 113 139 165 149 152 14 91 129 
199 193 25 9 194 52 192 
114 133 181 112 
20 54 159 96 190 
120 68 66 84 138 70 186 90 
13 195 105 
106 78 
56 153 71 175 99 183 200 83 185 
196 2 8 19 142 50 197 
93 3 5 176 160 79 107 117 
44 166 6 23 74 110 
87 184 137 131 81 17 128 32 191 
168 26 123 162 171 118 100 102 24 
132 73 143 125 150 47 97 
60 76 40 
4 57 21 69 167 
145 115 187 34 98 173 189 177 58 59 7 
94 116 
170 

