132 57 94 89 118 183 200 42 146 60 53 
46 92 161 34 104 136 6 29 82 189 100 
145 123 19 90 172 113 59 105 56 
81 44 117 130 171 181 103 99 174 74 198 164 
140 188 184 135 72 38 128 142 154 83 45 80 
63 158 26 66 11 28 1 156 119 110 
168 139 122 192 163 95 178 39 129 141 186 190 37 
194 30 121 64 195 49 180 116 148 185 32 13 
157 55 41 147 166 193 175 79 150 167 97 52 
155 18 120 48 8 31 14 126 149 152 108 
106 85 71 191 151 125 127 159 173 47 107 
50 36 137 133 170 17 40 112 75 
196 51 86 131 69 134 169 187 78 114 
73 20 7 165 138 23 22 102 77 58 65 
87 115 109 25 101 111 91 61 
4 3 176 21 124 9 70 197 
2 16 160 182 179 27 
67 143 76 84 177 96 10 24 
15 153 54 12 62 144 43 
93 199 5 68 33 
35 162 88 
98 

