145 112 20 100 109 39 1 164 129 110 
149 87 161 2 8 152 127 183 111 72 147 56 
55 67 122 139 171 31 169 60 82 119 197 59 
15 188 135 166 193 191 13 22 29 174 99 192 146 
7 117 176 21 165 170 17 83 128 
196 30 11 27 116 150 28 70 37 198 81 
157 113 16 98 136 173 90 96 91 141 
155 18 120 26 68 49 181 101 154 42 185 50 
140 73 32 114 121 130 182 167 74 77 58 
158 44 36 12 19 95 84 118 9 107 61 
14 63 41 3 66 64 138 40 200 53 52 
194 35 48 162 76 187 103 43 186 108 
132 123 143 65 178 159 177 47 80 
93 199 137 133 175 33 144 97 45 105 24 
46 106 85 54 38 104 62 172 148 75 
57 131 195 25 126 156 189 
51 92 34 6 142 88 102 10 
4 184 153 71 160 180 179 190 
168 5 69 124 134 78 
94 89 151 125 23 
115 163 
86 79 

