196 51 143 187 76 84 138 189 75 
87 184 191 127 62 142 111 174 192 
168 26 151 129 177 47 112 
4 36 173 38 39 148 91 14 80 
63 117 5 86 64 195 116 167 70 
73 135 166 165 99 183 42 114 
93 131 69 182 43 
67 18 54 60 79 122 78 61 
140 120 8 21 33 83 97 105 
106 163 17 119 
15 94 98 181 103 32 197 
155 41 199 68 150 25 180 141 13 10 198 58 
115 16 162 171 124 22 107 110 
85 34 95 1 81 100 
113 185 92 89 170 200 45 
158 44 3 27 49 175 56 164 29 128 53 161 
132 157 72 59 121 139 50 130 65 108 
55 35 48 104 136 101 102 
30 20 160 9 149 
188 186 133 109 144 179 77 
145 57 12 125 23 96 82 
2 146 31 156 126 172 152 
46 137 37 134 88 74 52 
153 71 193 6 159 190 
123 66 176 169 154 147 11 
28 90 194 19 178 118 40 24 7 

