46 129 162 171 142 88 183 102 24 110 
155 63 67 164 100 104 38 39 23 147 91 28 
120 51 5 86 109 156 200 161 
132 145 92 48 8 146 76 177 127 82 77 
87 199 89 19 95 6 40 61 
93 150 66 69 31 126 190 
184 188 72 34 124 134 103 59 58 
41 3 186 138 9 174 139 
30 20 125 182 43 32 
168 2 136 78 148 75 
106 85 166 193 151 14 167 10 198 
140 26 137 133 64 80 49 117 154 192 13 114 
73 115 163 98 62 22 29 191 7 
55 94 12 170 187 42 60 45 
4 36 68 50 194 159 47 74 52 141 
18 11 176 21 17 81 112 65 
196 35 178 84 179 108 
185 16 189 118 96 70 107 197 
56 15 153 54 165 180 172 83 119 99 
57 128 37 175 181 169 101 111 121 97 
158 123 143 131 195 25 130 113 122 90 173 
157 71 135 27 79 116 1 53 105 149 152 
44 160 144 
33 

