667 262 595 930 396 246 197 966 143 990 528 144 
377 29 409 134 507 227 176 15 693 274 445 626 
881 765 748 956 742 520 961 321 479 888 831 610 61 687 877 
26 289 964 412 293 907 933 633 530 894 101 845 
486 943 669 395 9 145 690 915 733 769 16 
260 680 126 904 973 497 611 787 125 163 172 255 
213 820 365 208 779 99 182 503 382 855 603 214 
489 718 148 222 400 813 491 999 857 942 441 665 385 895 
487 931 818 193 37 94 542 978 359 646 83 883 
496 464 471 921 286 104 108 834 323 
712 123 929 825 124 280 490 228 420 43 771 594 75 850 
138 841 737 442 853 218 202 67 648 370 501 
927 447 38 169 954 826 56 90 805 319 
704 54 269 127 922 868 4 678 560 461 455 
911 629 296 498 829 588 316 200 338 398 601 
673 890 95 553 493 788 150 352 282 42 423 926 450 549 
752 620 774 862 437 772 572 87 105 357 
122 934 773 271 351 839 562 129 318 866 
141 799 937 373 389 760 34 342 531 874 789 716 898 632 
89 897 757 440 811 322 935 153 941 195 267 297 
616 35 133 574 982 859 380 759 331 918 721 84 
697 517 50 783 741 93 47 245 81 514 521 
14 652 953 187 720 170 524 728 833 957 301 569 
1000 590 924 714 870 109 397 869 119 649 682 40 671 
463 164 644 672 419 22 325 340 851 192 106 
433 439 886 566 571 707 2 349 
74 835 631 548 236 191 287 451 925 
66 453 243 379 977 545 537 987 782 422 
299 597 199 581 630 705 806 612 65 257 278 762 
726 846 388 791 275 556 867 795 162 1 674 889 277 
775 754 324 211 641 178 522 333 688 171 923 408 
854 459 879 727 550 822 734 711 676 291 580 478 
790 372 599 403 265 896 666 179 492 393 591 980 729 586 
515 617 891 70 196 939 343 554 168 970 
872 115 605 538 232 36 221 689 314 653 362 465 270 
606 160 367 563 71 307 500 415 513 589 796 
212 305 657 113 364 824 62 259 638 609 63 142 
986 120 902 279 344 643 295 993 532 
992 738 744 856 130 998 615 670 238 662 
209 154 600 917 499 256 467 20 602 
358 229 294 969 906 407 565 19 469 7 237 
313 950 180 17 535 668 494 505 751 981 
339 91 984 226 41 329 724 33 429 10 137 840 
337 402 185 330 948 842 281 698 551 739 88 452 
899 511 557 803 736 778 181 332 658 527 516 
110 651 502 184 564 576 360 378 376 568 570 
235 700 901 817 374 994 399 909 97 539 860 
448 573 683 781 103 965 798 354 356 383 
695 292 884 880 390 659 430 166 836 392 264 
928 536 910 797 756 5 44 12 567 118 421 730 
706 477 971 300 512 722 951 480 175 272 664 
80 203 585 298 807 48 882 135 481 919 
858 640 608 959 495 341 596 830 985 940 699 
746 637 401 248 350 363 715 79 614 
873 905 234 206 460 484 425 102 413 404 525 285 23 3 
117 944 156 335 843 972 217 431 635 619 
544 654 593 717 132 523 355 311 709 
983 188 116 962 785 114 366 847 780 
53 732 444 189 701 30 976 761 472 456 
692 273 691 947 446 552 157 205 284 474 369 
28 725 449 770 468 32 768 436 
702 628 210 686 766 546 76 823 112 
650 165 368 309 302 900 239 844 753 485 541 
247 304 814 598 381 887 283 916 
223 903 78 776 792 242 69 428 945 519 
932 161 438 219 510 72 92 
908 920 328 443 623 636 13 865 
655 963 473 488 534 627 39 252 767 
960 679 508 914 482 483 815 694 
198 988 575 454 974 100 371 743 559 
708 334 25 405 475 912 578 186 346 
86 345 731 194 723 174 6 266 233 
849 995 663 327 251 864 584 173 
201 107 583 258 735 975 8 561 244 
68 675 645 458 642 624 587 149 821 634 147 
848 696 533 946 432 57 878 529 832 231 
967 555 386 315 426 470 353 384 253 
802 876 622 579 952 592 131 506 810 794 
128 949 216 207 347 215 661 348 809 989 
308 411 758 863 52 685 290 240 82 51 
46 684 49 892 406 871 55 288 
394 435 45 167 375 518 261 466 828 
893 816 220 504 958 681 647 27 938 
710 96 763 540 303 427 387 547 
819 786 740 800 416 747 
77 263 418 476 543 801 968 
804 991 812 241 955 639 391 
410 755 60 621 625 
838 190 577 336 
306 457 607 254 509 310 
703 361 312 11 146 913 750 
808 713 618 996 
73 677 59 24 121 224 183 837 
582 784 613 
558 64 434 793 31 158 320 
230 417 777 151 177 
462 249 875 745 159 317 
885 719 225 660 861 
936 268 326 997 
656 98 424 
140 58 111 85 
136 749 852 
139 764 526 
276 204 
21 250 414 
155 827 
152 604 
979 18 

