775 299 816 418 484 545 72 649 75 478 626 
911 365 977 956 157 801 197 69 278 244 541 845 
209 386 585 543 880 121 468 743 589 172 267 319 
433 402 225 449 416 966 609 428 610 144 214 
28 358 879 334 776 132 745 4 826 957 301 506 422 255 
854 289 305 493 400 47 839 735 975 55 76 809 270 
752 502 226 686 202 176 415 79 474 898 
712 949 557 713 741 93 5 772 469 828 794 
122 793 444 917 303 427 815 366 291 584 455 671 
697 754 737 460 425 102 413 874 782 105 142 501 
260 675 126 971 328 352 282 336 51 516 729 664 
247 731 765 296 113 52 685 596 390 42 694 810 877 
695 198 725 268 218 935 494 314 317 521 866 
808 395 440 389 158 30 591 529 356 614 323 532 
804 820 629 45 220 641 240 81 674 747 603 
704 953 605 892 660 245 82 894 
213 234 206 347 562 129 87 823 889 519 
819 35 374 785 360 888 923 769 16 919 549 
394 29 409 495 279 867 525 325 733 481 274 445 
927 156 120 791 298 915 183 384 61 
96 799 164 631 783 405 191 43 186 844 840 
140 335 563 185 103 724 483 546 643 362 112 
899 511 229 294 969 994 668 359 560 283 831 796 
141 459 599 497 766 286 661 348 311 709 101 
486 230 936 652 684 193 37 94 756 170 407 900 353 926 539 860 
703 890 786 265 829 307 666 179 503 39 252 665 993 
655 345 719 842 332 344 653 580 277 632 
1000 262 924 948 189 800 281 443 387 976 780 383 106 
992 700 161 897 757 327 178 451 567 310 850 619 
463 372 645 458 368 690 22 205 855 528 
235 718 517 764 870 322 509 864 20 83 601 
74 199 608 312 902 571 424 551 547 92 452 
544 654 411 755 896 552 556 623 634 320 485 
308 738 50 208 742 681 522 381 789 272 369 
928 555 910 622 180 490 228 437 913 670 238 436 237 
986 364 792 18 638 514 173 970 687 
873 763 550 811 611 204 676 646 13 989 
66 677 843 246 500 163 633 602 
462 249 875 324 476 182 48 242 177 23 349 
848 696 533 778 181 798 795 1 980 461 
849 903 188 797 564 576 119 104 612 65 257 357 
558 988 116 464 510 125 554 682 233 730 
68 435 508 326 538 232 36 689 847 559 569 
487 943 669 644 630 588 701 942 441 231 865 
616 212 58 595 98 309 275 857 143 985 63 767 
932 944 263 379 760 34 342 531 951 346 450 
117 593 717 350 520 24 224 659 340 97 981 
650 417 115 187 974 734 512 869 480 7 
708 597 937 758 788 254 426 647 62 393 338 895 
77 553 111 507 227 256 821 398 147 385 
515 680 691 488 740 565 771 750 266 421 
14 339 38 165 891 904 184 271 406 537 861 716 391 
89 250 581 375 886 59 12 166 408 
201 817 744 856 548 293 251 777 404 759 331 382 832 699 
726 637 401 442 813 627 592 253 586 
967 995 825 207 822 749 146 217 431 19 530 297 
110 447 473 846 388 930 396 343 85 570 883 
692 91 434 642 330 499 621 658 90 968 465 
26 160 190 211 958 770 688 925 392 264 
46 774 624 524 397 67 505 987 472 456 
893 984 720 100 787 159 941 721 84 
667 337 403 194 962 965 114 921 625 3 
802 54 269 773 33 429 784 10 751 662 
881 123 590 579 419 60 728 833 639 887 762 
21 536 853 363 259 830 371 239 918 834 
489 148 107 41 535 241 978 378 414 288 
313 934 373 946 518 492 636 753 527 916 
790 651 367 99 475 523 355 174 192 
673 950 672 906 922 215 806 722 909 851 
960 876 154 600 49 598 471 711 56 131 561 
139 64 818 575 991 70 862 852 933 613 
706 617 248 57 878 40 
223 203 779 432 972 526 171 945 
872 304 803 812 109 153 376 295 805 
702 628 222 258 71 491 882 284 693 88 
152 929 78 574 982 859 380 32 739 836 
710 905 901 504 807 316 
361 963 607 412 150 578 8 370 
477 292 736 438 219 420 912 678 118 
53 273 498 884 723 302 333 321 768 285 
73 841 127 715 604 200 354 938 
306 835 920 727 25 130 196 108 
138 640 748 9 145 707 135 990 940 
606 540 973 542 221 952 467 568 195 
377 657 959 999 513 997 318 
858 683 134 577 137 761 
746 964 583 341 31 162 
448 573 210 482 868 871 168 
838 914 618 615 466 175 
885 439 705 44 261 
656 732 169 954 998 15 423 
136 243 663 566 961 698 
931 863 315 824 6 
86 947 329 149 837 
276 216 124 280 11 287 648 
983 457 167 996 
620 446 290 151 2 
908 133 714 17 955 572 
128 814 236 907 479 
496 351 594 
410 781 470 
453 939 
679 454 300 827 
95 587 635 
80 399 
979 534 430 
582 27 
155 

