138 148 991 70 800 176 546 317 516 84 214 
122 58 595 225 309 33 429 30 2 472 895 
927 361 411 607 783 760 34 146 565 771 957 594 474 619 
706 54 732 246 882 151 638 79 278 860 445 
1000 289 160 765 111 781 965 621 376 589 729 796 
110 841 324 221 689 847 584 105 699 101 532 
697 262 508 169 797 94 756 497 60 204 505 20 297 877 
313 934 553 748 512 939 678 751 527 541 319 
14 799 161 950 778 471 935 286 864 646 521 106 
486 91 652 684 600 720 322 869 955 661 87 549 
68 447 107 388 930 948 827 186 104 635 97 408 664 
712 903 644 440 741 47 839 359 592 131 455 671 
117 718 590 641 982 390 224 479 888 481 769 349 762 501 
911 292 774 642 974 524 397 43 119 301 506 530 687 
704 249 379 220 543 647 62 259 759 423 919 
726 964 367 663 475 826 72 6 485 898 845 
29 637 719 296 788 446 307 427 815 428 63 385 323 
26 943 188 822 749 972 526 578 874 861 277 144 
308 453 190 843 956 685 179 867 636 643 968 993 
908 817 581 460 545 413 907 913 12 272 
848 123 825 969 124 102 380 830 42 694 810 883 
247 339 273 846 884 627 715 997 625 392 92 
802 417 154 973 509 343 125 554 639 195 267 255 
152 929 557 180 579 236 705 912 806 346 436 850 369 
201 931 599 403 226 482 464 241 153 314 653 244 
967 250 193 227 766 676 118 7 391 626 
986 947 829 491 31 701 252 338 938 528 
667 727 78 776 178 880 859 404 698 855 383 865 632 
213 984 624 962 978 378 467 163 173 610 
28 372 818 891 330 724 256 15 371 239 257 601 
558 988 575 228 523 728 634 743 894 
515 95 45 902 279 801 158 393 27 747 172 478 
650 230 936 773 17 535 711 941 844 753 916 
881 229 294 713 93 287 353 177 88 452 
394 345 409 442 853 363 407 381 716 866 
992 700 50 977 432 618 525 331 382 832 603 
74 35 373 946 327 566 571 121 659 923 926 586 
775 299 763 164 622 672 906 734 833 19 85 539 
710 335 476 681 518 24 468 670 909 192 840 
695 669 334 280 490 420 531 782 83 602 
692 38 793 326 564 784 798 1 295 465 989 
209 563 842 499 500 415 108 570 357 
606 212 402 683 917 351 537 56 8 823 
463 679 971 870 170 787 4 658 987 13 
46 269 924 596 777 416 707 135 985 980 
448 573 583 341 52 723 261 567 693 274 
223 696 995 116 328 352 900 284 285 981 264 
433 731 488 791 298 290 492 242 976 514 970 
673 434 605 538 217 431 951 174 682 310 662 
489 156 493 113 258 189 281 245 348 580 
544 654 754 208 412 99 132 18 22 205 733 739 3 
838 640 717 350 577 483 857 162 674 780 
655 435 645 454 232 623 384 
260 680 691 194 184 271 114 821 137 721 
141 555 744 856 425 852 5 772 560 568 633 767 519 
616 458 438 522 333 321 171 340 461 
582 243 418 742 520 915 147 614 456 
77 905 901 914 444 666 443 240 591 398 61 
306 358 920 779 862 196 722 253 237 
960 876 814 714 100 921 494 761 112 
276 511 533 631 127 994 191 933 649 370 
80 875 757 548 293 57 690 282 430 23 
139 484 145 961 32 166 16 
136 737 312 630 182 745 510 562 648 168 288 
235 401 758 71 588 48 69 529 665 356 
140 337 222 400 785 542 789 996 828 40 
21 536 910 304 389 811 878 551 918 142 
873 816 263 218 202 366 81 318 805 
128 949 216 419 922 868 735 975 311 709 270 
746 126 368 41 329 660 668 344 559 569 
790 459 502 98 507 303 503 39 200 990 940 
983 457 395 611 406 612 65 730 
89 879 375 886 574 424 325 336 450 
804 820 365 199 234 206 315 426 824 316 604 834 
928 198 803 736 302 480 750 266 421 
703 890 963 210 364 534 275 999 513 129 283 831 
617 473 120 254 185 103 451 466 238 
487 657 248 740 813 157 387 889 
854 305 959 495 9 770 792 320 
752 620 953 437 44 615 547 
893 651 629 755 863 585 807 82 
496 211 439 150 55 561 794 
899 835 374 686 332 414 76 809 
932 517 897 576 360 10 90 
819 675 268 812 347 215 355 233 
155 954 998 572 613 422 
708 597 937 386 265 896 552 556 942 441 231 
849 725 25 130 405 342 925 
53 115 187 49 587 399 871 291 
944 203 504 958 251 470 183 837 
377 165 904 892 181 67 362 
979 786 134 197 966 609 836 
73 677 498 59 469 175 
738 540 11 688 945 
702 37 300 149 795 51 
656 608 167 887 
808 109 159 75 
462 207 219 851 
872 550 768 
858 593 449 143 
66 133 598 36 952 
477 764 354 
64 396 
628 
885 
86 
410 
96 

