967 555 744 581 946 425 102 302 325 832 940 521 
616 637 719 442 498 571 525 2 16 3 214 
986 536 727 182 150 415 636 81 398 255 
313 374 78 251 982 649 682 828 40 866 
377 203 784 344 864 90 968 244 632 
673 447 846 226 41 329 787 317 13 610 898 845 
544 48 
122 164 550 389 596 259 143 665 356 528 323 
110 936 652 434 793 904 184 443 942 674 147 762 501 
117 799 364 534 275 556 867 707 331 831 277 144 
667 365 243 379 220 681 565 104 301 506 916 794 
152 304 557 207 822 760 420 554 72 957 823 889 626 
838 629 765 758 444 399 43 594 118 7 391 
26 718 458 438 437 913 615 635 589 173 687 
746 29 401 412 34 146 470 923 340 238 926 539 
14 477 154 326 756 598 36 676 592 348 76 101 
462 199 373 254 449 842 242 393 428 547 970 106 
247 372 583 265 189 281 153 467 295 383 
209 126 599 403 930 227 176 689 661 163 237 671 
260 856 440 548 432 545 18 638 990 472 993 319 
703 190 350 902 315 298 290 915 479 925 97 408 84 
706 262 473 971 713 93 475 5 44 171 177 840 
911 696 910 924 116 413 390 32 284 481 769 349 860 549 
223 763 533 630 218 114 735 131 561 810 
656 943 161 817 742 518 197 966 609 142 
881 123 995 169 499 621 537 56 613 767 894 
487 50 956 9 585 543 723 451 480 474 264 
230 417 774 624 962 303 429 427 815 240 82 172 
979 409 222 488 134 647 282 15 65 461 455 
433 402 111 917 745 510 376 291 516 586 
306 358 35 411 563 886 574 468 659 844 753 729 
582 497 322 509 355 186 639 694 485 541 
873 905 669 395 167 316 604 252 27 747 385 895 865 
394 289 691 388 791 813 279 821 887 283 369 
650 91 984 642 773 404 22 430 285 274 619 
235 148 947 194 202 728 381 19 85 233 730 
712 929 99 641 806 722 951 174 272 850 
697 299 165 37 974 576 360 978 494 505 658 108 422 445 
489 305 657 493 853 132 618 648 568 20 809 
692 273 684 193 300 564 542 332 546 653 646 580 989 
486 679 725 988 396 31 137 976 514 614 
726 54 590 764 228 287 578 771 175 883 877 
893 700 950 672 419 347 912 431 559 105 61 
213 156 335 312 811 880 424 768 693 436 664 
517 754 418 439 352 321 183 310 421 
927 435 680 98 309 948 701 503 39 591 980 796 
1000 644 663 484 293 57 690 320 257 278 478 
992 453 234 208 779 862 159 997 625 527 450 
752 620 71 307 500 634 63 855 603 
654 816 386 788 685 426 792 857 69 985 92 452 
74 229 294 969 280 954 998 567 346 919 
983 457 814 127 686 766 10 162 338 267 
944 841 737 367 45 959 33 414 465 601 
702 628 210 683 507 724 256 314 311 709 357 
655 890 963 454 100 109 512 955 847 633 530 
695 64 818 953 268 720 785 798 795 362 
899 835 188 824 158 387 200 354 938 456 
68 292 508 914 271 149 935 286 612 996 569 
704 96 901 180 579 219 4 678 981 
276 511 920 631 334 994 734 772 371 166 836 392 
201 553 748 495 446 896 666 759 205 551 739 532 
804 651 897 757 965 827 119 129 318 805 
361 337 786 781 185 62 688 670 909 297 
28 115 605 538 778 471 952 8 195 288 
802 198 133 714 870 17 711 643 780 699 
139 460 363 878 24 121 224 698 945 253 
854 212 95 749 852 343 125 560 168 
848 949 216 25 236 1 761 112 
597 263 843 504 375 520 380 830 42 837 
141 459 937 740 246 157 801 79 918 88 
140 345 206 476 145 777 416 743 721 
46 269 490 705 933 789 861 716 570 
77 249 324 211 958 179 715 384 662 
138 820 160 593 717 863 491 999 135 733 834 
790 731 248 258 800 623 572 51 
448 573 502 482 181 351 668 975 602 
606 607 130 215 196 939 874 751 519 
496 783 741 47 406 941 782 83 
931 645 187 49 587 464 221 987 584 270 
708 622 540 973 170 524 397 67 87 
89 250 891 70 191 12 261 266 
53 617 906 922 868 839 826 851 192 
86 58 296 113 341 52 859 333 353 
463 876 120 225 884 770 900 23 
775 38 368 103 627 492 529 231 
710 608 755 60 921 469 750 
73 677 977 328 204 833 6 370 
819 803 736 812 535 241 359 55 
932 964 11 972 907 423 
66 875 124 405 523 217 466 
849 903 825 776 59 961 75 
960 732 577 483 382 
155 595 611 869 239 
21 575 991 797 94 232 660 366 
808 330 807 882 151 336 
872 400 588 30 441 
308 738 327 526 888 
515 107 407 
885 934 342 531 
928 829 245 
339 675 600 892 378 
858 640 871 
128 522 
908 879 566 
558 513 
136 552 
80 562 
410 178 

