20 244 18 57 298 289 280 45 395 318 36 66 41 399 7 325 14 134 377 171 
296 337 77 62 223 74 308 95 137 251 238 330 326 164 319 170 101 
148 90 130 48 369 234 397 229 231 339 273 168 
83 108 310 59 362 23 
299 185 269 
155 
197 284 
30 15 94 204 81 115 100 167 261 49 3 363 
302 361 102 1 277 11 312 142 354 190 182 239 160 371 194 219 381 191 135 174 344 
140 123 131 27 
76 143 22 200 264 400 92 322 320 106 224 70 222 218 145 393 93 263 324 179 44 290 111 
382 50 119 82 64 303 227 157 268 127 161 98 
113 323 42 215 173 260 198 391 
124 348 
306 367 193 232 
285 386 380 
271 270 206 107 8 97 202 139 43 
159 375 300 259 79 328 345 249 388 118 38 176 138 346 
217 331 169 236 207 87 88 340 51 86 278 6 356 125 110 357 80 33 13 253 
60 366 144 71 114 63 390 365 16 247 35 133 327 257 121 163 
347 216 291 394 315 
172 243 187 210 126 220 89 
358 333 372 338 
128 398 4 353 181 
281 
105 73 
156 214 195 286 
117 
321 272 336 180 78 274 241 177 
248 54 295 246 360 116 
141 5 378 213 334 188 91 276 332 37 
69 68 165 396 17 279 287 283 368 75 211 314 150 341 203 178 189 10 226 52 183 
152 
256 99 122 275 237 267 67 21 158 255 
151 
175 55 2 212 58 221 109 245 24 196 230 311 166 
153 359 9 252 266 250 184 370 351 265 379 201 385 
235 29 25 376 294 
342 31 317 96 329 301 242 84 292 228 65 313 162 350 103 258 53 136 19 225 383 387 262 305 104 316 307 192 132 343 56 47 149 34 32 
352 309 355 209 61 112 389 297 288 28 12 392 26 39 205 85 282 146 364 254 208 349 154 384 72 374 233 199 120 186 40 293 129 147 46 373 240 335 304 

