20 113 358 269 59 82 262 117 54 17 6 63 25 114 359 205 350 169 238 161 151 177 388 158 173 363 10 189 105 190 257 46 372 198 261 227 377 52 93 24 226 170 
30 256 235 123 119 291 369 281 15 280 185 234 26 315 70 328 390 64 284 383 303 110 200 364 98 4 307 202 276 171 141 210 154 138 286 126 
130 175 159 355 302 99 71 208 367 45 229 378 87 365 88 251 322 79 354 72 265 28 356 104 160 237 311 196 245 37 181 
69 60 337 396 298 352 162 250 247 351 56 186 
83 248 48 336 392 18 111 
143 77 62 61 180 92 204 297 58 334 393 306 361 273 19 338 13 381 268 255 157 120 35 380 199 149 
148 9 128 374 96 51 57 106 102 331 292 312 326 325 221 239 293 192 193 89 222 118 164 263 253 121 179 391 166 346 
140 244 375 362 339 213 319 14 29 
317 50 74 270 399 318 272 259 295 231 12 41 343 384 228 330 360 214 353 218 333 379 373 201 332 
223 347 299 90 395 207 246 
243 366 42 300 216 288 368 283 85 219 43 
11 314 182 345 178 103 47 
271 217 65 389 122 5 112 184 36 188 100 349 394 194 107 266 152 33 21 224 109 134 44 232 
236 310 287 40 23 129 215 174 
68 323 376 397 144 115 39 2 75 348 357 38 371 
156 382 398 22 308 131 329 264 313 142 233 335 316 220 139 125 133 135 240 80 147 
296 285 108 301 277 95 165 279 94 260 155 16 97 386 242 274 206 145 
321 320 116 27 53 209 132 
370 146 289 137 254 400 275 225 7 91 168 191 
153 172 342 309 55 124 76 1 49 86 252 8 66 340 195 81 31 84 211 282 78 197 241 387 267 167 67 278 3 203 187 163 344 127 150 341 212 176 249 385 258 34 327 136 101 305 324 294 290 73 304 183 230 
32 

