264 271 269 5 31 51 9 288 137 204 66 187 376 394 295 367 302 265 128 334 278 110 255 227 147 47 373 304 163 258 121 253 52 377 391 324 346 
399 96 358 213 326 159 390 23 192 353 199 181 
156 77 260 369 55 49 370 185 72 363 78 167 222 24 294 328 38 210 170 
252 124 384 8 39 61 45 395 84 306 67 176 393 349 109 335 168 98 249 371 293 179 
352 317 309 300 87 289 95 211 215 374 356 153 233 40 189 
242 280 165 122 102 392 275 154 36 368 224 254 344 380 226 
175 30 236 99 92 277 216 7 18 205 79 283 197 246 152 91 19 225 257 198 129 56 232 34 290 89 
342 321 119 337 22 195 299 267 343 339 315 318 312 219 331 284 359 139 203 21 188 157 245 85 220 132 316 126 44 73 
229 65 398 48 248 347 131 322 142 357 29 25 330 178 155 183 138 
130 108 285 180 272 117 74 313 234 14 172 259 291 338 206 46 2 114 354 64 16 240 400 173 237 41 28 351 160 333 314 10 151 202 386 158 106 97 116 166 194 327 136 4 127 101 104 111 241 305 135 
256 140 301 389 223 209 292 107 320 325 162 281 191 33 273 177 228 303 94 6 239 381 208 133 3 341 372 274 311 141 149 171 261 32 
243 83 60 310 81 298 308 362 340 63 62 54 207 70 182 218 118 307 
217 244 59 366 90 144 11 329 231 12 247 17 80 348 
123 68 375 82 297 397 174 125 388 345 360 238 186 268 35 105 201 196 230 332 
20 235 143 270 378 146 58 115 221 200 379 
148 355 42 13 43 
296 113 323 1 57 250 112 100 282 193 276 120 37 286 
69 382 169 396 266 15 88 103 287 251 365 53 75 212 383 214 150 
50 76 71 86 336 184 279 262 26 27 364 319 387 350 361 145 190 161 385 93 164 134 263 

