321 323 298 277 288 62 384 162 231 372 44 
61 31 370 376 26 161 86 325 291 228 233 12 312 328 211 67 225 363 345 203 194 164 127 32 293 163 
175 297 398 362 250 184 213 139 218 157 188 196 179 149 
83 172 264 209 269 326 272 9 8 367 306 265 187 356 173 101 303 155 40 333 202 240 120 56 141 274 327 226 380 377 335 286 168 338 
57 119 99 92 84 309 50 55 281 340 13 242 41 159 278 2 53 394 160 215 247 258 78 178 118 353 257 307 316 253 126 174 166 263 170 
76 123 42 122 74 243 397 378 100 201 
69 60 296 336 366 200 144 153 128 315 246 152 354 273 348 136 385 97 93 
130 236 369 347 318 308 146 392 383 89 19 38 98 121 249 199 
22 1 391 344 
324 198 
208 289 355 234 207 266 386 39 25 282 390 114 29 64 33 75 360 23 191 351 5 110 182 379 43 80 116 52 111 294 138 
256 148 382 63 252 81 299 212 90 190 204 361 115 16 295 46 284 17 261 393 186 371 24 104 332 
229 285 310 339 
375 358 223 287 304 
11 107 399 237 276 230 
270 70 305 
35 37 227 
337 216 238 349 319 255 220 
368 192 
54 
352 140 317 113 117 102 129 400 103 180 85 222 109 134 254 171 346 
108 343 156 87 395 279 320 322 388 193 10 245 232 183 
71 82 331 271 259 396 96 15 45 205 137 36 142 7 260 302 262 145 151 177 311 341 176 3 105 364 314 373 132 34 
143 48 51 248 300 292 131 280 14 158 88 66 330 28 197 221 357 150 359 167 21 133 27 79 334 47 147 73 
30 235 301 59 185 313 112 95 165 125 283 275 224 49 
20 244 124 195 329 267 210 
342 68 217 77 18 389 169 350 94 65 6 365 58 251 219 214 91 387 239 374 268 106 4 189 154 72 135 241 381 206 290 181 

