309 69 130 308 252 122 264 228 8 9 45 54 356 17 126 152 155 284 75 351 109 179 44 
217 62 99 113 74 397 262 209 84 94 25 146 195 313 333 115 214 203 10 218 106 37 93 386 286 196 
292 236 347 15 11 336 231 36 102 319 251 98 210 
140 59 355 172 165 369 169 95 81 320 39 306 330 129 367 282 29 387 139 176 399 225 261 27 360 263 373 377 201 149 290 324 226 111 
148 1 65 398 82 117 277 329 267 112 103 395 326 315 312 142 160 283 35 23 353 363 227 164 194 307 334 338 174 335 198 
76 331 68 270 358 259 301 310 71 86 365 101 158 394 128 72 265 151 224 97 273 178 163 293 257 341 254 379 127 253 171 245 
337 119 223 108 48 200 229 66 211 116 279 107 325 134 175 364 276 73 
342 235 42 60 299 131 328 208 193 67 110 316 344 
285 96 77 300 5 114 272 185 87 162 177 167 239 78 190 199 181 
18 30 143 216 389 289 184 157 6 28 207 79 168 255 383 34 346 
321 317 291 256 298 280 215 234 90 63 250 213 61 349 187 70 64 125 242 85 43 238 359 381 354 388 232 345 192 384 13 314 40 357 220 191 186 233 372 274 52 4 311 89 332 294 249 
57 244 361 124 375 50 269 318 243 2 144 12 88 343 204 368 260 246 16 302 268 41 182 133 21 19 161 327 121 
22 20 296 123 248 51 339 153 288 340 205 100 278 91 3 392 31 240 303 247 212 258 393 237 206 120 380 189 385 305 147 391 170 
352 156 382 92 55 362 46 137 180 230 297 49 26 197 390 219 33 118 173 150 222 105 47 24 38 138 
271 396 370 366 322 266 58 287 378 53 7 275 159 281 241 295 221 374 14 154 400 376 145 104 56 350 188 141 202 132 32 371 135 136 80 304 166 348 183 
323 
83 

