169 321 366 369 234 216 288 272 45 400 204 246 251 268 43 109 201 
30 68 96 143 48 65 292 102 209 84 87 200 390 334 247 284 399 364 381 191 199 171 
264 358 301 223 279 356 
244 375 74 219 40 52 
42 119 108 9 63 280 66 282 239 182 363 150 157 116 245 319 
77 197 293 103 377 
396 90 53 193 44 170 
60 298 185 362 339 203 365 307 134 232 32 
31 389 122 361 212 287 25 159 64 208 115 255 13 258 104 
57 50 370 266 397 92 95 137 165 58 51 62 237 394 221 328 21 19 241 47 332 
123 285 156 154 178 372 341 
207 98 126 
243 317 250 330 283 86 7 161 147 190 
342 173 349 61 218 343 37 305 222 
367 314 
148 59 130 39 54 302 79 33 331 94 2 192 265 110 238 118 34 249 73 183 286 
326 97 
271 112 15 184 211 322 177 388 28 225 206 304 10 136 93 
256 8 254 198 
18 236 153 117 11 46 88 351 242 379 276 240 230 141 
310 213 70 315 387 176 
22 140 82 14 350 174 145 67 106 210 24 226 
325 311 291 38 
235 49 395 306 152 100 41 125 327 56 
69 323 384 81 269 144 368 36 195 168 164 181 
229 20 71 113 329 142 127 224 166 
83 1 355 352 228 340 320 295 383 257 290 101 227 346 
124 309 294 
289 297 129 
248 337 55 347 146 17 231 333 278 151 80 205 385 163 179 132 316 
99 128 313 23 348 78 214 
260 277 281 85 259 393 275 167 273 3 139 324 373 202 253 344 120 220 138 
172 162 114 274 338 360 
336 180 175 
299 16 215 186 105 263 386 72 380 391 371 
296 382 300 376 27 194 357 318 312 75 107 303 374 29 353 155 133 
76 359 217 398 252 270 131 308 12 262 378 267 26 158 392 91 354 345 6 187 5 335 233 35 160 89 188 261 121 189 135 4 196 111 149 

