30 375 248 216 87 65 146 144 142 45 25 125 312 315 345 152 194 388 107 241 255 343 118 24 80 274 
165 378 205 147 394 328 221 105 
370 161 331 318 213 385 3 211 383 44 73 
390 174 
310 259 368 349 13 206 
76 321 363 371 380 
35 
323 204 396 141 95 2 250 173 28 67 354 72 5 341 307 314 319 373 38 168 198 93 232 170 
382 42 336 158 359 116 334 106 
117 160 179 85 
123 103 184 395 238 167 332 
355 285 124 148 376 74 39 112 282 330 191 12 381 372 91 273 134 377 261 286 245 138 
235 298 15 155 
96 398 270 51 280 84 374 387 222 
108 156 340 128 
20 99 50 269 59 190 262 137 228 215 63 279 145 100 214 109 218 386 166 263 171 290 249 101 111 
361 252 7 295 283 306 157 220 324 391 
26 266 131 
296 217 82 229 366 313 299 301 159 192 344 327 348 294 253 126 293 335 304 
77 130 60 58 393 88 129 219 208 89 164 183 
342 209 97 110 
352 271 36 135 47 
69 
309 369 4 316 
302 267 322 264 6 197 151 23 193 303 240 212 34 
122 338 169 224 333 120 
195 201 
243 48 113 61 347 231 364 379 305 136 
143 92 8 180 75 163 200 104 346 
119 278 
337 41 292 187 276 
11 
326 18 31 397 284 199 186 133 
251 14 230 49 
153 358 81 300 367 43 288 265 178 254 357 196 400 210 
237 257 
140 83 362 185 242 54 66 320 260 247 325 311 19 98 233 21 33 177 132 353 
68 277 234 127 268 139 
162 46 
236 1 389 308 339 207 246 225 79 392 115 176 188 37 154 350 56 
57 256 223 22 289 281 90 17 70 64 227 150 40 258 10 226 
317 244 175 172 86 71 202 
9 55 297 114 365 399 272 62 329 102 287 27 356 16 53 291 275 239 360 182 203 351 78 94 189 29 121 32 384 149 52 181 

