57 124 130 329 195 254 281 282 49 14 214 251 23 273 182 98 374 348 335 319 101 232 305 210 
83 270 323 300 15 40 75 253 170 
140 359 74 
248 68 238 136 17 351 
123 285 180 310 71 117 302 174 334 350 207 67 385 239 168 47 341 93 175 201 189 199 85 181 
271 296 336 252 362 95 107 370 376 6 292 349 64 161 145 4 35 212 245 372 290 73 
317 235 159 229 352 397 378 25 137 380 294 46 32 
366 102 250 9 213 368 237 265 97 106 192 314 121 
125 337 45 365 269 43 293 157 91 10 
313 172 2 264 246 247 118 133 110 78 28 80 
321 59 256 355 65 36 326 312 262 211 390 129 202 139 150 307 324 327 233 258 226 
244 315 81 364 29 331 
55 152 
277 169 108 126 127 318 221 267 208 263 
143 375 96 280 301 287 367 63 160 184 356 224 222 200 393 316 149 
217 48 94 308 234 188 41 343 88 135 
22 358 62 82 8 144 54 58 116 392 3 154 325 103 344 345 105 7 353 291 379 304 346 
153 382 76 389 216 165 146 322 243 209 205 87 155 194 142 219 197 354 387 19 109 167 268 255 164 257 141 104 241 56 34 400 391 
309 119 272 369 299 70 363 21 5 218 373 
69 236 148 398 396 122 297 288 12 260 279 204 330 278 13 295 33 26 371 203 173 177 306 381 333 384 186 176 360 230 227 276 72 89 206 240 44 286 138 179 111 37 
342 31 50 259 92 131 347 185 190 61 320 228 266 328 283 79 128 215 100 303 383 193 178 132 38 52 249 120 24 196 377 183 
156 90 77 339 223 231 395 134 225 
20 289 1 298 53 399 39 284 361 388 191 198 
42 99 338 
18 60 66 84 151 261 311 
30 113 51 357 112 386 11 340 114 162 242 275 27 394 86 16 158 115 187 274 171 163 166 220 332 147 

