233 130 48 20 113 228 2 301 81 212 241 361 259 400 275 100 330 175 207 387 364 392 35 224 335 357 376 176 116 155 79 80 4 190 28 290 245 171 37 304 332 52 166 324 73 
375 382 398 256 367 313 231 9 325 62 282 211 246 267 303 152 388 205 265 274 319 346 
140 244 323 310 396 277 229 279 142 169 70 101 161 293 
69 236 119 123 389 162 368 36 40 343 
347 352 299 322 146 159 18 194 177 180 6 214 127 138 
60 223 55 82 252 318 308 230 283 160 268 257 150 170 338 
153 59 369 112 350 102 269 395 251 197 305 120 158 93 384 33 386 141 
317 143 270 359 114 266 74 280 215 250 128 254 17 87 394 200 278 191 97 14 238 203 98 341 237 311 261 372 56 43 232 276 157 249 348 196 183 
289 271 42 300 65 397 8 399 51 260 356 29 182 178 365 193 134 21 151 109 263 240 391 
342 302 217 337 92 50 165 122 195 107 66 264 126 72 39 7 292 3 273 247 94 16 31 225 255 385 327 38 104 189 344 226 206 135 
30 235 124 76 84 297 340 144 137 312 281 64 174 121 
148 285 71 11 125 272 95 374 54 167 219 27 26 239 154 41 262 163 210 181 
63 108 291 336 15 370 22 242 216 339 320 213 184 46 129 349 67 103 390 383 164 351 353 110 78 89 133 145 173 379 47 373 198 377 24 294 286 253 201 44 
355 96 99 77 362 326 23 334 75 314 307 132 227 380 
83 296 172 156 329 287 378 187 315 147 221 139 32 199 
243 209 61 68 1 5 13 86 185 58 381 91 295 354 284 105 363 333 136 202 186 118 258 328 34 85 316 371 222 179 111 220 149 
321 366 248 298 117 288 234 45 88 53 393 106 360 208 168 10 
309 358 204 90 131 331 57 12 49 345 306 115 188 192 25 218 19 

