321 256 248 301 326 280 213 251 224 273 19 394 67 333 35 338 196 
69 62 337 310 340 131 17 102 137 392 283 314 357 387 303 174 161 105 202 139 120 249 116 290 111 
292 235 366 298 39 86 144 45 345 374 94 349 261 377 
140 217 244 396 270 259 165 128 18 142 287 190 275 136 101 64 29 129 344 278 91 157 393 360 178 25 150 348 364 307 106 37 335 13 198 226 253 135 245 319 
63 119 99 260 123 397 272 208 26 281 209 211 23 221 354 255 177 79 155 293 56 38 189 171 141 332 304 
30 96 76 343 355 291 74 370 15 318 395 204 53 87 194 188 16 351 265 158 21 268 199 72 327 373 176 220 73 
296 358 143 223 347 266 322 384 43 325 267 184 330 173 269 132 154 200 192 186 380 353 201 126 324 206 305 89 
342 20 71 1 82 252 122 57 54 65 95 367 36 159 312 88 225 390 239 219 383 205 386 187 32 138 
60 289 59 398 336 234 302 288 250 339 81 306 356 75 107 328 385 133 400 227 24 294 274 
229 68 382 77 48 369 92 2 27 164 212 368 84 282 175 114 162 242 311 215 363 238 31 47 257 80 149 44 391 163 170 
113 11 156 375 308 277 295 378 12 61 66 334 5 
42 83 9 22 297 362 376 185 195 320 279 58 70 361 152 191 40 372 28 193 7 110 214 182 4 222 230 179 183 346 
352 285 124 148 180 299 55 243 231 112 103 228 254 365 41 167 125 115 197 284 388 
317 271 359 169 389 50 350 216 258 78 172 241 232 207 51 14 49 399 146 97 160 33 237 147 168 109 134 10 127 379 85 316 52 93 121 46 240 263 210 181 
130 309 236 108 117 90 153 331 329 8 264 6 233 100 315 313 246 151 203 247 145 341 262 218 166 118 3 371 104 98 276 34 381 286 
323 300 

