317 141 143 81 71 260 287 365 376 106 87 105 345 330 351 75 35 238 192 109 360 327 268 80 286 89 149 138 170 
256 77 119 15 172 251 103 152 383 
336 8 322 393 219 224 
277 235 62 223 331 94 45 229 112 70 79 312 167 284 349 97 341 226 191 202 348 183 
108 358 289 90 309 49 127 280 54 269 279 275 295 394 390 180 291 197 100 139 184 221 72 145 344 381 385 257 175 10 206 56 147 196 34 135 121 37 249 181 210 
148 382 50 55 366 370 204 272 86 264 334 254 374 29 155 16 28 193 182 187 189 3 371 372 93 188 245 
342 285 244 99 65 398 102 250 209 137 259 266 23 261 304 
302 69 68 292 236 156 59 9 288 242 234 339 158 297 258 142 205 125 399 128 46 33 363 118 314 265 78 110 157 174 222 316 230 263 73 
321 48 248 82 252 122 313 243 378 326 395 36 320 57 115 246 283 239 388 218 178 307 13 116 319 
262 396 337 301 347 58 367 18 231 303 364 306 353 199 335 276 164 38 253 357 
42 83 298 144 146 165 43 166 215 240 
323 270 389 107 185 343 63 379 
12 386 
30 92 300 159 153 329 214 
130 20 74 195 350 117 318 397 26 308 190 53 6 333 160 162 354 194 332 346 
22 217 361 113 123 208 84 213 211 136 151 150 85 47 111 
271 140 340 25 5 91 
169 375 200 369 216 95 88 27 267 356 64 273 325 41 227 133 387 177 384 305 176 294 98 32 377 52 132 220 179 
296 1 76 11 299 39 247 14 225 186 31 380 198 232 241 201 290 391 
355 207 131 328 281 61 237 114 233 163 21 168 255 67 293 311 40 4 154 129 
66 203 
96 338 400 
352 359 124 310 60 228 362 17 7 392 173 282 2 51 315 368 19 161 212 278 134 101 274 324 24 171 120 126 373 104 44 

