233 125 81 398 300 251 103 349 100 
61 156 389 365 107 340 215 238 70 163 44 73 147 
30 235 355 71 12 94 36 292 34 293 199 
11 234 118 387 205 164 227 176 253 286 
90 1 232 162 
342 352 102 331 359 266 216 185 209 17 208 200 211 388 303 110 167 307 360 35 38 111 
63 358 59 343 92 347 231 43 25 54 282 88 16 284 23 33 67 145 79 311 21 116 80 274 249 371 379 377 89 149 220 196 
130 248 124 15 137 2 288 320 204 7 66 394 268 330 335 155 221 350 327 373 138 
169 337 72 361 362 39 281 308 328 153 184 318 275 27 115 283 354 334 225 151 316 212 353 158 40 219 128 136 177 257 47 206 97 134 56 245 166 13 210 183 
83 55 148 119 396 313 172 243 287 376 87 64 390 246 182 203 351 265 363 24 178 341 240 192 290 226 
256 99 143 298 242 301 272 26 78 161 159 304 367 157 62 207 191 247 75 345 14 383 173 133 305 91 263 126 101 201 121 104 385 179 332 
217 317 20 22 299 117 144 250 279 269 368 315 326 152 139 255 28 258 141 319 37 190 
69 271 123 74 280 223 395 392 278 197 
321 68 296 82 277 297 129 154 188 
76 382 50 113 60 229 264 322 306 356 142 364 29 106 46 98 261 254 386 10 
244 48 77 369 51 397 259 378 213 165 312 105 160 187 202 135 230 
96 370 8 45 86 374 
42 291 329 310 276 170 
285 393 52 
323 49 114 19 175 380 
289 236 194 372 357 391 
270 180 309 384 295 85 339 381 58 5 174 325 224 214 273 109 294 168 4 198 93 348 338 346 
57 375 140 366 122 84 95 146 6 195 237 132 267 150 186 120 
65 31 400 262 127 218 
18 252 108 9 228 131 260 241 112 336 399 53 3 314 41 302 239 344 193 333 222 171 32 189 324 181 

