11 243 366 347 62 234 209 334 339 66 367 230 363 107 353 372 226 381 212 34 348 104 183 
256 141 244 361 270 82 223 378 336 313 302 305 338 
83 355 320 111 
22 173 125 7 
9 36 126 312 388 28 177 
309 359 119 300 172 39 8 64 193 203 202 293 263 380 371 379 38 149 
69 285 48 260 123 369 12 87 250 97 306 282 152 354 390 182 192 242 161 383 345 67 189 171 319 220 181 
144 382 200 301 84 158 238 275 5 142 224 278 356 351 133 387 116 85 324 135 80 385 
143 42 315 207 139 311 178 120 129 118 314 
151 253 
60 299 341 179 
328 333 162 357 145 155 294 
279 384 292 376 78 14 19 
393 100 51 210 52 
131 
176 343 
262 307 
128 321 140 264 289 215 326 340 269 213 318 61 114 344 70 195 303 160 29 35 291 249 121 327 196 286 47 332 170 
65 396 252 74 55 15 272 94 57 395 214 167 54 197 360 4 245 
76 108 50 130 362 198 
71 398 99 159 81 216 95 2 25 322 17 251 187 163 33 273 127 23 284 399 364 237 147 98 110 222 154 316 
342 20 235 236 266 89 
165 204 283 261 191 335 258 
323 156 90 53 330 102 219 91 254 132 290 24 
148 137 231 287 297 169 325 255 21 
92 271 248 96 329 386 41 259 268 394 79 221 274 10 32 37 
30 337 370 298 352 208 280 58 146 186 205 3 174 136 377 
1 375 122 26 45 101 103 184 49 27 115 18 225 134 72 13 240 190 276 350 188 
175 77 112 389 185 374 392 281 16 194 75 56 105 201 241 
229 217 331 124 310 59 365 288 400 46 295 211 368 257 373 168 40 164 44 106 346 
317 277 358 117 31 88 63 6 239 218 93 206 391 138 
153 296 68 113 43 397 180 86 308 228 157 233 267 246 349 150 247 109 265 232 199 166 73 227 304 

