296 143 15 347 279 155 178 348 218 335 187 46 127 181 
317 153 90 50 300 292 144 397 86 58 326 291 390 364 273 151 150 126 232 72 233 245 32 
321 323 62 117 280 185 146 260 239 307 202 168 164 
69 248 362 256 51 281 11 339 8 112 17 275 87 282 6 283 394 200 284 356 28 400 363 345 360 13 104 163 198 304 38 93 350 141 116 147 305 210 253 170 
125 236 297 398 299 61 94 165 142 16 14 387 306 257 334 34 171 
217 244 68 270 272 369 365 95 2 320 225 197 139 70 186 189 158 24 174 227 177 373 183 
140 358 77 301 385 215 222 78 
124 295 43 207 18 31 
184 357 
9 100 84 383 5 274 73 
71 113 99 92 252 180 243 66 395 265 247 7 325 372 67 293 380 261 386 199 
271 123 96 310 169 329 289 114 137 63 173 188 399 251 36 344 219 19 33 192 212 194 278 91 238 254 10 120 191 311 176 52 226 135 4 220 196 179 44 37 240 241 371 
342 208 159 81 396 389 157 259 378 267 266 368 322 313 162 25 333 314 35 152 384 351 154 268 98 255 341 132 276 40 338 149 286 111 230 
130 83 382 223 156 122 195 107 88 308 370 27 75 64 224 203 23 262 193 374 134 21 214 377 129 85 47 
30 258 20 59 82 298 302 288 45 340 231 115 388 
108 285 119 1 55 229 12 211 53 102 318 228 138 316 
76 235 366 22 315 353 
148 60 337 277 352 49 26 242 359 361 213 392 204 269 376 312 54 330 237 105 343 182 110 167 354 118 319 101 136 327 166 56 97 106 379 89 263 80 
65 172 355 209 48 131 39 250 41 336 287 103 393 246 29 161 3 121 
57 375 331 42 309 128 74 216 367 234 264 190 145 205 349 328 303 160 221 133 109 249 79 324 175 201 381 294 290 391 332 206 346 

