15 366 234 5 71 339 212 154 184 58 70 322 169 2 303 192 357 171 93 13 147 44 332 304 
320 137 251 360 52 286 
172 229 55 369 144 115 139 240 150 
325 207 292 202 89 344 373 
349 193 316 175 305 294 
262 140 277 131 7 110 199 245 
393 387 167 
321 382 48 122 399 66 275 279 265 384 247 372 33 14 276 380 116 391 
358 1 54 287 86 281 81 21 274 334 386 
352 68 50 108 365 220 213 219 176 350 335 135 258 
396 300 166 324 
225 
318 94 187 141 367 197 228 121 97 
113 
250 64 75 186 
217 83 98 200 
76 156 8 195 326 168 230 160 46 183 
235 355 204 376 308 359 39 162 165 100 106 31 16 194 319 291 174 49 91 330 269 400 383 3 43 328 353 
30 57 347 159 60 216 241 343 142 306 155 312 128 345 6 394 23 178 221 182 133 118 257 371 101 126 196 47 293 132 138 346 
22 342 252 272 370 362 388 263 164 261 40 
285 124 398 389 374 190 
375 181 
20 242 331 153 87 185 62 289 161 329 102 397 390 53 129 333 114 29 203 38 226 136 85 385 179 24 170 
42 59 259 
69 77 51 56 268 
302 63 296 18 130 264 243 392 315 26 282 297 368 88 364 273 351 177 218 354 307 10 120 35 224 34 37 198 348 80 210 
236 148 99 313 260 12 84 395 283 158 266 105 267 255 377 
123 119 323 223 299 254 209 146 152 314 214 109 237 25 201 290 249 73 111 
96 298 9 280 127 361 341 
271 61 11 378 95 231 36 191 208 311 173 
143 256 92 117 65 278 205 
244 79 295 379 
317 248 309 74 41 340 356 151 363 163 253 104 
72 
337 82 310 288 90 246 17 206 238 189 
270 112 301 180 125 45 103 336 28 211 188 78 107 239 19 284 145 67 233 215 134 27 157 338 381 4 222 327 232 149 227 32 

