4 15 167 153 166 33 129 151 9 
155 67 36 160 86 131 66 50 156 170 187 78 
56 188 184 71 144 186 179 190 193 70 175 
157 93 199 109 28 25 116 150 7 91 
73 30 34 38 84 118 152 88 111 
140 104 100 136 102 10 45 
87 92 48 124 103 134 18 117 49 195 27 133 41 
8 16 115 162 171 122 161 181 101 
106 89 94 12 22 23 178 19 114 74 97 
145 192 17 2 76 42 146 154 81 149 
165 31 185 169 53 200 112 60 105 
46 164 54 125 110 37 39 108 
24 32 20 98 163 6 189 177 77 127 58 47 82 174 
55 137 21 126 123 148 113 119 
83 57 198 95 173 159 13 90 52 
196 59 35 99 183 62 194 142 128 40 121 
107 72 147 135 64 180 61 80 182 75 
1 51 26 168 139 138 29 96 65 191 85 43 141 
63 44 3 5 68 79 14 197 
132 120 143 176 69 172 158 11 130 
