183 30 34 194 62 118 152 88 99 111 
156 51 26 126 21 165 124 81 
87 35 13 104 100 136 159 10 45 
63 44 11 130 3 5 68 116 
132 7 91 41 9 
4 188 15 71 179 190 167 147 107 
55 117 160 49 86 131 66 50 158 172 18 197 
8 16 115 162 171 122 161 181 101 
143 185 169 
46 164 54 151 129 144 186 193 33 72 
175 56 184 153 166 70 125 29 96 47 58 127 77 198 
120 176 123 148 113 31 1 
135 93 199 64 133 27 195 180 61 25 79 146 42 53 192 
39 174 37 110 89 191 85 43 141 
73 145 17 2 76 200 121 
196 59 20 163 98 142 128 40 112 60 105 
155 67 150 36 137 14 69 134 149 119 
157 109 28 80 182 75 
140 32 38 84 90 138 52 24 
154 92 48 170 187 78 139 168 103 
106 65 94 12 82 22 95 178 23 19 114 74 108 
97 57 6 189 177 102 173 83 
