4 59 21 163 78 187 186 8 13 174 154 66 175 
142 176 128 65 151 50 41 126 146 193 36 
12 188 173 24 3 68 22 70 17 60 141 39 
162 131 7 183 182 133 91 115 11 1 97 
18 102 106 85 114 112 189 96 19 83 
100 92 119 98 72 179 150 137 148 
14 171 132 26 5 104 181 77 138 71 120 
28 48 43 124 200 20 172 197 95 73 93 67 
180 161 57 23 108 45 56 109 160 86 80 
153 40 147 167 51 196 116 178 194 107 81 82 
54 89 143 155 177 125 52 157 2 30 
169 136 6 63 149 35 164 122 79 135 64 
49 156 103 110 15 134 87 121 33 75 
88 69 105 118 199 127 113 191 44 90 
140 47 159 10 25 62 46 145 34 76 185 
9 29 37 195 152 190 129 55 158 
16 139 168 99 165 38 117 74 101 192 
42 130 184 61 198 
31 32 94 166 123 
170 58 144 
84 27 111 
53 

