136 152 162 149 138 107 55 70 154 67 36 
153 40 119 147 74 23 99 135 96 146 30 
28 103 124 131 78 187 150 145 174 8 1 60 97 
49 84 199 54 112 189 115 123 13 75 
140 69 176 42 77 20 122 73 79 178 66 64 39 
142 169 24 3 72 182 133 98 110 95 91 83 19 
59 100 139 188 114 94 151 128 33 50 120 2 
47 48 43 14 132 63 172 197 137 121 34 193 
92 57 38 56 177 31 22 41 158 185 
6 171 4 161 180 184 51 44 82 93 
200 9 89 29 21 129 192 17 76 141 
102 179 18 7 167 106 109 80 116 148 
37 12 143 86 45 165 173 191 58 134 126 157 175 
16 195 32 85 108 52 125 101 194 11 
163 170 156 27 90 81 
105 127 159 5 26 181 35 164 
168 160 65 53 117 166 87 
196 15 183 190 68 130 71 
155 88 118 113 186 
46 62 104 25 10 144 
111 198 61 

