69 197 186 130 55 107 11 146 
57 40 38 45 23 109 52 125 96 36 
152 195 26 44 79 174 
153 143 128 59 56 117 101 192 
132 4 37 188 12 65 168 112 13 135 97 
6 136 180 156 24 187 159 17 121 34 39 
102 92 100 9 29 85 160 50 158 83 
173 151 32 114 147 72 91 95 
54 171 7 48 194 166 193 
190 18 172 113 191 58 134 123 64 
88 118 176 144 90 145 178 157 
43 131 47 196 51 183 129 106 
49 177 165 108 31 74 86 80 
28 127 105 199 5 20 138 33 75 60 
163 89 150 140 81 82 154 2 93 19 
63 62 27 110 126 41 70 76 30 175 
179 124 3 15 61 167 137 115 66 148 
200 68 119 161 133 139 21 87 8 141 
94 53 99 155 71 185 
14 184 78 149 164 122 
84 42 46 170 10 25 73 116 120 1 67 
162 142 98 182 169 16 22 198 
103 104 35 77 181 
111 189 

