92 100 37 12 132 47 187 115 123 60 
9 59 188 191 113 127 199 79 107 82 75 
103 14 172 26 10 25 90 34 97 67 
118 105 69 86 21 11 71 13 93 39 
131 179 18 27 63 149 145 95 
133 161 173 165 168 128 99 112 125 2 
40 16 183 7 72 139 101 33 76 
160 109 195 23 192 41 141 1 
68 51 32 117 56 129 22 8 19 
49 200 162 20 5 46 138 150 55 146 
119 169 143 155 166 70 
102 184 156 136 35 122 137 
54 85 52 189 65 74 106 178 175 
89 108 31 61 111 116 193 30 
28 140 84 78 171 58 121 17 154 36 
142 159 197 163 91 73 66 
57 29 4 88 176 144 120 
6 177 151 94 198 80 185 
196 152 24 186 42 104 96 
48 77 164 62 181 
43 153 130 50 114 126 
190 44 134 87 148 
45 170 
167 98 15 110 174 158 135 83 
3 180 124 147 182 38 53 194 81 157 64 

