40 150 48 131 183 110 126 82 193 83 
147 186 159 197 122 77 13 30 
142 196 130 29 74 80 2 
182 173 100 59 86 99 151 94 115 1 120 
184 7 49 16 106 22 75 36 
156 124 78 28 24 102 51 141 154 148 
118 37 192 112 125 121 107 39 67 
163 6 155 165 23 32 71 137 
132 14 149 15 27 152 73 
153 172 10 63 90 91 8 60 
68 167 161 133 119 195 31 52 
62 170 46 35 25 
26 187 169 61 198 158 55 175 146 
45 160 139 143 58 134 144 17 135 93 19 
92 98 108 56 12 21 50 101 194 70 
4 89 109 177 88 191 66 
127 140 9 65 189 
200 181 5 138 42 164 104 
168 85 114 128 38 53 178 
18 129 57 145 111 95 116 79 64 
43 180 188 87 69 81 41 34 76 
3 103 171 136 72 44 157 
162 54 166 190 96 185 
113 199 117 33 
20 
179 47 84 105 176 174 11 123 97 

