20 199 114 101 55 107 2 185 120 
42 197 5 130 132 80 110 126 91 82 66 157 30 
147 48 3 170 104 122 135 33 36 39 
169 29 86 32 31 160 189 50 41 178 93 193 146 
84 127 113 69 155 99 168 158 96 19 141 175 
195 68 98 108 112 121 123 148 
153 6 78 171 89 188 143 12 87 191 17 79 
4 163 49 149 63 47 124 102 22 194 174 8 34 83 
24 180 156 15 167 190 16 52 74 70 1 75 67 
40 161 72 200 77 116 73 60 97 64 
28 136 43 18 131 7 179 183 196 166 137 
152 92 54 139 9 165 109 125 81 11 
162 140 21 100 37 45 85 117 106 115 
142 138 46 26 172 10 25 159 13 71 
182 119 133 57 56 23 177 65 151 192 76 
14 103 62 164 181 35 186 90 154 
61 111 95 27 51 198 145 
173 59 129 150 187 58 134 
118 105 88 176 144 
184 38 128 94 53 
44 

