68 23 45 85 29 121 33 93 19 146 
162 5 113 189 178 34 2 120 175 
197 26 20 24 167 91 126 194 158 55 81 1 
49 28 199 143 139 129 70 41 174 8 60 39 
142 156 124 200 77 35 138 46 135 83 97 30 
163 173 57 195 147 112 106 116 141 
182 16 150 187 6 171 78 90 95 80 17 157 
88 176 191 58 100 59 109 125 115 123 75 185 
102 18 27 184 7 63 107 50 11 36 
140 165 38 32 160 94 99 53 114 86 66 
118 105 9 21 166 117 52 192 13 64 67 
4 169 136 14 149 159 62 134 137 154 
92 188 155 84 69 127 145 82 148 
54 89 37 133 119 98 40 31 79 76 96 193 
152 190 51 183 15 131 48 180 3 22 
42 12 128 151 168 87 
153 47 132 130 172 186 181 10 164 25 73 
196 72 161 43 110 179 71 
103 104 122 170 44 
61 108 56 177 65 101 
111 198 144 
74 

