142 130 187 43 15 72 161 95 178 19 185 
48 180 200 63 20 159 46 138 144 71 137 97 
9 177 189 112 129 91 44 145 67 
10 88 192 121 82 157 64 
163 169 47 171 41 110 126 107 39 36 148 
162 62 156 152 51 80 116 90 79 154 120 
24 7 3 119 21 188 29 166 158 55 50 11 60 175 
28 14 133 86 12 58 17 87 193 34 30 
4 98 108 65 38 109 106 13 8 146 
131 184 183 139 100 89 125 66 174 2 96 83 
153 49 6 54 140 37 59 165 45 117 101 70 1 
102 179 68 190 196 136 149 186 73 135 
57 147 16 150 42 26 77 122 123 141 
155 92 195 40 22 33 194 93 75 
124 84 127 118 105 176 113 134 115 81 76 
173 23 85 32 128 99 168 94 160 114 
69 199 191 172 197 5 164 
132 78 143 182 31 52 74 
18 56 151 53 
167 103 181 35 104 
61 27 198 111 
25 170 

