124 196 98 169 179 102 136 87 66 193 67 
92 31 57 161 156 50 
6 153 43 68 7 187 72 123 154 148 
54 69 163 15 178 79 158 39 
140 130 149 77 172 42 137 115 75 
49 103 200 27 74 81 107 194 33 30 
24 182 147 29 143 155 144 126 2 120 
48 108 125 99 151 177 192 80 116 146 19 
5 62 138 186 170 58 134 185 13 36 
84 118 88 21 32 117 145 97 
190 35 110 95 135 
85 56 38 86 133 61 198 44 90 174 76 1 
28 78 162 150 63 52 106 11 
167 180 129 45 94 189 17 83 175 
119 152 183 51 16 114 55 34 60 141 
131 3 47 142 184 91 82 96 64 
105 176 127 159 46 26 20 122 73 70 
132 195 40 9 12 59 188 22 121 
14 113 199 191 89 166 71 8 93 
4 171 100 139 173 165 23 53 101 41 157 
18 197 181 104 164 10 
37 65 168 128 109 160 112 
25 111 

