28 180 136 169 72 171 186 138 123 8 148 
102 162 78 130 163 132 44 145 73 
42 187 182 119 106 86 192 107 96 97 39 
108 31 152 15 110 41 81 33 158 83 
181 6 200 79 174 194 70 
7 179 156 124 103 190 22 135 19 75 
92 195 29 155 127 199 176 113 80 60 
118 84 12 143 112 50 66 1 76 2 
48 5 170 20 95 91 146 
142 153 54 150 24 183 27 198 178 157 
16 23 45 101 160 165 168 87 115 154 64 
14 46 10 172 35 104 77 122 90 126 30 
4 51 18 3 131 196 167 55 17 11 120 
105 59 114 85 128 121 82 34 185 141 
49 149 47 43 161 147 116 93 193 175 36 
40 57 98 184 68 191 144 13 67 
140 9 89 88 99 94 71 137 
133 63 62 197 26 159 
100 173 38 32 21 125 65 74 
188 139 37 117 56 53 151 189 
61 129 166 58 134 
69 177 109 52 
25 164 111 

