24 196 190 27 98 89 29 125 135 
92 173 45 22 16 57 79 121 2 
180 152 133 59 9 87 71 144 123 8 76 34 
49 15 104 62 46 80 145 93 
4 38 65 168 160 192 85 166 82 158 
28 3 18 102 195 150 187 90 91 66 
149 172 14 131 183 110 73 
118 113 130 122 75 30 
182 119 112 139 37 107 115 
170 138 35 44 126 55 141 
142 43 72 40 147 106 21 83 
56 74 109 129 36 
99 53 128 151 177 108 19 97 64 
5 77 25 199 191 157 
140 176 163 95 13 
12 161 169 184 7 198 
48 61 58 134 
78 20 171 136 70 154 1 60 
111 165 189 50 
54 47 167 52 101 33 
69 105 100 117 31 41 
188 6 127 137 96 146 
179 124 42 186 26 10 164 
84 88 155 86 94 178 148 120 
68 162 132 156 51 116 194 17 
63 143 114 23 32 174 11 67 39 
153 200 103 159 181 81 193 185 175 
197 

