180 162 7 68 198 80 95 19 1 67 
24 47 196 151 109 189 
84 118 113 114 108 192 74 175 
197 5 20 46 62 71 126 
161 16 133 156 18 61 22 
48 51 200 170 115 34 
63 54 177 94 65 193 75 
12 6 186 77 35 25 
136 85 168 53 145 93 
92 142 56 50 87 2 73 
152 169 149 10 104 181 
124 99 128 125 117 91 154 
14 27 167 160 129 178 76 
199 179 111 
166 59 21 165 23 194 55 41 157 64 
159 187 172 164 79 158 8 60 
138 72 86 106 70 185 141 30 
100 173 195 45 101 112 137 13 
28 3 15 134 69 123 144 82 83 
102 131 57 9 155 66 
58 
176 130 78 103 110 90 135 146 36 
105 127 49 43 116 44 96 174 97 39 
182 143 32 37 139 29 121 
98 119 184 183 150 122 120 148 
140 188 147 40 38 
4 190 42 26 
191 88 
153 132 171 163 89 31 52 81 33 107 17 11 

