133 40 167 196 124 102 48 86 192 50 33 96 185 120 
61 172 95 145 141 97 30 
6 49 47 152 119 129 147 79 121 11 2 64 
84 140 188 22 110 90 8 193 36 
190 15 179 184 136 14 171 73 80 157 
100 57 45 56 108 32 112 160 34 19 146 
163 195 21 166 139 150 187 91 126 82 1 
28 46 5 26 10 149 58 144 115 93 148 
159 16 23 55 106 154 67 75 
12 89 182 92 54 109 189 41 
169 98 27 24 180 18 44 116 107 66 17 
37 173 29 94 165 85 65 128 125 194 158 60 
153 161 132 63 122 35 77 178 135 76 
4 9 143 59 155 88 105 127 176 174 13 83 
142 131 156 183 3 78 130 138 87 81 39 175 
43 103 200 186 20 197 62 137 123 
199 118 69 114 38 117 74 70 
68 7 51 72 31 52 
162 42 181 164 104 25 170 71 
177 53 168 99 151 134 
191 113 101 
111 198 

