63 4 37 173 109 94 189 80 93 193 30 
49 69 9 100 166 29 22 33 115 11 
142 162 42 150 47 110 91 194 55 157 
169 161 40 147 23 31 52 32 38 112 86 192 120 39 
133 152 180 20 26 122 90 34 146 
151 177 127 87 58 13 71 121 75 1 
153 188 171 170 145 126 83 
14 132 78 182 57 119 16 98 61 17 174 82 
7 139 125 53 101 79 8 141 67 
54 176 113 84 138 5 197 135 73 178 36 
149 46 130 163 107 50 97 60 76 2 185 64 
43 3 179 68 183 103 134 137 96 19 148 
10 28 6 187 95 44 116 70 154 175 
140 12 89 196 167 51 27 198 41 81 66 
156 48 124 15 102 72 160 74 158 
92 45 56 85 165 21 59 143 117 123 
105 136 131 184 106 
24 195 88 118 191 144 
18 190 200 172 159 25 
155 62 181 35 77 
199 104 164 186 
65 128 99 168 108 114 129 
111 

