32 189 171 174 136 124 69 200 
48 50 156 112 42 14 96 130 
101 119 166 126 35 71 144 9 1 99 
57 118 83 143 176 33 121 165 188 
190 5 34 43 13 78 39 107 
154 41 85 80 29 168 79 195 52 92 68 76 
116 164 66 160 47 91 12 139 
62 131 44 102 146 19 196 59 87 123 133 
21 23 182 75 163 194 145 15 74 
38 159 114 104 185 132 7 53 
113 11 129 6 122 167 106 128 46 193 10 
103 197 141 51 94 115 86 65 147 73 
93 55 58 184 199 37 81 138 
177 3 88 8 186 127 117 181 49 137 
170 134 150 22 151 16 140 187 142 111 63 56 
26 152 40 153 169 89 105 198 149 
161 18 54 98 157 135 183 
148 70 
45 20 31 25 172 77 110 162 
178 173 27 109 155 175 2 95 158 90 67 
60 82 180 84 191 125 4 72 36 108 17 
30 120 192 97 28 
179 24 61 100 64 
