170 134 22 151 16 140 187 142 111 63 56 
177 3 88 8 186 127 98 157 135 81 
83 60 180 84 191 125 4 82 72 158 90 67 
11 129 147 171 51 94 115 86 65 91 12 
116 164 66 160 47 70 
21 23 195 168 79 29 87 
20 41 85 80 31 25 172 77 110 162 
161 104 18 54 185 132 7 181 117 49 53 
178 173 154 24 61 179 109 
113 13 43 78 39 107 
62 131 44 
26 152 40 153 14 59 15 198 149 
57 118 143 176 36 33 121 165 188 108 17 
93 55 58 184 199 37 138 137 183 
92 75 182 163 194 145 52 169 89 105 28 
45 100 64 27 
73 6 122 139 
101 144 119 166 35 126 71 9 1 99 
30 120 19 192 196 97 96 130 74 
32 189 174 136 124 
190 5 10 193 46 128 106 167 34 95 2 175 155 
148 103 197 141 69 200 
114 159 150 38 102 146 68 76 
48 50 156 112 42 123 133 
