73 129 11 6 122 139 
41 85 80 31 25 172 77 110 20 154 173 178 
26 50 156 87 29 79 168 112 42 123 48 133 
190 5 10 193 46 128 106 167 34 95 158 17 
28 97 15 195 145 194 52 89 105 59 
137 81 37 184 151 16 140 187 142 111 63 56 
114 159 150 22 38 44 131 
62 68 30 74 120 146 102 
93 55 58 49 132 18 98 3 157 199 138 
148 200 69 141 124 197 103 70 162 
164 66 147 160 47 91 12 116 
53 9 1 99 
4 82 180 84 191 125 121 108 90 2 175 155 
101 144 71 126 35 181 117 104 161 135 183 
177 88 8 186 127 54 185 7 166 119 
130 96 14 152 40 153 134 170 169 198 149 
196 23 182 163 75 92 21 192 19 76 
45 27 64 100 109 
179 24 61 
32 171 65 86 115 94 51 174 136 189 
57 83 143 176 60 72 36 33 118 
113 13 43 188 165 67 39 78 107 
