177 3 88 8 54 132 7 53 
113 13 43 2 175 78 107 
4 82 180 84 191 125 121 165 108 118 67 39 
17 188 33 143 176 36 72 60 83 57 
76 68 30 120 19 192 196 97 28 74 
133 48 153 40 152 14 198 59 
45 27 64 154 24 61 100 179 109 
101 144 119 166 35 126 71 9 1 99 
20 41 85 80 31 25 172 77 110 162 
32 136 124 197 200 103 
73 91 47 160 147 66 164 12 116 
114 159 187 157 98 186 127 18 185 104 161 55 
69 141 174 51 94 115 86 65 171 189 
149 26 50 156 42 123 173 178 
62 131 44 102 146 22 150 38 
148 70 129 11 6 122 139 
138 199 184 151 16 140 142 111 63 56 
170 134 112 87 29 168 79 195 52 92 169 89 
190 5 106 128 46 193 10 167 34 95 158 90 155 
93 58 49 117 181 135 37 81 137 183 
21 23 182 75 163 194 145 105 15 96 130 
