155 90 167 34 95 158 2 175 
39 5 10 106 128 46 193 190 67 78 107 
118 83 143 176 33 121 165 188 17 
149 26 152 40 153 169 105 59 96 130 74 
62 131 44 146 102 
93 55 58 49 132 185 104 161 117 181 7 
159 38 150 22 192 19 68 76 
70 47 160 147 66 164 12 116 
113 13 43 110 172 77 20 
179 24 61 100 109 
21 23 182 75 163 194 145 134 170 123 133 
73 129 11 6 122 139 
32 171 65 86 115 94 51 174 136 189 91 
45 64 31 25 80 85 41 154 27 
177 3 88 8 135 183 
137 81 37 184 18 54 127 186 98 157 199 138 
57 60 180 84 191 125 4 82 72 36 108 
148 103 197 124 141 69 200 162 
114 151 16 140 187 142 111 63 56 
48 42 50 156 112 168 79 29 87 173 178 
101 144 119 166 35 126 71 9 1 99 53 
30 120 28 97 196 15 92 52 195 89 198 14 
