131 62 179 137 117 177 35 162 94 134 104 3 66 142 105 123 130 198 189 83 98 93 121 24 136 50 10 46 85 126 
78 124 22 
41 47 65 118 31 71 48 167 178 191 120 172 59 29 147 37 49 149 28 2 110 12 109 30 20 182 54 190 25 153 169 148 
164 73 79 91 161 11 141 166 157 84 64 58 187 114 127 112 80 
34 63 165 57 90 173 5 86 99 
168 95 32 13 159 101 185 160 155 175 39 52 
18 67 60 197 194 128 7 156 55 
74 192 36 33 119 184 200 145 122 107 138 96 
4 100 135 170 14 176 180 16 89 174 154 53 171 
61 92 19 43 9 129 125 42 115 
23 77 143 152 139 103 88 132 195 15 51 81 158 82 106 76 108 188 97 1 140 72 
183 181 45 8 26 21 6 40 44 146 193 27 68 38 196 102 75 69 186 
56 116 199 144 111 
151 150 133 17 70 113 87 163 
