61 77 152 139 137 117 177 35 162 94 134 63 135 170 14 66 142 123 130 198 17 16 89 174 83 98 93 64 173 24 136 50 10 126 169 154 148 53 171 
23 41 56 116 47 119 143 31 71 48 44 146 193 27 68 57 133 105 176 180 189 121 20 109 12 110 182 54 190 
181 45 8 95 197 167 178 200 145 102 69 122 107 138 70 113 106 2 82 111 
74 192 36 33 179 199 65 118 103 88 43 19 92 191 13 159 187 7 156 22 25 30 153 85 46 87 163 
164 73 91 150 78 124 5 86 99 
131 62 158 149 28 108 76 188 97 52 
168 151 21 6 40 32 90 11 141 166 157 84 58 186 101 185 96 55 114 127 112 80 
183 79 161 26 184 132 195 15 51 120 172 59 29 147 160 42 115 
18 67 60 194 128 38 196 75 125 129 49 175 39 
34 4 100 104 165 3 144 81 9 37 155 140 1 72 
