366 83 206 300 13 
23 371 38 184 175 
5 160 337 330 143 215 46 147 153 89 166 258 
180 179 386 379 312 246 81 197 84 
267 364 340 373 167 148 367 391 
393 112 135 140 279 90 196 321 76 311 241 
64 100 344 91 130 372 
334 216 358 195 285 238 297 329 163 
290 182 236 61 218 4 190 
322 270 193 19 256 205 
150 354 302 201 25 96 353 
17 247 162 
286 88 280 392 36 191 349 
298 87 70 99 
115 331 398 66 277 325 368 37 20 
360 29 9 47 299 305 219 249 
33 255 16 314 328 177 95 30 
63 213 121 233 173 359 53 313 
397 72 365 273 341 207 21 45 
324 156 133 210 382 338 134 107 
101 7 257 15 
374 62 333 111 194 363 251 316 
186 326 214 355 117 320 168 283 289 158 104 227 
284 120 294 
343 269 203 119 232 
303 144 24 93 229 204 295 103 220 122 
198 12 271 244 57 48 345 98 250 234 
189 174 390 11 369 110 35 223 240 
319 260 
94 54 268 79 
217 351 58 356 3 
97 375 149 157 212 169 237 28 
102 159 304 71 211 59 253 
69 222 14 288 6 178 327 
51 181 389 1 116 127 245 242 259 
332 400 125 225 323 34 230 224 41 
154 381 202 145 318 106 
208 342 309 118 346 
387 278 78 231 188 18 187 200 42 
287 31 362 108 248 171 243 239 192 128 27 
80 315 221 161 50 383 261 131 
292 226 109 172 26 350 282 352 40 183 123 75 228 
301 139 209 185 10 152 336 
114 44 348 235 388 281 129 263 176 137 384 
357 77 74 394 68 113 
92 310 339 262 8 43 
73 265 380 85 317 22 399 
105 155 395 361 272 306 377 124 2 347 376 
56 138 170 275 
291 52 136 132 
266 165 308 146 
126 141 252 370 274 378 164 
151 55 254 293 60 
335 385 199 82 296 86 
49 32 39 67 65 396 307 264 276 142 
