33 255 157 212 169 237 15 
301 280 392 36 191 254 293 60 53 313 86 
331 398 66 277 325 368 
290 182 236 138 275 
115 378 164 
343 195 285 18 238 297 329 163 
97 29 9 47 299 305 249 
319 260 
51 181 389 1 116 127 245 242 259 
360 198 12 108 248 239 192 128 27 
139 349 3 
322 221 344 91 130 372 
114 44 348 124 2 376 
94 54 268 79 
126 141 252 61 218 11 369 110 35 223 240 
332 310 339 262 400 8 43 
73 265 380 85 328 177 95 30 
208 100 341 207 187 200 42 
186 154 381 202 342 309 106 
395 272 306 377 347 
189 174 390 271 244 57 48 345 98 250 234 
105 155 361 247 162 320 40 183 123 75 228 
151 270 193 19 55 356 134 107 
56 370 274 170 4 190 
23 371 38 333 111 194 316 276 142 
32 62 39 67 65 363 251 
7 22 399 132 311 241 
267 373 167 148 367 391 
303 144 24 93 229 204 295 103 220 122 
286 88 209 185 10 152 336 
364 340 
397 72 109 172 26 350 282 119 232 
17 326 214 355 117 352 
374 396 307 264 
80 315 284 351 58 175 
387 278 78 231 188 125 225 323 34 230 
64 145 318 21 168 283 289 158 104 227 
63 213 121 233 173 161 50 383 261 131 
217 235 388 281 129 263 
269 203 365 379 312 84 
357 77 74 394 68 14 288 6 178 327 
366 150 83 354 206 99 184 
92 266 180 179 386 246 81 197 224 41 
5 160 337 330 143 176 137 384 
292 226 118 346 45 
102 69 222 159 304 71 113 211 59 253 
375 149 101 257 300 13 
165 308 146 
335 385 199 82 296 359 120 294 
287 31 362 171 243 321 76 
324 156 133 210 382 338 256 205 
393 112 135 140 279 90 196 37 20 
49 298 87 70 302 201 25 96 353 
334 216 358 273 215 46 147 153 89 166 258 
291 52 16 314 136 317 219 28 
