343 64 208 100 145 318 106 
374 32 62 39 67 65 396 307 264 
88 3 
188 125 225 323 81 197 
334 216 358 195 18 238 297 329 163 
393 112 135 212 257 15 
186 154 381 202 342 309 
286 217 209 185 10 336 
139 392 36 191 295 103 220 122 
5 160 337 330 143 215 147 89 166 258 
303 144 24 93 229 204 46 153 
126 331 398 277 325 368 37 20 
115 66 
290 182 236 61 218 11 369 110 35 223 240 
291 265 302 300 13 
51 181 389 1 116 127 245 242 259 
17 326 214 355 341 21 
189 174 390 271 244 57 48 345 98 250 234 
322 151 270 193 19 55 124 2 347 376 
56 141 252 370 274 138 170 4 190 
375 149 101 7 311 241 
332 310 339 179 386 379 312 246 84 224 41 
360 198 12 9 169 237 
105 155 395 361 272 306 377 352 75 228 
301 280 296 359 254 293 60 53 313 86 
366 371 38 356 251 316 276 142 
335 385 199 82 173 161 50 383 261 131 
94 54 180 262 400 8 319 260 34 230 
80 315 221 284 351 58 175 
33 255 157 47 299 305 249 
287 31 362 108 248 171 219 28 275 
292 226 109 172 26 350 282 40 183 123 42 
114 44 348 235 388 281 129 263 176 137 384 
146 268 79 43 
23 333 111 194 363 134 107 
267 364 340 373 167 148 378 164 
92 266 165 308 152 344 91 130 372 
63 213 121 233 382 338 256 205 
99 184 
102 69 222 159 304 71 288 6 178 327 
97 29 140 136 317 22 399 132 
73 380 85 328 243 239 192 128 27 
269 203 117 247 162 320 168 283 289 158 104 227 
278 78 231 285 207 187 200 119 232 
357 77 14 113 367 391 
324 156 133 210 177 95 30 
397 72 365 273 118 346 45 
49 298 87 70 201 25 96 353 
387 74 394 68 211 59 253 
150 83 354 206 349 
120 294 
52 16 314 279 90 196 321 76 
