119 60 270 61 137 96 320 213 370 275 292 29 295 284 152 192 56 109 120 183 
321 398 65 59 50 71 357 313 7 325 241 330 58 224 163 354 326 351 110 353 118 105 372 177 380 371 85 138 
69 42 156 140 336 216 297 288 228 322 25 173 36 266 247 356 23 21 132 240 307 72 4 
317 271 296 124 131 95 211 225 203 385 200 
361 20 355 389 368 239 218 230 
159 108 48 236 242 195 299 87 243 144 269 164 392 334 291 190 345 14 146 49 214 5 75 150 261 33 191 349 393 182 157 79 52 201 149 93 101 338 44 232 391 135 181 111 
130 289 68 229 1 362 54 399 267 328 88 302 91 343 142 115 107 293 166 257 208 344 198 46 34 274 
256 148 113 272 366 185 90 84 254 
63 235 310 165 397 197 268 
31 358 64 19 373 121 189 
382 92 207 396 233 15 329 365 3 155 281 304 306 238 383 97 388 387 319 133 220 127 168 384 141 104 24 196 324 32 222 
143 264 82 117 112 279 367 202 245 73 
30 323 298 223 81 40 
209 169 285 99 77 316 26 11 162 250 395 312 51 62 273 374 221 158 193 10 227 255 276 154 377 346 
57 375 153 83 359 350 277 262 308 376 45 258 187 66 175 100 315 394 194 28 283 114 184 178 206 136 314 219 128 98 212 360 348 379 171 37 116 249 80 253 311 210 332 
76 217 204 301 300 55 280 234 231 8 78 282 12 260 94 39 151 103 17 278 139 265 333 186 176 364 327 38 179 170 
352 342 309 9 347 248 252 122 331 102 287 172 246 2 16 390 145 126 180 167 205 341 13 226 
259 337 22 369 74 378 53 43 251 6 363 47 35 335 106 
125 244 123 215 318 339 340 386 18 161 70 27 129 86 174 41 303 381 67 400 237 199 160 134 294 305 89 263 290 188 147 286 

