271 296 50 195 322 308 395 137 36 160 
71 382 120 334 
22 99 396 287 58 153 187 73 386 
229 285 301 59 2 288 15 61 292 184 351 37 232 170 104 226 
97 
63 244 378 92 12 185 115 268 35 178 365 221 182 258 34 85 249 
69 336 299 39 102 327 135 
20 65 6 159 251 345 218 338 47 200 191 384 241 
375 17 261 24 
342 297 354 189 220 80 
148 248 318 343 75 240 
317 11 231 121 44 163 
359 165 105 373 
136 
18 204 74 156 5 267 281 282 103 106 394 356 177 152 33 381 371 110 255 344 364 174 38 304 13 212 245 89 210 149 
30 236 398 369 280 169 279 151 139 239 78 168 202 126 192 52 372 
83 8 88 25 314 16 64 125 233 341 242 
175 
82 119 326 272 81 205 100 162 368 26 284 311 27 262 363 328 46 93 134 
68 366 388 
399 235 278 228 145 141 293 111 
298 223 349 132 118 147 183 
124 48 362 7 193 
209 309 90 77 252 43 127 51 45 219 333 247 114 10 276 391 348 332 181 
57 289 55 113 60 117 87 264 158 3 361 142 107 266 176 374 307 157 32 
112 214 72 
166 211 237 
140 1 337 323 259 260 131 250 86 173 70 66 180 167 306 29 19 225 230 385 186 161 56 4 222 
347 300 335 129 319 
352 339 
123 84 355 216 320 101 207 98 41 263 198 346 
130 128 256 146 302 122 330 315 246 383 393 353 324 305 206 
96 31 215 234 150 303 40 21 188 400 28 154 
217 144 269 243 95 197 360 201 253 
9 312 377 
316 290 
76 94 367 350 273 392 
54 224 208 286 
42 108 62 389 331 370 283 164 295 387 227 376 79 133 116 109 171 179 
321 277 291 390 
190 254 
143 270 358 310 329 397 340 172 53 213 313 49 14 91 194 325 275 67 23 238 203 357 265 155 379 257 380 196 274 294 199 138 

