342 271 256 355 302 336 49 399 87 352 272 208 280 195 154 84 281 279 331 339 161 361 230 318 315 6 394 376 173 330 151 70 284 267 75 262 225 334 238 269 335 118 364 25 97 155 110 224 387 105 85 261 104 373 348 357 179 286 120 73 338 206 263 111 
229 169 317 1 223 157 175 130 289 165 26 313 234 322 370 365 159 378 254 62 326 350 141 386 282 187 100 211 188 190 184 153 388 107 126 127 194 268 33 7 249 147 150 214 344 354 132 40 218 133 360 168 134 72 186 98 240 316 379 47 222 34 290 377 52 226 166 164 319 305 391 232 
217 285 244 9 228 398 63 359 60 116 301 31 209 51 260 57 395 39 58 328 212 64 94 101 392 17 333 180 400 23 191 46 176 19 219 78 215 35 203 371 3 341 257 80 13 274 241 129 136 327 24 227 32 4 253 293 149 170 37 304 
140 30 119 113 71 337 270 358 108 48 216 288 11 5 14 264 36 320 81 295 349 283 275 167 114 239 145 115 16 278 41 374 345 139 202 353 43 381 324 109 10 38 93 160 380 56 201 258 189 44 294 138 332 181 220 199 135 183 
233 42 83 50 123 65 362 146 172 213 142 2 102 54 297 356 368 128 197 247 221 291 343 182 103 265 158 237 91 363 21 372 89 121 314 106 384 311 171 245 163 196 385 210 346 
76 296 20 242 144 389 156 61 252 122 90 266 12 88 292 367 207 86 246 162 325 79 152 303 205 67 29 255 27 178 393 28 307 192 198 174 
143 235 55 77 369 74 243 397 204 112 92 95 185 250 18 231 53 200 312 251 306 273 125 351 193 177 383 276 
148 59 82 382 329 96 15 277 308 45 340 8 137 66 390 
69 309 68 124 310 299 259 287 
375 236 300 117 131 
321 366 22 396 347 
248 99 298 
323 

