42 153 398 228 259 299 43 175 326 41 165 161 361 258 302 85 316 151 338 177 265 233 203 145 126 311 230 194 13 381 106 371 89 226 222 73 
22 217 119 122 297 117 72 2 88 287 191 53 7 70 239 237 364 214 276 344 210 
355 252 248 389 87 158 356 84 283 372 200 351 78 262 33 132 257 253 304 227 163 335 346 
130 140 347 90 102 313 272 146 242 63 57 238 266 12 94 187 392 26 199 35 150 363 383 141 184 255 348 3 198 202 135 171 261 4 286 332 
76 235 124 195 185 288 395 368 251 312 330 142 167 79 374 307 186 245 
60 296 289 301 96 300 209 213 36 293 111 
71 208 236 113 216 292 215 378 359 81 129 91 224 247 353 341 118 274 52 240 47 181 
375 77 260 298 128 362 190 334 397 314 103 105 211 29 278 176 160 110 182 21 249 164 34 327 379 385 196 324 170 179 
9 30 11 207 212 350 144 339 112 14 62 275 162 328 282 306 39 40 139 225 193 188 147 268 28 343 155 133 373 38 116 400 241 80 
20 244 256 82 172 15 280 250 279 114 18 221 67 263 44 
321 382 396 50 243 231 58 45 197 23 284 399 51 27 134 120 294 380 101 201 166 104 391 
342 68 285 358 108 48 369 340 92 65 219 75 152 115 388 10 136 192 93 
69 148 310 246 64 273 
323 123 370 229 66 384 320 349 267 390 295 17 333 303 19 394 360 218 107 121 377 37 206 232 138 
143 83 99 309 234 308 86 329 8 137 100 127 5 205 269 254 345 354 32 154 
271 1 59 156 125 31 95 376 281 315 365 159 97 189 109 319 183 
337 49 336 74 366 277 331 169 322 264 393 25 16 386 178 98 220 6 387 357 149 24 168 290 
223 317 55 270 131 61 54 367 204 291 318 325 180 173 305 46 56 174 157 
352 

