229 285 156 300 65 31 308 282 314 54 35 160 374 49 258 276 377 
217 61 1 248 144 122 195 184 339 173 129 75 3 115 334 239 203 29 319 154 168 338 263 111 
256 140 358 60 259 250 8 196 52 
123 20 277 389 359 92 95 231 39 58 354 98 241 341 128 274 304 138 
30 165 86 322 269 41 137 208 345 100 220 210 
107 204 251 262 400 103 351 125 80 332 
235 76 152 207 27 257 316 294 37 
113 233 270 301 281 367 88 213 279 194 376 335 295 25 105 6 328 167 145 134 219 40 380 391 183 
143 288 62 53 395 
108 190 
252 368 
302 189 133 232 253 212 
68 71 59 315 393 151 
260 264 336 299 326 84 234 26 7 392 306 142 182 158 218 5 136 305 249 357 166 387 373 
317 323 15 347 348 174 38 
280 216 268 255 19 383 
22 236 82 340 243 265 139 365 202 200 333 104 192 286 
344 201 
155 399 
309 48 390 283 381 224 242 
83 205 209 162 363 186 106 149 206 
16 388 135 
18 87 91 147 116 150 171 141 
69 321 131 90 330 181 
398 366 102 261 114 121 72 44 324 
130 169 51 352 55 215 223 63 361 21 85 371 
9 57 375 396 362 81 297 164 56 67 199 198 327 290 120 179 132 
296 124 313 197 
42 11 310 12 312 211 292 221 14 110 350 385 
298 278 36 109 180 230 176 
370 378 45 185 225 237 97 
271 74 112 254 43 240 246 
96 337 266 329 79 386 307 
369 70 
157 287 
146 226 101 
303 17 78 175 33 93 163 
289 119 99 127 66 172 187 188 2 161 228 331 284 177 238 222 118 353 4 311 170 346 
148 382 355 397 272 325 267 64 343 273 247 23 372 24 384 227 47 34 245 
153 244 159 342 77 50 117 291 320 94 394 275 318 356 349 46 364 193 214 360 191 178 28 10 293 126 379 32 13 89 73 

