337 60 99 108 318 103 395 45 295 246 53 388 237 198 44 
321 117 141 31 84 138 
207 347 75 179 245 
292 308 231 137 304 57 203 4 
42 349 212 266 353 307 183 
36 128 162 293 
263 
96 7 102 159 294 186 327 
343 214 
342 243 200 208 92 95 333 278 167 13 201 
131 357 91 215 
302 9 143 374 18 11 315 370 368 169 70 16 64 101 351 345 79 182 192 387 97 40 335 163 
76 236 20 248 280 336 301 153 338 204 142 94 25 115 247 178 372 126 385 319 173 371 73 
359 252 269 285 90 77 299 164 78 287 12 313 238 219 177 139 239 193 151 261 311 56 118 190 80 274 134 135 377 373 222 227 181 391 
229 235 172 366 288 339 265 303 110 180 350 38 111 
30 62 358 195 74 112 312 282 114 334 157 393 
140 382 340 41 314 19 332 
72 360 
271 260 
69 48 58 400 66 158 297 105 225 380 191 254 199 196 85 170 
123 55 148 329 1 50 165 185 331 306 14 46 232 47 249 93 149 
296 234 320 259 109 34 145 346 
355 24 341 
22 71 375 396 216 86 250 88 152 26 284 175 354 262 21 253 
352 15 378 326 
223 256 43 289 381 205 394 379 226 210 
68 310 87 251 267 361 363 348 286 
81 398 270 392 356 2 17 100 136 376 218 188 
156 384 82 300 362 27 209 228 283 107 54 365 344 383 98 386 220 106 37 
244 258 130 298 272 221 
390 28 127 166 121 116 
146 63 213 147 240 187 29 
389 59 211 
268 
51 277 273 364 10 
125 113 323 309 291 5 322 8 264 174 325 160 168 224 230 276 104 52 305 
83 124 397 65 23 150 330 255 194 32 233 132 324 89 
217 122 279 3 328 161 
317 242 144 119 369 154 399 49 6 281 275 61 39 367 155 241 197 184 129 67 176 133 202 35 257 33 120 189 290 316 171 206 

