342 68 361 71 310 156 258 172 215 250 322 36 43 86 281 331 214 19 247 3 372 376 206 261 265 363 164 263 14 186 129 220 44 232 210 126 304 
143 175 252 113 343 272 378 62 350 325 163 275 58 31 51 246 345 152 27 106 75 233 25 383 134 353 13 293 319 335 391 111 
296 285 301 223 185 144 395 204 297 292 18 115 174 180 176 136 291 341 316 35 212 249 327 154 371 222 4 33 191 132 305 
59 309 90 74 243 131 386 320 367 340 228 39 334 66 2 53 26 64 6 394 197 357 178 385 240 400 348 21 155 307 224 387 384 38 202 120 97 145 381 201 166 37 245 135 52 101 183 
271 236 20 61 362 128 234 318 326 259 41 87 88 282 142 221 333 139 85 360 5 78 10 24 274 230 177 328 93 196 377 
321 148 124 60 397 299 102 264 137 12 336 165 368 251 211 392 284 268 167 103 262 98 276 
217 323 280 313 122 229 370 399 112 279 354 168 
76 289 398 82 389 300 117 374 159 45 238 295 16 72 107 70 237 40 110 150 118 205 
42 317 48 99 77 55 260 153 116 92 95 81 184 17 7 28 200 314 330 158 239 100 219 91 388 192 303 182 203 255 160 80 29 47 379 338 198 157 104 373 253 332 32 241 199 181 
30 375 169 277 248 84 242 54 267 231 114 287 173 266 390 312 283 306 23 393 356 125 193 190 121 149 56 34 286 324 73 138 346 
130 244 337 140 359 141 11 339 65 146 213 195 302 315 49 364 151 46 278 273 351 365 349 225 67 189 109 311 290 179 344 170 
57 108 358 270 96 22 209 369 288 269 308 9 63 207 218 79 254 257 187 188 
69 355 235 123 298 352 15 8 329 94 105 208 162 161 147 133 227 127 89 380 194 294 226 171 
256 382 50 216 347 
83 119 1 396 
366 

