256 63 175 90 122 322 343 215 234 114 302 394 49 105 211 237 110 13 344 377 286 
69 1 331 140 55 369 228 87 112 152 21 184 
248 235 113 156 356 182 263 
20 296 76 299 301 7 43 66 386 354 284 283 150 239 187 227 151 198 
358 82 340 70 202 379 34 201 
48 99 68 130 61 378 254 392 188 97 206 17 
18 375 277 310 252 260 336 231 91 238 374 387 203 199 125 56 120 19 37 253 44 183 
123 271 131 250 180 158 357 197 311 
100 116 
11 300 92 186 274 160 373 341 164 111 249 
153 236 169 361 298 370 399 15 137 367 325 162 2 58 36 33 212 330 191 79 365 178 335 6 174 242 155 127 10 383 224 192 205 380 40 348 220 372 371 400 316 196 135 319 
30 144 119 396 14 289 318 9 142 275 267 291 306 246 326 268 273 5 93 129 157 332 346 
229 342 285 362 185 51 232 165 279 26 312 225 85 214 94 121 4 149 24 101 181 
244 270 323 108 50 287 397 395 88 86 194 
321 309 148 398 71 281 393 177 262 360 41 176 257 189 218 134 38 245 179 294 89 
352 77 264 355 269 243 295 95 282 230 29 255 161 163 
317 217 124 308 329 240 32 241 
207 102 339 16 132 353 258 107 265 293 67 138 
31 366 42 96 12 8 25 390 53 388 72 233 133 345 304 168 52 226 166 
83 337 376 193 109 385 104 
159 146 288 117 266 251 136 350 327 145 
333 
39 154 35 
276 
74 
359 62 
59 315 278 78 139 118 
22 209 223 60 381 57 190 115 167 328 23 
382 45 126 305 171 
364 391 
204 84 384 349 28 75 54 303 363 290 141 
143 172 272 313 216 280 292 173 3 208 
128 347 320 64 324 46 
259 297 81 389 65 103 213 368 200 314 334 195 27 247 98 351 221 219 222 261 307 80 338 47 147 106 210 73 170 

