30 236 300 362 208 282 39 17 315 167 388 23 
297 54 295 239 255 89 
378 159 
264 301 215 84 262 326 318 62 200 70 25 188 125 46 157 3 249 257 373 28 
140 156 130 336 299 40 
259 217 280 228 231 66 390 379 335 163 44 
310 211 376 7 
229 235 15 329 74 12 258 338 13 368 105 98 
77 119 260 349 225 155 284 283 363 333 198 227 
389 311 181 
76 
355 209 88 218 184 52 391 
109 
342 69 292 83 185 165 207 58 340 187 306 387 268 247 393 273 10 158 164 332 
248 68 99 71 117 144 281 212 80 
143 331 82 396 216 205 314 53 278 75 116 56 385 196 
42 392 193 263 79 194 
113 272 106 351 
291 204 180 361 131 146 176 350 276 304 171 
60 366 369 313 220 47 
271 206 241 
298 95 275 100 237 6 202 307 120 327 
112 94 110 303 254 
397 65 287 8 35 91 132 290 384 
288 322 210 
243 22 124 122 370 27 213 78 18 269 302 16 344 354 203 360 267 221 343 334 274 21 400 357 324 168 253 286 73 138 
108 256 339 85 240 2 43 
59 175 323 270 31 61 114 367 386 195 128 101 127 64 345 36 29 14 182 191 330 174 383 293 192 371 19 341 381 145 33 129 24 294 232 179 348 319 111 
375 63 382 50 51 9 347 45 137 356 251 219 115 246 178 177 150 261 161 154 190 224 380 4 34 
1 358 55 309 96 102 250 26 312 186 
169 317 352 123 103 133 201 32 346 226 
242 
81 337 11 160 328 93 121 
277 398 172 252 320 142 395 197 189 364 245 141 183 
372 
20 87 57 
296 148 48 308 365 49 90 139 265 67 353 104 136 126 222 147 230 
244 285 5 173 305 72 
321 399 92 359 223 233 153 289 234 325 162 279 266 214 86 394 152 41 374 97 107 238 118 134 151 166 135 38 377 199 149 316 170 37 

