140 1 331 124 22 123 117 137 266 95 2 282 269 84 368 330 343 246 200 16 3 311 202 193 191 80 379 47 132 34 
148 99 20 336 298 289 26 397 49 313 125 169 339 207 7 312 275 70 64 28 220 351 359 118 136 208 341 126 121 380 13 377 52 179 135 241 304 
71 69 61 59 375 156 131 308 326 378 328 58 41 114 260 349 158 400 390 173 361 72 239 5 128 101 178 255 257 263 43 37 384 353 350 196 258 127 335 106 232 199 166 111 249 
317 271 285 248 228 65 252 299 74 243 322 295 205 329 18 194 370 87 315 180 36 145 146 394 284 278 105 265 215 214 75 157 188 364 268 110 344 93 212 154 222 149 245 85 206 338 324 73 181 
60 259 337 270 358 119 223 57 300 340 386 195 81 31 185 371 172 279 88 86 27 91 197 376 302 273 167 184 221 104 160 103 383 345 56 35 150 226 176 192 276 164 134 294 385 373 32 147 348 24 391 183 
321 68 236 15 366 229 116 92 45 250 66 264 14 17 39 79 262 247 174 25 211 153 303 23 182 177 291 374 21 133 393 46 38 163 372 89 316 170 
30 55 113 204 396 165 9 144 6 209 231 161 107 94 53 115 219 203 152 381 225 238 120 67 109 307 175 198 138 346 
63 244 130 48 42 362 50 281 288 159 234 213 392 306 325 283 139 44 
342 235 11 310 301 277 216 280 62 141 395 320 97 162 242 54 33 334 267 399 51 387 218 186 98 29 274 363 4 10 129 189 233 254 171 293 319 305 230 286 253 
217 382 83 82 389 122 96 78 292 287 297 155 142 187 100 333 237 388 354 227 357 151 314 360 224 40 190 168 210 332 
143 347 256 369 102 8 112 90 12 318 251 367 356 19 365 240 327 201 290 261 
76 296 323 108 309 352 272 
355 77 398 

