123 48 15 60 301 71 125 250 267 66 152 283 388 353 377 145 232 391 101 
243 77 122 57 229 280 215 155 364 247 303 162 21 176 335 134 120 384 147 
399 321 398 313 55 157 318 112 43 165 331 371 265 333 268 284 35 154 94 363 109 127 219 274 227 344 276 4 290 106 89 149 138 183 305 
96 143 62 54 41 23 31 190 354 192 255 257 
30 355 260 248 298 367 116 264 359 307 385 168 
256 329 146 272 95 180 142 139 332 
258 74 242 1 102 339 86 204 194 191 262 357 7 105 360 273 199 200 187 186 29 171 111 181 
69 124 320 45 53 178 193 
244 337 381 6 150 
140 366 128 65 9 347 266 338 90 26 259 195 107 251 78 184 17 151 167 182 3 278 174 98 126 263 233 163 121 38 379 373 206 286 
156 270 295 137 87 330 312 115 239 351 348 
5 292 254 196 
235 209 336 46 64 201 189 346 
83 389 185 392 322 104 311 261 
28 100 208 
18 68 20 370 374 2 288 12 281 279 395 345 390 88 67 356 202 386 133 220 249 52 380 24 34 
223 396 362 400 
252 300 319 
153 108 271 369 309 297 308 246 224 118 237 14 240 32 
175 382 375 49 169 197 325 166 225 72 135 179 170 
296 217 285 277 302 378 299 291 340 231 349 282 238 91 326 275 70 177 293 203 79 218 13 222 188 80 
148 236 8 164 214 
342 172 81 310 59 114 61 334 343 228 36 84 173 19 211 75 341 327 97 33 129 304 44 
22 352 42 50 11 397 287 58 368 16 394 56 10 110 294 245 226 141 210 
159 317 99 113 234 144 92 63 361 306 158 365 350 372 393 37 324 132 
76 119 117 131 213 383 
130 289 323 358 82 269 216 205 136 51 25 207 27 376 315 39 212 328 103 387 314 221 161 160 40 85 93 316 198 241 47 230 253 73 

