60 208 398 77 362 281 17 184 231 312 88 75 239 218 193 380 163 198 249 171 44 332 210 226 
140 358 289 156 397 96 137 213 33 138 
270 119 310 223 112 65 325 142 39 351 19 10 109 158 67 97 134 371 373 47 381 304 
124 100 192 
15 187 220 72 6 
309 275 267 21 56 118 384 80 222 
269 272 242 123 322 26 23 110 189 335 372 227 377 120 
248 235 355 99 216 268 27 182 29 
68 329 9 225 349 232 
271 101 53 266 
221 
244 165 
55 117 251 314 160 338 
343 107 159 385 
130 285 62 228 144 376 102 209 370 307 78 52 245 290 311 116 164 391 
141 382 389 54 295 136 58 28 197 345 151 177 286 13 179 181 
396 91 305 106 157 
262 76 317 336 143 50 347 41 81 172 241 211 173 36 129 86 284 240 224 25 399 233 333 35 121 327 344 170 346 
30 148 146 243 195 229 395 306 390 368 247 328 379 196 
321 108 48 200 300 301 313 49 282 188 214 43 367 246 363 341 186 387 357 174 14 168 350 206 183 
217 375 153 236 369 114 90 400 324 
20 366 51 280 46 122 61 95 125 356 393 283 145 115 394 330 273 238 105 383 202 219 319 133 212 98 348 85 263 93 104 111 
69 83 87 340 63 308 8 204 169 374 64 139 388 178 203 126 354 132 353 
296 323 22 92 288 331 339 45 66 18 16 103 207 205 255 37 261 
264 342 59 277 38 154 
11 234 378 299 392 315 94 152 175 
298 326 185 5 359 274 276 32 24 
291 
318 252 360 201 
361 256 2 259 12 237 258 
352 1 113 260 74 31 162 279 364 79 191 257 127 147 34 
337 131 320 40 
57 82 250 84 334 316 135 166 
194 303 
292 302 42 71 287 386 180 254 297 155 70 278 128 365 265 215 7 3 167 293 176 199 190 150 294 161 4 89 230 253 149 73 

