143 352 49 124 61 117 11 5 8 281 161 107 339 142 84 214 114 291 64 331 239 79 224 333 31 109 237 163 188 377 44 241 73 
123 69 285 355 141 71 320 144 326 128 184 17 392 312 53 330 219 46 258 120 167 354 238 176 253 338 135 199 164 111 47 220 332 
130 108 1 264 223 347 340 153 267 207 322 251 221 388 157 150 
48 42 336 329 159 137 350 102 7 
244 358 300 378 101 249 75 4 181 316 346 
83 140 366 12 231 209 41 356 29 146 177 383 363 349 21 134 104 373 166 
30 18 119 256 77 367 205 234 325 16 197 32 
317 323 276 154 
229 156 277 260 376 309 216 26 195 81 6 172 318 2 254 364 265 344 334 25 351 51 139 227 10 3 294 324 38 127 198 226 37 372 
92 228 398 82 397 185 168 
235 190 
375 236 396 131 269 204 283 275 23 278 268 118 14 257 335 
296 289 59 298 299 133 105 160 385 93 
315 182 343 151 345 380 304 
250 302 
342 148 9 22 248 369 362 259 165 208 85 368 125 374 132 381 13 261 67 225 232 245 
271 292 389 65 55 272 213 370 155 313 56 121 222 201 286 319 89 
310 122 74 308 187 27 192 
246 359 36 100 202 
50 295 175 57 45 97 40 171 263 170 
247 386 98 
233 243 76 337 169 39 66 43 287 262 279 191 303 152 70 353 218 341 255 379 327 196 290 391 126 
217 382 113 54 297 180 90 63 266 162 58 282 306 273 284 394 173 178 203 78 240 189 393 110 145 305 387 34 212 52 149 210 183 138 
321 20 62 60 15 95 28 87 390 115 116 174 242 211 193 307 194 179 
68 96 99 
399 252 270 301 288 280 215 365 112 103 395 88 86 400 206 136 158 328 94 33 361 19 230 200 311 91 35 186 147 129 274 360 371 357 314 293 24 348 72 384 80 106 

