209 236 342 43 340 288 313 364 151 354 399 40 160 226 286 179 
30 259 229 366 352 339 62 275 87 239 232 101 255 10 133 46 
317 244 124 9 137 54 284 199 103 206 98 
130 68 96 148 398 114 359 223 397 243 161 5 31 260 180 376 246 178 94 341 184 104 116 350 230 373 157 89 138 
71 84 270 102 262 370 280 128 392 97 249 141 142 221 152 139 273 75 345 105 379 47 276 290 212 319 305 346 
76 99 140 336 356 251 365 227 360 222 304 
355 271 11 390 118 263 
358 337 129 
20 231 
248 362 254 
323 396 195 74 95 367 264 174 374 23 386 132 110 
119 235 257 
165 53 237 
150 
256 298 287 185 36 349 334 78 207 147 266 200 79 7 293 
107 67 170 
146 51 159 312 193 4 80 
296 18 59 50 42 216 2 154 63 208 267 155 330 368 197 176 203 109 28 136 181 120 
143 83 1 204 310 108 92 395 45 211 297 162 333 303 13 326 291 188 187 307 258 371 201 
309 285 81 172 389 25 57 219 64 73 
369 318 144 383 265 387 91 196 166 316 324 
272 60 378 279 306 192 363 135 
113 22 234 400 261 93 332 183 
14 26 39 131 3 281 205 393 268 245 
301 372 44 338 
164 125 
302 69 217 77 228 252 122 117 86 66 325 315 343 282 85 70 384 344 381 278 35 182 29 353 173 158 220 241 121 24 198 127 191 171 
153 82 289 61 58 329 238 115 225 17 394 16 218 294 335 
321 55 347 331 250 186 175 38 311 34 
123 156 269 299 322 49 90 328 215 214 12 41 388 224 194 385 190 21 56 168 274 52 37 240 
242 48 6 213 253 
277 8 15 112 100 167 177 377 210 
292 308 314 134 106 145 
126 149 
65 169 382 375 72 300 361 233 295 88 320 27 33 283 19 247 357 351 189 327 202 380 348 32 391 163 111 

