179 7 68 18 183 190 80 178 36 
54 155 121 115 67 
9 12 65 129 22 70 
162 20 138 186 135 96 
142 152 167 61 111 145 148 
177 128 168 99 94 151 109 189 125 157 
92 195 31 32 38 114 86 107 154 
4 182 57 133 147 40 16 98 119 161 
100 37 59 143 173 188 29 139 21 166 82 
163 63 149 170 73 120 
89 87 17 13 8 60 1 97 
172 197 5 62 26 159 46 34 76 2 
48 131 156 102 124 43 180 3 136 90 39 
42 181 35 164 104 25 10 77 122 174 
169 72 110 44 95 93 193 19 146 
28 6 132 78 171 130 187 150 
84 199 127 118 105 69 113 176 137 123 75 
165 85 53 160 112 74 101 192 50 33 66 
153 47 200 103 51 198 41 194 55 81 158 
24 15 196 184 27 126 
45 56 108 117 23 52 106 91 116 83 
140 88 191 58 134 144 71 11 30 64 
49 14 79 141 185 175 
