48 124 43 180 3 136 79 34 76 2 
142 152 167 61 198 22 41 
24 102 196 183 184 27 
42 181 35 164 104 25 10 73 93 120 39 
89 21 166 82 
153 47 200 103 44 95 145 80 
131 15 179 7 110 90 178 36 
88 71 11 64 
169 161 72 129 194 154 
128 168 53 52 106 70 
37 177 65 99 94 151 160 189 125 33 66 
165 85 45 56 108 38 32 114 81 107 
4 173 109 112 86 55 158 
92 195 31 117 23 74 101 192 50 157 
172 197 77 122 141 185 
54 155 121 115 67 
162 63 149 170 19 193 146 
100 9 12 59 143 188 29 139 144 137 123 75 
182 57 133 147 40 16 98 119 116 83 148 
163 187 150 
140 87 17 30 
28 6 49 14 132 78 171 130 174 13 8 60 1 175 
5 62 26 20 159 46 138 186 135 96 
84 199 127 118 105 69 176 113 191 58 134 97 
156 18 68 190 51 111 91 126 
