55 161 104 18 127 54 185 181 53 
118 176 143 83 126 71 9 1 99 
20 25 31 80 85 41 24 61 179 
73 129 164 66 147 160 47 91 
93 135 184 114 159 151 63 98 157 81 137 
70 189 136 174 
113 122 11 6 139 
30 120 14 169 40 
62 102 146 19 192 196 97 96 130 28 74 
178 48 50 156 112 168 79 29 87 42 123 
26 152 21 182 75 163 194 92 89 105 198 
57 60 82 180 84 191 125 4 72 121 158 
131 44 38 150 22 16 140 187 142 111 56 
116 12 32 124 197 103 162 
148 141 69 68 76 
45 27 173 154 64 100 109 
10 193 46 128 106 36 33 165 188 108 17 
171 65 86 115 94 51 200 172 77 110 
133 153 170 134 23 52 145 195 15 59 149 
101 144 119 166 35 7 132 117 49 183 
177 3 88 8 186 58 199 37 138 
78 190 5 167 34 95 90 67 39 107 
155 175 2 43 13 
