140 162 37 165 124 196 18 98 40 180 184 190 136 51 111 186 106 90 95 91 145 80 79 107 115 11 13 66 2 34 60 193 185 120 64 83 175 
4 142 92 48 131 199 88 9 59 128 108 130 69 139 122 110 44 41 87 50 55 73 17 33 82 154 96 157 39 75 67 148 36 
54 47 28 163 167 133 103 170 161 20 113 166 86 101 144 71 194 123 121 81 158 70 135 93 1 76 141 19 97 30 146 
153 182 195 100 57 169 149 172 35 197 5 164 104 171 109 21 52 189 125 74 22 192 137 126 116 178 174 8 
152 15 156 31 155 143 53 94 65 151 99 23 112 160 114 117 129 198 
42 6 49 179 7 147 56 45 168 188 138 10 46 77 58 134 
102 200 63 127 118 183 3 27 72 150 191 
84 12 181 62 132 119 29 176 
24 85 16 43 78 26 25 159 187 
177 68 61 173 89 32 
14 105 38 

