88 199 172 5 62 35 161 119 27 51 117 21 17 8 11 154 1 
42 128 45 56 85 143 168 65 29 160 94 112 151 58 191 129 145 126 97 83 
140 92 84 163 149 124 24 196 18 190 132 10 104 159 46 139 52 22 101 74 95 194 55 121 115 174 73 66 76 34 60 157 120 75 67 148 36 
182 195 152 15 156 167 147 59 177 53 188 105 150 186 110 198 106 192 71 50 81 178 70 33 96 93 193 19 
48 162 63 127 40 173 99 89 69 109 125 166 134 144 137 116 107 13 141 146 
131 57 9 14 197 103 3 183 61 32 23 86 41 90 2 39 
153 54 28 47 179 169 155 108 184 25 20 138 189 87 91 80 79 123 135 82 30 
4 142 100 37 102 7 133 12 180 170 130 176 113 114 44 158 185 64 175 
165 200 68 43 16 98 136 171 187 72 122 
6 49 31 78 38 77 
181 118 26 164 111 

