54 182 84 63 40 128 38 108 173 113 69 114 109 125 189 106 144 193 
92 15 57 133 169 24 168 184 190 72 161 150 77 122 186 110 126 70 34 36 
140 163 179 152 31 124 68 3 159 104 46 187 139 166 52 44 93 154 64 146 
9 199 127 59 56 45 98 32 176 112 58 145 121 116 135 66 60 120 39 
162 131 156 147 35 170 160 29 117 86 198 95 50 91 55 81 174 73 1 141 30 175 
142 48 155 12 16 5 78 130 25 10 111 192 90 79 115 158 
4 47 28 42 6 102 7 132 183 180 43 188 151 65 23 21 191 129 74 101 87 194 80 107 13 17 11 8 96 76 2 19 185 97 83 67 148 
153 195 37 100 88 177 165 85 143 89 94 99 53 51 27 134 22 41 71 137 123 178 33 82 157 75 
167 49 14 172 181 164 62 26 171 119 138 
200 149 197 103 196 18 61 136 20 
118 105 

