153 92 195 37 179 15 172 181 62 132 119 187 10 186 125 22 192 71 137 123 73 174 13 135 8 76 34 141 2 19 120 97 64 39 83 148 175 36 
140 162 84 149 68 102 18 168 173 38 94 151 112 160 109 139 166 21 114 129 74 101 87 50 194 55 80 126 178 116 70 82 66 154 96 193 185 1 146 67 30 
4 47 131 152 9 177 133 56 45 16 190 183 3 136 72 161 23 52 117 86 189 106 44 90 41 145 91 79 107 158 33 11 93 60 157 75 
54 100 182 156 163 6 124 35 164 170 78 171 29 113 176 122 110 95 121 81 115 17 
142 28 42 88 127 199 14 196 180 98 89 188 32 27 111 198 144 
48 57 167 169 12 59 143 128 53 61 184 51 150 191 58 134 
63 24 147 31 43 130 159 25 20 46 138 77 
155 165 85 40 103 26 69 
200 7 49 197 118 105 65 
5 108 99 
104 

