140 54 195 37 199 169 68 98 56 108 173 29 69 187 129 52 125 22 106 192 137 121 126 116 158 135 8 96 2 185 141 1 120 97 39 146 83 
4 142 100 182 131 48 102 156 179 200 172 180 171 78 25 159 117 189 86 144 90 194 50 107 115 17 73 82 154 66 76 193 19 75 30 67 148 175 36 
153 47 84 9 12 177 165 31 61 190 136 130 72 161 150 138 122 134 87 91 55 80 178 174 13 11 93 34 60 157 64 
28 152 6 57 133 59 124 183 119 94 151 65 160 112 23 114 139 166 21 58 101 41 145 79 123 33 70 
92 15 63 42 181 14 132 43 196 18 3 184 20 46 10 77 186 198 74 95 81 
163 162 88 45 147 40 62 170 113 176 191 44 110 71 
167 7 35 5 197 188 89 32 51 27 111 
149 49 127 143 16 99 109 
24 155 168 128 53 38 
85 118 26 164 104 
103 105 

