142 47 162 37 88 12 59 196 190 103 26 20 187 27 21 166 86 74 22 106 41 145 91 194 80 116 178 126 158 13 11 8 154 19 185 120 83 
153 131 182 63 149 181 124 56 38 108 65 151 150 138 134 101 192 50 123 115 81 70 33 96 93 193 141 146 64 30 67 
4 54 92 195 57 15 102 179 172 5 183 170 10 117 114 52 129 110 95 90 87 137 121 107 174 17 73 135 82 66 34 60 2 1 97 39 75 148 175 36 
48 42 6 127 68 18 98 61 72 29 139 189 109 198 144 71 55 79 76 157 
140 100 152 133 85 177 128 45 180 43 3 136 161 119 188 176 113 122 44 
163 28 9 49 24 169 16 40 143 89 173 99 94 23 32 191 58 186 
156 200 199 118 78 132 130 171 25 77 46 125 
167 147 7 14 35 164 62 104 159 112 
165 31 155 168 53 105 69 160 
84 197 184 111 51 

