142 153 28 37 182 42 49 132 196 16 136 130 171 20 27 134 90 71 137 123 73 158 70 154 93 2 1 60 185 141 120 39 30 67 64 148 175 36 
4 47 48 152 6 199 155 128 108 89 10 187 113 58 191 166 129 74 192 87 194 50 55 107 81 115 13 17 135 34 66 157 97 146 75 
140 162 163 92 57 169 167 124 24 18 35 164 104 51 186 198 110 44 41 145 79 80 116 178 126 33 82 8 96 193 76 19 83 
54 100 131 63 172 181 197 14 98 119 180 183 184 161 29 72 21 125 189 86 101 106 95 91 121 174 11 
15 149 200 7 43 103 61 32 94 138 122 144 
195 156 12 102 40 3 78 65 117 112 160 109 114 52 22 
179 147 31 165 45 143 59 118 69 188 46 77 
9 88 127 85 56 173 38 53 151 99 139 23 111 
84 177 68 190 170 25 159 176 150 
133 5 62 26 105 
168 

