140 54 163 162 6 133 31 177 56 53 3 136 130 187 150 52 114 189 22 144 194 41 50 121 126 73 135 93 154 76 141 97 75 67 
92 4 37 131 24 200 197 5 14 38 108 32 23 113 176 134 110 95 44 87 137 123 81 158 70 33 82 2 19 39 83 175 
47 195 156 147 35 171 190 184 51 117 198 86 74 101 192 90 55 80 178 174 17 11 8 13 1 157 64 146 148 36 
182 100 84 88 127 199 59 45 26 20 25 191 129 125 106 145 79 107 116 66 193 185 
153 142 28 57 48 49 7 68 169 180 183 196 61 98 119 161 72 139 29 27 58 71 91 115 34 96 60 120 30 
152 9 165 85 155 143 78 132 69 105 160 112 109 21 166 
15 179 102 167 63 149 181 103 159 10 46 138 122 77 186 
42 172 124 43 16 40 173 99 65 94 188 151 
12 128 18 170 111 
118 164 104 62 
168 89 

