54 100 182 57 15 102 156 179 124 143 56 3 23 72 109 166 106 74 41 50 194 115 13 17 11 93 76 19 141 146 
4 92 152 6 63 49 155 132 184 61 139 160 114 129 52 101 22 192 71 123 121 107 81 158 82 96 135 2 34 193 97 120 39 67 175 36 
140 28 195 172 181 149 35 118 105 161 150 21 189 125 86 144 90 80 91 145 126 178 116 33 70 154 66 185 64 30 83 148 
153 142 131 163 84 199 128 45 85 25 104 130 77 138 122 186 110 44 87 137 79 55 174 73 8 60 1 157 75 
162 47 48 133 24 200 7 68 18 43 180 196 183 190 98 119 187 29 111 198 95 
37 9 88 127 197 78 53 65 94 112 151 117 191 58 134 
165 177 40 169 16 164 170 159 20 46 27 
167 14 5 89 173 99 32 38 176 113 
12 31 147 59 168 108 188 51 
42 103 62 26 136 171 10 
69 

