153 140 54 131 15 200 45 98 180 3 32 38 23 112 160 198 134 90 145 126 73 158 70 66 76 157 97 146 30 148 175 
4 48 142 165 57 24 35 164 5 26 159 161 187 77 58 44 87 71 194 55 107 121 115 174 17 82 96 93 60 141 120 36 
92 100 84 179 12 59 105 104 10 46 20 191 129 86 106 74 41 50 91 80 79 178 116 11 2 34 193 185 1 64 75 
162 28 163 156 155 128 85 61 94 65 72 150 166 125 101 95 137 123 81 33 13 8 135 154 19 39 83 67 
182 37 6 172 63 197 132 43 103 170 25 51 27 52 22 192 
47 152 195 133 169 49 124 7 18 68 196 89 69 139 29 117 114 21 189 144 
167 9 14 62 78 171 184 136 186 138 122 110 
42 149 199 127 88 118 143 173 108 99 151 176 
102 147 31 177 168 53 56 188 119 130 113 
181 190 16 183 111 
40 109 

