153 142 131 48 37 42 43 196 124 183 3 10 104 159 176 191 113 58 134 129 74 90 137 121 81 107 115 17 13 11 93 141 193 19 97 39 67 64 75 
4 54 92 15 133 31 127 56 108 38 161 139 117 23 52 114 86 125 189 144 41 87 79 80 126 174 158 33 66 154 96 34 2 76 60 1 120 185 30 148 175 36 
140 100 28 163 167 147 85 128 132 170 25 77 46 20 138 186 150 166 110 44 192 194 50 178 73 70 8 157 146 83 
182 195 6 162 172 199 88 59 143 136 130 188 29 72 27 22 198 106 71 91 145 55 135 82 
47 152 9 49 169 16 40 68 103 171 184 187 21 101 95 123 
84 165 177 155 118 173 94 99 32 160 112 111 116 
57 156 102 179 7 24 12 45 53 65 168 151 122 
63 149 200 197 5 35 181 62 164 26 105 69 109 
14 18 180 78 119 98 89 51 
190 61 

