195 37 57 15 179 124 68 197 104 3 136 184 161 150 122 110 55 154 1 36 
162 9 155 103 69 51 111 114 52 129 41 66 157 
131 156 48 200 49 14 43 196 26 62 25 171 139 21 160 109 112 166 87 91 178 13 60 146 
140 4 152 6 63 169 143 56 61 190 113 186 138 134 58 95 44 90 50 121 107 81 115 11 82 34 93 76 185 141 97 30 67 148 175 
54 100 92 47 102 167 165 177 59 53 99 89 29 176 191 198 106 101 192 71 137 79 116 73 70 8 120 75 
153 28 42 199 84 127 16 132 78 105 20 187 125 86 144 145 126 174 135 
142 163 182 133 24 149 118 119 38 72 27 189 74 22 194 80 123 17 158 33 96 193 2 19 64 39 83 
7 31 85 45 173 168 94 108 32 151 65 117 23 
172 181 35 5 18 98 130 46 10 77 
147 40 128 180 183 188 
12 88 164 170 159 

