47 162 131 200 177 168 53 61 72 186 46 166 134 90 2 1 157 30 75 
28 163 153 84 199 49 196 180 124 183 78 161 138 10 77 110 71 194 80 145 81 126 17 13 60 39 
142 182 92 57 179 156 102 40 133 147 45 98 119 69 105 113 111 74 50 79 123 70 8 34 67 
48 42 88 181 164 35 136 184 32 117 27 86 95 44 87 137 116 73 11 154 82 96 76 193 83 175 
9 31 128 104 25 51 150 21 58 144 115 121 135 
195 6 24 127 14 132 26 159 188 151 109 112 160 114 129 198 33 148 
152 15 169 155 12 143 108 56 65 89 23 122 101 55 178 
140 54 4 37 100 7 118 5 62 170 187 176 189 52 106 22 192 41 91 107 174 158 66 93 19 185 141 120 97 64 146 36 
63 59 68 3 43 18 190 130 171 20 191 125 
197 172 149 103 173 94 29 139 
167 85 165 16 99 38 

