4 92 48 153 156 152 169 15 63 14 124 171 65 188 29 113 198 144 71 87 137 79 123 174 17 13 66 154 34 76 2 157 146 64 30 148 175 36 
142 140 100 182 57 9 85 147 133 128 119 98 184 151 112 189 160 21 110 22 106 192 194 41 91 145 80 55 107 81 158 70 135 96 93 19 193 141 1 185 120 97 39 83 
162 37 24 179 7 200 197 62 103 25 10 20 159 176 150 166 129 90 44 95 50 126 178 116 33 11 82 60 75 67 
54 28 163 84 155 45 196 3 69 105 130 72 186 101 115 121 73 8 
195 6 131 102 167 49 132 59 143 56 108 173 89 32 109 23 117 114 86 74 
47 165 31 12 177 168 78 26 46 77 138 122 58 191 134 
42 199 172 5 35 164 136 180 183 161 51 111 27 52 125 
88 127 43 18 68 190 61 38 139 
181 149 40 16 99 53 94 187 
118 170 104 

