4 54 92 15 63 127 199 128 173 32 20 46 138 86 90 194 50 123 115 11 135 60 76 19 141 39 30 83 148 
142 153 47 84 102 24 179 196 18 89 190 184 51 21 139 109 198 87 71 41 91 116 178 158 33 13 8 66 154 2 193 120 185 175 
140 195 131 156 48 6 49 124 16 103 151 94 29 58 166 125 101 144 79 81 17 93 
162 163 37 9 88 12 59 177 168 171 119 161 72 187 77 122 186 44 110 95 137 55 107 121 174 73 82 34 96 157 97 64 75 67 36 
57 182 167 169 7 68 43 143 78 136 3 130 176 113 150 134 74 106 145 126 
100 42 172 14 53 99 56 38 108 188 160 117 27 52 80 
28 152 165 197 181 164 104 35 62 25 26 69 189 112 22 192 1 
31 155 118 98 65 23 114 191 129 70 146 
133 147 40 85 45 132 170 10 111 
149 200 180 5 159 105 
183 61 

