47 54 37 9 147 127 173 94 168 53 32 38 139 21 191 186 134 87 41 50 123 115 121 174 17 11 135 34 66 60 36 
4 92 100 84 169 124 197 5 35 164 136 184 176 122 44 110 90 145 79 126 107 81 158 13 93 1 76 141 120 83 
182 195 15 133 31 177 143 59 18 190 61 51 160 109 112 58 144 71 116 73 2 75 
153 140 163 131 156 179 102 167 165 16 43 180 10 187 114 117 189 125 166 74 95 194 55 19 30 175 
28 57 155 45 118 99 29 188 111 86 91 178 
162 42 149 63 200 49 108 56 78 171 159 20 46 138 77 129 
6 7 14 172 181 103 183 130 23 52 198 106 192 137 70 157 185 97 39 146 
142 48 152 199 128 85 132 89 65 72 150 22 101 80 33 8 154 82 96 193 67 64 148 
24 40 12 62 26 104 25 69 113 
88 196 68 98 105 161 27 
170 3 119 151 

