54 6 169 197 172 183 18 130 188 32 112 114 129 134 90 87 80 81 126 70 135 97 64 146 
92 84 88 128 12 143 59 108 53 94 173 29 23 139 113 44 50 137 33 75 
153 28 15 167 102 133 40 7 68 190 3 159 20 26 160 52 125 86 106 101 41 194 79 116 73 8 34 93 193 76 1 148 
142 182 152 199 49 181 170 105 51 111 198 74 144 115 174 96 66 154 157 185 39 30 36 
140 100 131 48 163 127 14 124 180 119 38 99 151 65 117 189 191 58 110 95 55 178 11 2 19 141 120 67 175 
4 47 162 156 179 24 177 56 16 168 161 46 138 186 166 192 123 
195 57 9 155 35 62 5 78 171 176 69 187 21 109 22 71 145 91 107 121 17 158 13 82 60 83 
42 63 165 85 45 98 89 136 184 72 27 150 
37 200 149 196 43 103 164 25 104 77 10 122 
31 147 132 61 
118 

