47 195 182 156 24 49 102 16 147 40 98 119 180 3 77 46 187 150 166 52 129 101 90 123 81 174 120 39 
54 4 48 6 162 149 59 177 56 128 168 65 89 176 160 21 125 106 192 71 91 178 115 158 96 34 154 193 185 141 30 67 36 
140 92 152 15 57 165 35 164 26 78 32 109 114 191 134 74 194 41 80 107 55 126 73 135 66 82 2 60 1 97 146 64 175 
153 100 163 84 172 197 196 43 18 183 159 27 122 110 44 95 50 137 79 17 13 33 93 19 75 148 
142 131 42 63 200 199 118 173 53 23 94 29 139 189 112 86 198 22 87 121 116 70 11 8 76 157 83 
28 37 133 169 9 12 155 132 62 104 25 138 20 10 186 58 144 145 
179 167 124 7 68 45 108 143 188 38 72 161 51 111 
88 127 14 5 170 171 136 130 117 
31 85 61 184 190 151 113 
181 103 99 69 
105 

