4 153 162 140 163 6 200 24 12 59 143 16 119 98 161 184 51 21 139 117 114 86 166 110 44 95 90 87 91 80 107 115 11 13 8 135 96 2 76 34 1 60 185 141 120 97 39 30 64 83 148 175 36 
142 92 100 131 181 99 168 53 69 160 189 109 112 125 52 74 101 144 71 137 79 123 73 82 154 66 19 193 146 67 
54 84 177 88 118 164 26 159 25 104 10 46 150 187 191 134 58 22 106 192 194 41 50 55 178 116 174 33 93 157 75 
182 195 48 15 179 102 57 45 85 128 180 61 29 27 111 198 129 145 126 81 17 158 70 
47 37 199 14 49 5 62 197 89 188 65 94 72 186 121 
28 152 156 133 31 147 40 169 68 196 43 103 3 136 130 138 20 122 77 
42 63 149 172 124 7 18 56 108 32 173 38 23 113 
165 9 132 35 170 171 176 
167 127 78 183 190 151 
155 105 

