4 54 140 28 163 100 9 156 102 16 147 180 170 136 72 114 117 112 198 22 71 87 50 55 121 123 115 17 13 8 66 96 34 2 19 185 141 67 30 175 36 
162 47 48 152 131 169 57 59 85 143 53 94 122 10 186 191 134 58 144 95 90 145 80 91 178 126 158 33 11 135 154 157 97 64 83 148 
153 142 195 92 182 177 197 3 176 20 46 138 150 166 129 110 192 194 79 116 107 81 70 82 76 193 60 1 120 146 39 75 
42 63 149 181 172 132 62 5 26 164 104 25 159 130 23 21 189 52 106 74 101 41 137 174 73 93 
37 88 124 18 108 61 184 27 51 109 86 125 44 
15 133 31 165 12 118 105 89 188 29 161 187 111 
179 24 200 35 119 183 32 151 139 
6 7 167 40 56 45 128 168 65 99 173 38 113 
84 199 155 43 196 190 98 171 69 
14 49 103 68 78 77 
127 160 

