68 7 27 51 148 
140 4 152 6 169 31 180 43 170 171 187 10 191 134 129 74 192 41 194 79 81 17 73 8 82 76 2 141 19 120 185 64 39 146 
142 28 131 9 156 179 167 18 132 78 62 164 26 159 20 46 25 77 138 150 198 44 110 95 90 87 50 116 178 70 158 33 66 96 34 
47 163 84 172 42 197 16 108 56 105 69 189 160 109 166 86 22 144 91 123 11 154 93 193 1 83 67 
92 37 155 12 59 183 3 103 136 139 188 21 113 186 106 80 55 107 121 135 60 
162 48 15 63 181 143 173 53 32 130 72 52 101 125 137 174 75 
153 100 182 133 195 57 147 45 177 85 98 89 65 94 176 145 126 115 13 157 97 30 175 
54 102 24 49 14 5 196 61 184 29 23 112 117 114 58 71 36 
199 88 127 35 118 151 111 
149 200 124 40 128 168 99 38 119 161 122 
165 190 104 

