142 4 92 153 28 42 15 156 179 49 124 68 104 113 187 150 74 144 87 91 55 178 174 17 33 82 8 66 76 60 1 97 120 39 146 83 148 175 36 
47 48 131 152 57 9 85 128 78 170 136 23 189 112 125 114 52 129 101 192 71 137 194 123 70 34 93 193 2 185 141 64 75 30 67 
140 100 54 37 102 169 200 132 183 18 98 119 61 160 151 109 139 166 21 86 106 22 44 95 90 41 50 80 126 81 11 13 135 96 154 157 
162 84 6 197 103 164 35 105 130 138 186 58 191 134 110 145 121 116 73 19 
182 195 133 167 14 196 40 56 108 38 99 188 29 72 122 79 107 115 158 
163 155 177 12 59 16 190 184 3 171 69 176 198 
63 149 7 24 143 45 173 89 65 94 32 117 27 111 
172 181 43 180 168 53 161 
165 31 147 118 62 159 26 25 20 46 77 10 
88 127 199 5 51 

