28 100 140 37 9 24 149 132 14 78 171 161 38 160 112 113 58 191 125 95 194 123 178 135 154 93 19 1 39 64 146 36 
153 182 152 15 48 163 172 197 45 56 98 77 20 138 21 86 129 192 87 55 116 174 13 11 96 8 185 
195 84 199 88 128 105 99 94 65 176 122 41 158 30 75 
4 92 57 31 85 12 127 118 159 104 46 130 150 109 189 114 52 74 101 144 137 121 81 107 17 73 34 60 157 97 148 175 
54 142 131 179 102 156 7 59 3 183 184 25 139 166 134 22 106 50 145 91 115 70 66 76 2 120 83 67 
47 162 6 63 181 40 16 143 173 89 29 188 69 186 110 198 44 90 71 79 80 126 33 82 193 141 
133 169 167 124 196 68 103 26 62 164 170 187 72 27 111 
42 200 49 147 53 108 61 51 23 117 
155 177 165 43 180 190 136 119 151 
18 168 10 
35 5 32 

