140 54 92 195 182 152 131 102 24 165 85 45 128 168 143 89 171 46 20 10 122 77 150 198 106 22 41 90 145 80 126 178 13 33 8 76 60 141 2 120 146 39 64 148 
153 28 162 163 9 57 31 16 18 173 99 65 160 94 151 117 21 86 125 129 110 192 50 137 79 158 174 11 82 157 185 75 175 
100 42 63 149 88 118 127 5 62 105 69 72 27 111 44 87 194 91 107 55 17 73 96 135 34 1 19 97 30 36 
142 4 47 48 15 156 200 49 12 56 183 136 119 161 187 191 58 186 95 71 121 81 115 70 66 154 93 193 83 67 
84 172 199 14 180 43 103 3 32 112 23 189 109 52 114 166 74 101 116 
37 169 179 133 59 170 104 25 51 134 144 123 
6 155 177 98 40 61 190 184 130 29 113 
181 197 35 78 132 108 38 139 188 138 
167 7 147 196 124 68 26 159 176 
53 
164 

