4 142 182 152 15 47 85 147 196 18 183 3 173 29 113 117 125 52 129 144 41 121 123 115 33 158 66 93 60 185 64 39 83 
153 92 195 37 199 14 5 197 180 190 25 10 46 138 186 77 134 95 90 87 50 79 178 70 82 154 96 76 1 157 75 30 67 
28 48 57 156 24 7 124 68 167 59 94 168 188 65 21 111 198 101 192 80 55 116 174 13 11 
162 163 84 181 200 103 61 171 69 176 191 122 110 44 137 194 126 107 81 17 34 193 2 141 97 36 
140 131 100 9 6 49 63 132 62 35 105 187 51 189 74 106 22 71 145 91 73 135 8 19 120 146 148 175 
54 179 155 45 56 128 99 53 32 108 38 139 150 109 114 166 
165 12 177 127 78 136 119 161 27 72 112 58 
133 31 169 43 104 164 159 170 130 86 
102 172 149 89 143 98 151 160 23 
42 88 40 16 118 20 
26 184 

