4 92 140 142 15 183 147 169 195 143 59 179 98 119 161 20 135 186 64 166 129 106 144 9 194 145 177 65 151 74 173 82 96 66 29 33 69 1 34 153 93 19 10 122 5 200 110 116 148 51 16 174 165 32 
54 100 48 172 149 127 43 184 160 21 114 52 198 101 95 90 55 121 123 115 158 70 91 102 76 193 141 185 89 139 117 81 67 30 12 88 97 175 120 150 162 103 36 18 80 
28 47 42 7 24 124 14 197 132 171 78 26 159 130 187 27 111 22 87 50 137 107 126 13 11 8 2 60 157 154 17 39 146 83 
131 163 84 199 63 49 164 104 62 3 136 138 46 58 86 125 192 41 71 79 178 73 75 
182 37 133 57 31 40 196 68 180 25 170 113 191 176 189 134 
152 6 181 168 56 108 38 99 94 188 109 23 112 44 
156 155 45 85 105 118 72 77 
167 35 190 61 
128 53 

