139 165 100 37 133 15 7 147 56 128 99 108 38 46 113 189 86 101 74 106 41 90 29 64 79 5 73 153 174 11 66 88 177 33 173 157 32 122 135 39 179 83 175 17 69 89 9 12 65 151 
140 142 48 28 163 6 149 181 43 61 136 3 160 111 129 183 110 95 51 194 145 195 81 107 115 158 70 18 116 80 91 154 150 162 10 34 97 30 200 93 19 120 148 161 102 36 103 119 
4 92 54 42 199 49 14 124 78 105 171 130 138 20 77 58 191 134 117 192 71 87 137 121 178 126 16 13 82 96 1 76 60 185 141 146 67 
47 131 152 156 57 31 59 155 26 62 25 104 187 112 114 52 166 22 44 50 55 123 8 2 193 75 
182 84 169 40 45 85 168 143 184 72 176 21 125 144 
63 172 127 180 196 190 98 23 188 109 198 
167 68 24 132 170 164 159 27 186 
197 35 118 94 
53 

