174 154 182 6 131 7 156 102 68 147 45 171 3 187 72 189 125 86 148 51 93 41 121 151 119 12 11 13 88 97 2 5 200 16 195 29 173 177 139 39 146 103 110 183 80 179 64 175 135 89 
4 142 47 100 15 169 40 24 124 36 120 10 164 104 21 160 166 58 134 18 90 95 116 19 123 115 158 81 82 33 65 74 117 32 9 1 153 150 165 30 162 67 34 69 122 17 
92 140 42 128 85 98 38 108 99 53 94 112 198 111 22 101 192 87 50 194 55 79 73 70 66 76 96 60 185 141 91 161 83 
28 48 84 172 197 168 56 184 138 186 77 129 106 71 145 178 126 107 8 193 157 75 
54 37 63 49 35 78 43 190 61 130 113 114 52 44 137 
163 57 133 31 196 62 170 26 25 20 159 46 191 144 
152 155 59 132 14 105 136 27 109 
167 199 118 127 143 188 23 176 
149 181 180 

