174 97 54 140 12 177 155 49 180 196 161 162 27 114 112 52 198 106 192 151 154 145 51 121 158 119 74 165 82 173 139 66 33 81 195 34 122 10 19 93 5 135 146 83 200 80 120 110 102 
142 4 92 150 28 163 48 156 31 128 59 9 3 78 136 29 21 58 113 22 144 71 41 50 55 79 115 11 69 13 96 8 60 76 2 193 141 185 64 153 183 16 18 117 32 65 88 175 17 89 36 
103 131 182 167 199 118 171 98 184 130 109 189 125 86 166 101 87 194 137 107 178 73 91 179 1 116 148 39 67 30 75 
100 84 133 147 68 7 124 40 108 53 188 176 138 186 129 90 44 95 123 126 70 157 
47 57 15 169 63 35 181 62 164 104 170 25 26 159 46 20 77 191 134 
37 149 172 42 197 45 143 38 99 94 160 23 72 111 
152 6 24 85 43 132 190 187 
127 14 56 61 
168 105 

