142 92 4 47 156 63 181 56 53 168 38 23 188 21 52 86 58 144 90 137 123 141 1 30 75 
64 150 28 120 5 42 169 167 7 40 171 132 78 26 159 19 46 20 77 138 81 32 74 106 192 9 173 51 179 102 153 162 33 158 70 65 151 60 34 185 93 135 97 69 17 177 139 119 154 103 116 36 18 195 161 16 
54 48 182 149 197 99 98 94 160 112 114 166 129 125 101 22 41 50 145 126 80 178 73 13 96 8 76 2 193 122 12 89 39 110 148 83 200 67 175 117 
140 131 57 199 14 49 124 180 43 196 3 136 190 184 187 130 72 27 111 198 44 10 87 79 55 107 115 11 88 82 66 91 157 29 165 183 174 146 
37 100 163 6 24 172 62 164 104 35 25 170 176 191 113 189 134 71 194 121 
15 152 133 147 155 108 45 143 105 109 186 95 
84 31 128 85 59 61 
127 118 
68 

