47 54 140 24 156 63 43 108 38 171 187 130 46 138 198 101 150 87 126 183 70 16 11 2 141 200 185 120 19 177 
48 37 155 128 78 3 32 188 23 112 160 86 125 144 41 90 91 9 178 103 
174 28 131 102 15 149 169 68 170 105 20 186 129 22 106 89 97 122 10 116 80 161 33 158 74 96 148 36 1 88 173 81 29 154 135 67 34 12 151 
142 100 152 57 31 7 196 14 190 184 94 21 113 58 191 44 95 71 137 123 115 73 66 82 60 76 93 165 65 139 30 83 
92 84 6 110 147 59 118 25 189 114 52 145 107 55 8 75 175 
4 182 163 133 167 85 168 104 111 166 134 192 50 194 153 79 121 17 13 69 18 179 193 157 117 119 195 64 39 146 5 162 51 
199 181 172 62 197 35 164 159 26 176 72 27 
42 49 124 40 143 45 56 53 99 109 
127 132 98 180 61 136 77 

