142 92 4 28 163 57 182 169 199 17 78 132 61 184 161 119 114 189 125 109 86 81 129 22 162 69 71 91 148 116 179 153 117 195 32 82 165 177 120 5 19 200 89 135 34 174 88 97 175 36 110 29 
140 54 48 131 152 15 167 7 172 181 62 190 159 20 46 138 77 186 93 51 80 18 183 90 44 95 145 151 65 107 178 150 11 8 10 193 2 76 1 60 141 185 103 39 146 83 16 9 12 139 74 33 154 64 
122 47 156 24 102 49 14 43 104 35 164 136 27 187 52 134 144 87 41 194 50 55 79 115 158 70 96 173 157 30 75 67 
100 37 42 168 128 45 108 56 98 188 23 112 58 191 166 101 106 192 137 121 123 73 13 66 
84 6 40 133 124 180 196 68 3 130 171 176 160 21 198 126 
63 155 118 127 143 53 94 72 111 
149 59 85 99 38 113 
31 147 197 170 26 25 
105 

