142 36 48 54 57 161 156 167 51 14 132 190 46 77 191 29 173 9 80 44 148 95 183 194 195 65 121 115 12 158 89 17 13 8 122 120 10 135 93 103 110 119 16 154 150 117 32 33 97 162 64 175 34 5 19 
140 92 28 163 100 37 155 85 40 108 168 99 94 187 52 112 129 101 106 179 90 41 81 55 177 165 107 126 70 91 116 200 76 96 60 2 1 185 153 39 146 30 69 174 88 139 151 74 102 18 
4 182 152 131 133 31 169 43 98 143 53 23 160 111 134 144 71 87 137 79 123 11 82 66 193 141 83 67 
47 6 42 63 197 149 62 35 170 104 25 20 26 159 176 114 58 192 50 145 178 73 157 75 
15 49 59 45 56 78 171 136 3 72 130 186 138 166 86 22 
84 172 199 127 180 196 61 38 113 21 189 125 
24 7 124 181 164 105 188 109 198 
147 128 118 184 27 
68 

