54 163 57 182 181 132 14 78 108 188 113 191 176 186 144 90 41 79 55 126 73 200 66 76 157 139 81 154 16 110 17 30 175 
140 100 156 133 119 147 149 120 62 105 159 20 130 72 86 129 52 106 117 64 145 51 102 93 115 13 11 82 19 10 34 179 32 39 83 
47 42 155 85 56 61 190 91 184 136 46 77 166 33 174 153 50 123 121 60 146 75 
135 152 15 49 124 169 196 180 161 3 23 38 160 27 111 198 22 101 192 71 137 194 88 107 29 12 158 74 80 103 193 2 185 9 
4 142 92 131 48 28 199 84 127 45 53 99 171 187 138 21 134 58 150 44 87 97 122 116 178 70 162 96 8 69 1 141 5 148 18 36 165 173 89 67 195 183 177 65 151 
37 6 24 40 43 35 104 164 25 170 112 125 189 109 114 95 
63 197 172 118 98 94 
167 7 68 59 143 26 
31 128 168 

