48 163 47 37 127 97 164 78 159 25 109 125 189 101 86 87 89 41 194 116 145 178 107 32 74 82 96 135 122 193 200 12 151 81 39 75 67 150 93 
140 100 42 6 24 68 169 170 171 188 176 191 114 144 90 121 123 115 70 141 60 146 19 83 
92 4 10 63 64 199 118 98 190 136 46 20 77 134 129 22 95 148 117 50 165 55 79 162 154 33 13 66 88 1 76 2 36 9 65 173 91 51 18 179 153 183 119 161 102 29 
142 54 28 131 156 15 167 7 40 143 56 128 3 187 138 166 198 106 192 71 137 103 80 110 126 195 158 11 8 17 177 139 174 185 5 120 69 30 34 16 175 
182 152 133 147 57 85 45 180 43 184 61 72 130 113 21 52 44 73 157 
84 149 124 14 62 35 94 160 27 58 
155 59 31 168 53 99 38 108 23 112 186 
49 172 197 181 132 104 26 111 
196 105 

