140 142 100 37 54 24 156 124 68 147 190 180 105 27 189 125 106 44 95 41 50 55 126 73 158 195 64 66 76 157 
93 122 5 42 36 169 153 135 164 104 136 173 117 23 86 21 139 166 119 101 80 137 79 12 89 69 13 8 82 96 2 193 19 18 120 200 39 146 83 154 91 65 81 
150 92 4 28 163 131 152 48 7 128 108 183 25 20 46 113 129 97 192 194 121 123 107 70 179 102 161 16 165 29 17 60 141 185 174 177 9 67 30 88 110 116 148 32 151 
47 182 57 6 49 127 40 56 94 53 188 112 109 160 114 52 22 144 90 145 178 115 11 74 33 1 103 51 10 162 75 34 175 
15 133 85 31 14 78 132 171 98 187 176 191 186 134 58 87 71 
63 172 181 197 149 62 118 159 130 138 77 
84 199 155 59 43 196 3 184 61 72 111 198 
167 143 45 168 99 38 
35 170 26 

