140 54 142 131 161 57 167 148 179 7 124 170 122 93 102 19 5 166 22 44 110 18 153 139 177 65 151 117 55 81 107 29 115 16 119 135 96 154 150 141 185 120 97 174 17 75 12 89 173 195 200 103 36 116 91 
4 48 92 63 199 128 168 61 130 114 112 129 86 33 165 192 90 137 121 123 10 162 82 9 66 76 1 60 80 183 39 146 30 67 64 69 34 88 175 32 74 
100 182 152 156 133 147 68 132 14 98 108 94 99 160 23 27 111 198 106 95 41 145 79 126 178 51 70 158 11 8 2 193 83 
28 84 42 172 127 197 62 104 35 26 136 46 20 77 191 134 58 101 71 87 194 50 73 13 157 
47 163 6 24 169 31 45 85 56 190 184 3 171 187 138 21 52 125 144 
37 155 59 180 43 38 53 188 176 113 189 
15 149 49 40 143 105 118 159 72 186 
181 164 78 25 109 
196 

