162 48 4 119 152 156 7 91 167 196 14 153 105 46 20 10 77 122 97 191 174 64 154 139 106 179 90 200 88 121 161 51 148 116 18 36 19 5 34 89 9 33 157 173 102 183 39 83 93 135 17 177 103 120 150 
142 47 28 163 57 49 68 45 128 108 56 38 184 72 114 189 112 109 22 44 80 41 87 74 117 107 55 81 16 195 70 11 69 66 76 2 193 32 146 110 175 12 29 165 151 65 
92 100 54 182 37 85 170 136 25 166 21 134 58 144 71 50 137 123 115 158 8 13 82 96 1 60 141 185 75 30 67 
140 131 15 24 59 31 143 168 99 53 94 188 113 176 186 101 192 145 194 79 178 126 73 
6 169 63 172 43 171 78 3 159 187 125 86 52 129 95 
84 149 42 197 35 181 164 132 190 130 138 198 
155 147 40 180 62 26 104 27 111 
199 127 124 98 61 23 160 
133 118 

