4 182 152 131 156 15 183 167 169 85 31 98 61 190 171 21 160 112 44 162 90 41 17 33 123 115 158 70 96 157 177 29 34 146 67 30 12 89 175 110 
54 100 37 57 133 155 180 196 78 105 20 138 186 5 166 97 119 192 50 137 55 165 150 151 65 66 76 141 193 185 117 39 93 83 148 
43 2 154 120 19 74 
140 92 142 42 63 49 128 104 26 135 187 125 189 109 114 86 106 101 71 88 87 194 16 161 195 107 121 73 179 18 51 91 81 60 1 69 9 32 173 139 64 174 153 102 103 122 10 200 36 80 116 
47 84 6 149 172 197 127 118 62 170 25 77 27 198 129 22 144 145 79 178 126 11 13 8 82 75 
48 163 28 24 40 147 168 108 99 38 136 72 113 191 58 134 95 
181 14 132 164 35 159 184 46 52 
199 7 68 124 56 94 53 23 111 
45 143 59 3 130 188 176 

