140 54 182 119 100 163 49 172 5 10 181 35 62 171 154 20 138 191 58 113 166 153 44 95 80 50 74 194 55 107 126 102 117 32 33 12 89 96 150 93 185 17 9 139 174 83 200 103 36 64 97 34 175 110 179 18 51 
142 4 92 131 152 15 48 84 127 143 98 78 135 130 160 21 195 69 88 177 122 123 19 73 82 193 2 76 60 1 141 116 148 183 173 151 165 81 162 120 65 29 16 
28 37 57 133 6 149 68 190 108 53 38 23 112 186 101 90 145 121 115 158 91 70 66 157 161 39 30 75 67 
47 156 147 31 128 85 45 105 136 72 27 114 86 129 22 144 71 87 41 79 178 13 11 8 146 
42 199 155 40 180 43 104 25 159 46 187 134 106 192 137 
63 197 118 164 170 26 77 52 198 
169 24 167 132 196 61 184 3 176 189 109 125 
7 14 124 59 168 94 99 188 111 
56 

