142 4 48 57 152 6 167 196 124 61 78 20 159 176 191 21 114 52 129 22 192 87 137 121 107 126 73 141 60 67 10 175 88 
28 47 163 182 7 24 49 197 5 170 104 26 62 187 113 135 186 138 200 101 41 194 50 33 79 162 161 70 51 16 19 193 76 69 185 93 39 18 83 91 81 64 102 165 
153 110 131 42 149 40 133 147 56 108 190 184 3 12 23 109 125 134 106 95 116 145 154 36 178 195 173 139 17 8 13 82 117 32 151 65 177 74 9 34 120 103 146 122 150 89 29 119 80 148 179 183 174 
140 54 92 100 37 15 63 118 38 99 46 166 86 44 71 55 123 115 11 66 96 2 1 157 97 30 75 
156 84 85 128 168 98 171 130 72 27 111 198 144 90 158 
172 14 169 43 180 68 136 188 112 189 160 58 
155 199 127 143 59 53 94 77 
45 31 132 25 
35 181 164 105 

