131 57 133 24 149 127 118 105 184 113 191 114 106 22 95 44 41 79 55 141 151 39 83 
4 31 59 104 35 159 176 72 86 21 52 192 50 64 33 13 65 18 162 177 173 110 116 
174 100 92 163 6 42 14 196 43 38 94 188 139 130 186 138 93 153 129 148 91 16 51 145 32 121 17 115 70 80 179 119 12 97 1 185 195 29 30 88 75 175 36 103 200 120 135 
28 142 161 112 23 81 66 5 102 
182 37 152 167 15 124 147 40 108 56 98 190 136 111 27 198 19 90 87 89 194 178 107 73 10 96 8 76 60 2 122 193 34 69 165 117 74 
140 54 47 48 155 132 180 68 3 171 26 20 46 189 125 109 166 101 144 71 137 123 126 158 11 82 157 183 146 67 150 154 9 
156 7 45 85 128 143 99 168 53 160 58 134 
169 49 63 172 197 62 78 61 187 77 
84 199 181 164 170 25 

