172 5 62 26 159 46 138 79 
45 56 108 165 85 188 29 166 174 8 1 60 75 
140 88 87 137 123 13 2 141 185 
84 199 127 118 105 69 176 113 191 58 134 97 
173 112 109 189 125 128 33 66 
182 57 40 16 98 119 161 72 126 
156 102 183 15 179 7 110 36 
153 49 14 47 200 103 90 44 116 148 
143 160 53 101 74 41 158 
162 170 25 10 20 186 135 96 
48 180 124 43 3 136 
89 21 139 115 121 17 30 67 
169 152 167 27 22 129 55 81 107 82 
23 117 38 32 114 86 194 154 
142 24 196 184 190 51 111 145 95 83 39 
131 18 68 61 198 91 80 178 93 193 19 146 
54 9 12 155 144 71 11 64 
28 6 132 78 34 76 175 
42 197 181 164 104 35 77 122 73 120 
4 92 195 133 147 52 31 106 70 
100 37 59 177 65 168 94 99 151 192 50 157 
163 63 149 171 130 187 150 
