140 32 138 52 24 
117 5 25 180 28 
175 9 
55 150 137 68 79 
112 2 8 76 42 
7 41 182 75 
63 44 36 3 86 131 130 116 91 
89 164 65 43 
13 104 95 58 127 77 
157 93 199 133 195 160 11 49 27 61 
87 161 48 21 126 148 119 
158 50 66 156 172 197 
46 54 151 125 114 39 97 
73 30 34 98 142 128 59 
37 29 96 174 
60 38 84 90 83 45 
132 18 14 165 124 169 53 192 200 
196 152 99 62 194 118 88 183 105 
155 67 80 64 109 167 179 190 
188 184 153 166 33 144 186 70 
120 51 176 69 134 154 
72 147 135 56 107 
57 173 100 136 159 10 
35 121 111 
149 81 143 113 31 185 103 
1 26 123 139 187 122 17 40 
20 163 6 189 177 102 198 
106 85 94 12 19 178 23 22 47 82 74 108 
145 115 16 162 171 170 78 
4 15 71 193 129 141 191 110 
168 92 146 181 101 
