62 192 150 38 154 172 51 189 188 108 
48 20 171 11 132 49 117 67 158 
124 88 114 159 140 63 37 81 15 198 
44 147 113 82 174 136 42 74 149 
131 103 129 13 190 100 52 138 56 
50 197 168 23 126 167 110 183 
164 65 141 120 76 53 139 92 59 
60 36 93 21 79 105 28 195 39 
101 193 25 160 86 94 200 162 179 107 
27 104 161 186 151 16 71 72 95 99 
78 144 175 84 128 17 34 130 109 
45 178 146 180 57 184 9 1 187 
83 3 170 134 112 29 77 64 123 
148 24 173 196 163 97 96 87 111 
41 19 133 122 2 33 125 4 121 
30 55 135 119 35 18 181 7 157 142 
182 75 115 32 43 145 137 
118 58 199 26 40 127 98 
116 102 6 80 85 14 89 
166 177 194 31 69 106 
12 73 155 5 46 176 165 90 
10 191 143 66 47 70 61 
8 22 91 68 169 
156 152 54 185 153 

