144 141 33 168 77 64 162 59 
62 173 116 147 47 51 174 89 81 63 
120 112 148 163 182 74 157 137 53 
114 69 193 34 98 15 107 
103 191 83 16 169 42 87 92 149 
45 118 13 54 18 200 28 109 
48 86 190 166 14 105 52 123 
60 46 164 115 128 139 95 99 
55 133 26 178 38 106 158 138 183 
150 8 185 151 68 90 29 110 39 
171 5 10 36 71 17 142 111 56 
32 143 170 196 2 121 188 198 
129 80 6 176 180 127 195 179 
135 177 35 76 65 96 117 49 
113 19 30 146 102 100 85 24 67 130 
12 21 134 44 131 4 140 187 
197 27 57 58 186 165 1 108 
101 84 94 31 97 9 136 189 
155 73 175 66 154 91 25 
104 184 11 160 124 172 72 
119 161 88 159 126 153 145 
78 20 41 50 156 194 199 181 
23 40 152 192 79 3 37 
75 43 82 125 122 167 
93 22 132 7 70 61 

