62 192 80 36 128 89 81 138 99 
124 82 13 112 14 64 42 63 
86 197 148 139 169 4 121 59 
55 154 65 91 200 7 49 179 
18 131 134 151 39 162 15 149 
83 101 199 150 100 9 181 157 142 
48 26 88 132 16 188 165 110 158 
155 175 84 10 77 122 34 28 74 
170 196 54 143 43 2 90 17 123 
31 85 160 103 140 137 111 109 
116 66 118 113 11 172 25 195 92 183 
190 185 104 163 53 167 95 56 
114 159 22 71 6 69 96 136 189 
173 12 135 44 76 97 145 29 105 107 
27 50 23 38 58 184 98 67 108 
193 93 133 102 115 72 187 
57 60 127 177 33 174 130 198 
73 5 176 68 30 168 79 52 117 
78 120 21 166 186 24 87 
3 144 45 20 46 125 106 
129 147 152 41 40 194 37 1 
119 156 182 161 94 
19 164 32 171 47 70 51 
178 8 126 146 153 61 
180 75 141 
35 191 

