156 35 80 76 199 37 137 188 108 
170 135 44 115 122 95 138 99 
84 141 192 121 130 52 56 
41 19 75 38 8 98 117 157 28 59 
119 118 176 10 43 136 174 109 53 107 
20 124 94 31 112 89 145 105 111 183 
164 177 68 163 2 9 187 63 
120 50 5 128 34 64 96 142 198 
21 143 126 30 70 162 100 179 39 
113 58 175 78 18 184 181 17 123 
101 66 85 54 132 33 72 189 
60 191 12 129 4 125 1 81 158 
155 134 93 88 185 7 106 15 149 
45 178 133 48 61 110 153 169 87 195 74 
86 147 91 116 11 46 36 140 49 
65 190 180 104 79 29 42 92 
32 25 197 40 97 14 77 67 
73 160 171 148 173 194 139 
55 161 127 168 69 167 
131 182 23 200 151 71 
26 152 159 144 196 24 165 
193 83 47 146 22 16 
62 102 3 186 103 172 
27 57 82 6 13 51 
150 166 114 154 90 

