133 20 36 5 84 191 122 17 15 149 
129 160 135 106 99 42 87 105 123 
55 8 112 29 124 172 77 92 198 
102 19 48 148 154 100 7 138 137 107 
116 144 43 150 71 72 121 188 158 
170 152 126 57 176 139 167 34 109 
23 31 143 200 90 165 49 183 
166 180 147 33 132 96 110 74 
93 12 30 146 35 81 53 1 108 
50 134 192 68 14 153 37 187 157 142 56 
83 175 54 184 161 3 16 140 28 59 
21 38 177 194 94 174 136 179 
118 85 46 18 127 181 67 162 
44 114 82 125 193 24 130 89 39 
113 119 104 88 40 169 25 64 189 
66 155 101 120 196 97 52 195 117 63 
86 103 32 115 69 168 79 111 
178 41 65 10 6 2 9 95 
73 45 13 164 173 70 145 
27 58 128 11 199 4 
60 26 75 182 163 98 
131 80 151 186 91 51 
171 47 156 141 76 
78 190 62 159 22 61 
197 185 

