44 113 194 50 31 172 24 87 123 198 
171 147 190 35 37 184 7 17 39 
166 180 191 185 140 3 98 142 111 59 
55 159 54 104 120 122 105 188 108 
85 13 36 112 168 174 110 99 
144 22 38 170 94 15 137 63 
82 176 186 68 199 89 42 179 
133 192 60 193 14 79 29 130 28 74 
57 177 116 25 76 90 52 149 
161 118 148 129 91 51 67 158 
178 155 26 153 131 167 9 1 138 49 
8 84 141 115 100 95 53 
88 163 19 102 132 72 121 107 
41 45 47 65 154 43 109 64 56 
30 124 126 119 46 2 157 117 183 
78 143 40 150 18 127 16 162 
114 182 75 23 145 69 200 136 189 
10 5 6 80 197 139 77 81 
62 12 32 61 11 70 106 187 
73 160 175 93 58 151 71 195 92 
20 173 135 21 97 196 165 34 
27 83 134 156 125 181 
48 86 152 103 169 96 
164 66 101 146 128 33 4 

