161 54 83 146 33 189 123 
131 129 164 66 32 115 122 17 142 56 
190 144 48 41 124 61 139 92 
104 192 23 194 112 169 172 89 198 59 
78 159 50 85 77 199 81 95 158 
116 12 171 31 68 37 137 9 108 
5 178 120 126 166 167 100 28 74 149 
118 84 148 65 103 105 67 109 
19 93 127 150 55 90 2 64 111 
45 102 101 75 163 182 165 138 99 
119 184 185 132 13 6 25 87 42 
147 135 10 191 94 174 136 162 
30 36 176 80 96 14 29 195 179 
113 73 154 24 26 200 51 1 53 39 
86 40 114 18 181 106 110 183 
134 156 35 143 57 121 125 130 15 
133 175 22 38 3 151 71 34 63 
82 180 152 141 197 145 52 107 
21 155 76 168 70 4 117 49 
27 170 153 196 58 97 16 157 188 
60 8 62 193 128 72 187 
44 177 88 20 46 7 140 
160 47 11 43 173 69 
91 98 186 
79 

