44 8 186 143 1 187 123 15 179 
3 93 175 196 112 169 198 64 39 
119 135 192 147 14 111 140 138 49 
129 114 101 130 136 139 17 99 53 
20 85 25 54 68 79 34 188 108 
120 170 50 156 194 121 2 100 162 109 
23 43 24 200 47 94 149 28 74 
65 171 21 182 145 174 117 107 
116 103 141 104 18 125 4 137 63 
78 197 12 11 6 9 71 7 81 183 
57 10 13 146 185 132 16 157 59 
27 173 154 48 152 105 29 52 195 89 189 
134 75 83 180 84 72 167 56 142 
159 35 144 160 172 37 110 158 
118 166 97 62 96 61 165 67 
41 80 184 191 70 51 95 
5 60 190 66 31 33 42 92 
178 102 40 45 82 199 87 
58 177 22 19 30 76 90 
113 38 26 32 86 115 77 
148 164 91 73 161 151 181 
155 150 55 88 127 126 36 
133 131 193 69 124 122 
46 176 128 106 153 
163 168 98 

