119 131 6 172 41 51 105 42 59 
84 58 173 154 31 90 34 179 
113 144 159 150 21 79 200 81 198 
30 133 152 186 71 167 33 188 17 
120 196 116 182 112 168 96 195 189 
73 129 3 192 85 2 107 183 111 
18 43 46 47 14 130 29 56 
78 155 66 160 45 25 122 139 52 63 
82 5 151 121 128 74 138 49 
143 60 10 184 98 199 142 67 158 
178 54 135 177 16 61 72 95 108 
8 69 23 76 77 110 39 53 
164 190 75 38 127 157 1 99 149 
88 126 11 40 153 89 100 92 123 
147 118 83 32 124 37 140 187 
148 24 146 19 191 36 165 28 
44 80 50 185 97 15 87 136 
62 170 161 104 57 125 4 137 117 
166 180 65 141 197 174 64 162 109 
101 13 102 103 86 70 9 
26 193 175 176 169 145 
12 171 20 156 163 194 7 
27 93 55 114 22 181 106 
48 134 91 68 115 94 
35 132 

