73 116 32 86 40 112 79 89 28 162 
134 182 101 43 65 174 64 138 183 
102 115 164 50 199 7 137 142 
193 8 177 143 33 9 195 39 
41 85 106 150 168 87 100 
55 175 44 27 194 96 92 
113 131 126 154 141 76 81 198 
10 152 93 196 153 16 157 49 
38 19 26 148 125 
119 118 145 14 47 200 
3 186 180 57 69 167 
156 54 71 46 51 
135 176 163 158 
173 82 91 121 
66 146 171 191 
21 151 6 127 111 140 63 
78 172 17 
88 20 24 98 188 108 
48 22 155 130 165 72 1 
144 5 11 170 42 107 67 
75 68 124 103 
161 36 147 61 169 123 53 
160 4 94 2 34 15 
45 178 83 197 122 99 179 74 
58 114 97 192 190 37 
23 35 18 84 128 90 136 
80 60 166 185 184 56 187 59 
133 104 31 29 70 77 105 
30 12 13 62 120 95 139 110 189 
129 25 132 159 117 181 52 109 149 

