118 38 154 84 95 157 138 63 
12 48 192 14 18 7 81 28 56 
178 148 171 128 121 49 64 17 149 
116 129 160 45 170 3 181 1 198 
134 115 88 100 29 195 123 
26 57 105 
131 166 35 24 23 89 145 130 158 
32 146 98 16 199 139 67 162 
62 78 104 85 196 76 9 137 
30 55 168 194 70 99 140 187 
155 175 31 177 186 72 4 15 59 
5 133 40 21 50 112 92 87 108 
103 19 93 8 185 132 34 107 183 
27 191 43 141 91 61 109 74 39 
161 36 152 163 182 90 110 53 
119 80 6 126 47 122 52 111 
164 75 159 150 22 169 77 136 
190 65 94 124 200 2 167 188 117 
41 173 102 101 120 96 79 42 189 
113 143 114 184 97 153 174 179 
44 144 83 82 180 13 172 142 
197 135 58 54 127 71 37 
20 25 11 147 51 86 165 
193 10 176 46 125 69 106 
73 66 68 156 151 33 
60 

