158 78 192 149 5 117 27 33 153 56 164 
45 110 68 160 51 186 179 197 75 
73 115 109 8 52 101 
4 15 9 91 79 31 168 161 53 98 58 141 
196 77 173 104 48 137 28 148 154 105 
81 30 90 103 24 65 40 122 20 
64 199 14 21 32 159 183 59 138 46 
87 85 38 34 181 120 172 86 80 107 
155 166 147 89 43 66 194 112 
3 55 119 7 
63 121 165 76 23 26 
140 10 114 162 171 100 177 151 135 
176 92 163 95 29 174 74 175 54 
97 106 22 37 130 195 41 152 57 198 
150 157 83 189 84 94 178 18 
71 131 134 113 200 42 99 
188 70 191 12 47 19 116 11 156 16 146 35 
60 88 1 17 142 136 102 127 39 133 
129 167 124 169 44 69 187 49 61 
132 67 180 93 170 111 13 
184 72 36 6 96 190 
145 143 185 2 139 50 128 82 
25 182 144 193 125 108 118 62 123 126 

