155 45 32 165 69 146 122 156 143 168 119 164 
180 38 163 62 173 118 96 82 193 135 
67 64 188 117 25 5 27 120 26 112 
138 194 198 22 89 186 157 158 41 7 113 126 
81 184 94 175 9 181 172 142 
132 115 77 102 189 167 65 
106 15 14 171 51 187 124 1 176 
145 92 109 116 37 
63 199 86 150 28 179 161 
195 34 95 6 29 166 
153 11 21 185 101 87 105 60 57 152 
56 33 70 12 90 53 16 42 31 18 55 
30 128 148 162 2 170 40 154 149 75 
140 72 71 43 54 79 66 91 108 52 134 
99 47 191 61 139 123 17 24 
78 46 19 84 159 177 20 10 114 
110 39 48 58 100 104 4 147 133 36 
160 103 192 98 136 169 50 130 131 137 
107 182 3 68 144 85 111 83 74 127 
80 49 8 88 59 44 190 129 151 
196 73 174 183 178 141 93 97 13 35 121 
125 23 200 197 
76 

