91 67 158 108 125 84 57 159 200 165 120 
9 24 92 81 59 111 70 75 
167 71 192 149 21 11 86 
155 36 169 90 175 
73 196 97 41 139 176 2 17 161 122 62 
28 188 85 195 116 131 134 83 173 13 
53 115 109 96 46 126 124 
72 94 34 95 98 1 31 
30 162 26 61 
132 14 55 50 76 118 179 
114 182 170 107 
145 164 58 163 102 136 47 100 
106 65 49 66 
110 137 117 
15 199 150 33 193 12 178 19 191 105 88 
99 10 157 25 51 113 35 40 143 197 
151 56 127 144 148 123 185 146 101 112 
138 32 79 60 89 77 177 194 187 78 
39 198 189 171 48 45 42 168 44 
152 68 80 93 147 129 22 174 119 64 
103 172 54 43 
16 156 181 20 5 160 
63 8 6 23 82 104 186 
140 180 3 135 153 37 4 74 52 
184 130 128 29 190 
141 166 142 38 183 121 154 7 27 133 18 69 87 

