155 120 150 88 192 35 62 108 4 72 119 176 
45 196 38 102 114 87 134 156 66 137 61 69 146 1 
140 24 32 2 26 36 180 64 28 91 12 85 141 70 
138 30 198 22 58 94 125 174 83 54 188 93 27 195 117 
145 187 168 169 173 136 189 23 29 151 39 53 
175 15 167 157 80 25 86 143 79 154 97 82 
149 132 7 67 160 130 166 193 43 107 179 33 186 153 135 
144 71 133 8 123 139 148 81 152 183 
124 115 122 165 14 121 98 47 74 104 59 
63 92 163 100 170 40 42 161 101 60 46 
49 3 68 6 20 142 112 164 89 147 
65 21 171 105 111 56 190 129 9 
48 11 50 126 118 159 37 41 55 197 
106 185 16 194 177 96 52 77 
199 128 17 181 78 113 31 51 18 44 
73 110 103 34 99 90 84 19 178 182 
184 191 158 5 131 57 13 10 127 
162 76 200 75 
95 172 
109 116 

