174 113 194 149 118 183 19 110 108 24 87 14 
132 73 164 151 144 93 117 44 33 141 91 
32 173 90 99 8 81 168 130 49 133 147 
30 53 161 122 59 191 94 179 114 198 
106 180 5 185 129 96 56 41 7 36 
196 192 142 98 146 156 25 167 54 9 55 
145 16 115 163 12 46 45 11 176 18 
69 31 66 51 78 169 2 128 20 138 47 104 
165 124 88 57 22 127 189 136 23 137 195 135 
155 48 193 186 37 13 200 101 175 39 
184 199 27 109 60 62 40 123 148 1 
140 15 71 65 77 102 6 42 21 157 
67 3 64 17 170 187 160 131 126 
63 28 105 125 84 172 119 72 
121 154 162 143 159 197 
158 34 116 190 
97 82 10 35 171 139 120 150 80 166 43 89 
134 26 92 38 178 4 111 103 58 
86 68 153 177 74 52 75 
107 79 50 61 182 188 85 70 29 100 112 152 83 
76 181 
95 

