91 77 34 128 35 148 185 17 21 156 
63 164 90 143 25 28 27 61 146 161 192 
140 73 60 97 150 44 195 109 93 179 110 88 
132 67 103 19 178 105 154 78 26 4 43 
85 45 101 31 2 181 121 183 32 47 82 58 141 
145 152 81 149 175 46 142 118 189 98 165 
106 12 94 114 104 87 48 113 18 41 117 86 
188 71 180 36 37 138 194 169 69 120 158 
155 147 182 139 187 122 173 65 54 144 186 33 
137 56 89 198 20 6 102 10 40 123 59 
130 64 79 66 168 51 11 172 55 5 160 49 
13 83 62 100 163 16 170 50 131 80 107 
196 92 134 9 72 174 159 99 200 119 38 
166 193 151 76 24 22 74 197 14 1 
15 184 167 70 7 176 8 53 112 111 39 108 153 
3 125 129 191 23 127 57 157 135 
30 124 162 171 177 52 75 
126 95 84 29 96 190 
199 68 136 42 133 
115 116 

