145 48 146 45 194 34 181 2 187 168 165 69 156 79 
15 89 193 167 135 36 80 123 138 10 82 39 
24 87 92 14 150 117 86 66 111 38 98 178 22 174 
175 147 93 199 188 70 141 85 198 114 173 142 20 128 183 88 148 134 
196 62 30 127 37 125 157 107 29 74 119 25 
81 67 55 3 108 170 56 72 191 
155 182 44 26 171 185 83 90 102 189 104 32 105 149 
41 71 33 129 19 58 47 177 60 122 78 
73 4 112 16 195 113 154 7 91 
169 53 115 163 95 6 23 100 151 186 
110 106 12 57 51 5 49 172 137 153 
124 21 68 136 77 42 192 121 
35 97 17 162 76 130 131 46 65 43 
28 64 144 109 61 133 143 176 11 18 
132 27 166 94 118 40 200 52 75 
140 9 139 126 180 160 50 161 13 101 
63 59 152 99 8 103 1 164 179 190 
184 54 158 120 116 96 197 31 
84 159 

