132 44 53 16 187 192 87 102 12 97 45 
46 130 176 8 98 159 200 62 104 59 
20 162 123 118 96 166 
15 163 6 70 197 
120 3 109 129 127 48 
165 115 90 136 72 180 27 
71 152 168 172 190 
63 137 7 19 39 47 69 51 86 64 
26 21 92 171 173 178 112 105 124 
199 99 1 94 88 57 
73 114 54 43 193 41 150 36 11 158 143 119 
91 135 24 174 100 142 23 22 65 93 25 
145 160 79 185 122 146 157 195 55 31 
141 17 34 84 186 179 154 9 
194 170 126 2 38 
169 78 60 76 103 80 28 156 147 175 
32 13 82 188 14 116 40 
108 56 68 49 164 111 153 
106 133 29 
196 89 148 37 83 101 18 183 138 
30 198 33 125 182 58 128 
67 95 177 74 
184 161 189 75 
191 144 167 81 61 85 52 35 121 
140 113 110 149 42 117 
77 
155 139 50 66 131 5 181 134 107 4 151 10 

