105 103 165 3 33 39 114 198 65 191 144 135 147 
196 32 138 152 146 123 157 141 151 197 79 
63 28 107 9 109 26 161 124 20 142 128 
117 126 134 12 104 82 127 52 59 97 
145 30 98 19 102 38 168 113 1 158 25 61 
155 199 68 137 173 84 194 111 99 149 139 
73 185 92 16 77 43 56 41 93 153 70 
110 178 174 112 116 5 50 21 53 
156 131 182 7 150 89 183 10 74 62 121 154 
175 67 18 66 120 24 81 100 88 2 48 
129 184 166 130 31 181 55 160 49 27 80 
143 115 17 90 6 37 83 108 119 72 
140 169 101 187 69 64 167 193 186 164 94 47 
106 188 162 171 118 177 58 13 60 35 
132 78 192 163 170 51 176 180 195 14 
91 36 44 8 122 148 86 11 133 4 22 
45 15 71 54 85 46 87 96 189 57 
76 159 200 40 75 
34 136 95 23 29 190 
125 179 
42 
172 

