45 15 147 182 150 36 11 79 44 117 179 33 193 186 144 85 43 
66 116 135 107 126 
108 196 83 138 32 99 60 87 69 156 50 180 27 195 49 119 175 4 56 
63 199 46 185 17 62 40 183 194 98 20 39 
140 102 37 198 114 95 189 100 200 52 19 
97 67 3 146 26 170 112 128 77 58 
1 8 115 162 171 181 127 74 191 
158 51 176 163 136 13 23 177 154 124 
59 73 174 82 55 160 80 166 164 22 91 
155 81 137 86 64 118 159 47 54 
149 103 161 92 38 125 167 78 16 2 
70 184 71 90 123 21 172 133 197 
9 18 25 68 76 142 29 110 57 
106 157 134 34 104 141 24 101 165 113 148 14 
132 169 187 88 6 129 93 61 5 
120 168 192 35 72 65 12 94 96 28 
30 178 105 7 143 31 48 122 53 121 
145 10 152 173 151 89 188 153 41 130 131 
139 84 111 42 75 
109 190 

