140 87 92 18 131 50 130 116 133 37 74 22 
9 4 33 71 186 72 135 25 176 124 39 114 152 
108 57 19 198 194 143 169 168 21 148 98 65 
154 113 175 193 129 54 141 89 58 144 44 79 
63 195 180 134 120 121 35 81 174 188 70 12 110 
132 15 184 47 182 11 14 172 5 80 41 
196 60 62 183 127 151 46 83 107 85 153 167 157 
101 2 115 162 76 170 40 42 103 165 156 
155 55 150 28 160 66 126 187 99 138 20 189 178 
106 88 45 163 136 84 118 111 77 52 
73 145 17 112 158 117 49 105 164 166 56 
36 69 68 149 97 181 86 185 
64 199 24 125 90 32 38 104 102 142 53 48 
26 51 3 7 100 128 200 119 43 
30 161 123 139 122 16 29 190 93 75 
137 67 31 61 109 27 96 94 13 
146 8 173 34 95 10 159 82 59 197 1 
91 147 191 6 179 192 
78 171 177 
23 

