145 19 57 171 134 1 25 133 167 153 186 
63 156 126 21 146 17 138 159 77 150 28 
50 131 112 102 100 96 129 61 
199 47 116 179 38 
16 115 2 27 56 69 197 75 
89 192 109 7 110 52 
80 170 190 
31 3 103 65 154 42 26 
97 67 124 35 163 136 45 51 11 91 72 
59 13 85 43 125 84 118 87 173 32 83 10 
86 121 161 200 
196 104 162 74 
151 15 71 93 88 139 36 5 14 
140 184 98 149 177 119 
132 66 117 120 39 142 193 135 
147 172 
155 180 157 166 37 60 137 41 168 
30 165 34 48 181 176 122 158 55 
24 18 44 130 6 40 152 4 54 
9 123 185 105 
99 194 58 127 90 187 79 144 
106 175 68 113 78 53 49 64 107 
108 174 178 169 76 62 23 82 29 33 
143 148 92 182 195 160 81 111 8 46 164 
101 73 128 20 189 198 114 95 183 22 12 94 191 141 70 188 

