155 15 56 175 164 109 28 11 116 179 197 81 
67 72 135 47 84 118 23 96 54 121 
88 48 92 97 178 65 129 29 127 33 166 
63 160 3 122 139 113 126 52 137 
192 50 120 1 112 200 193 
58 130 22 46 190 
73 191 141 94 167 150 49 176 26 168 187 
184 199 123 31 8 74 
163 136 124 151 194 
71 57 37 61 38 174 
132 145 13 133 21 103 77 
158 41 42 188 
161 125 177 7 
99 185 172 
105 169 108 102 173 90 80 86 165 148 
83 12 144 43 147 91 60 149 69 146 
36 195 93 27 143 170 16 40 51 75 
39 186 142 159 78 156 66 
196 152 68 117 131 24 9 153 85 55 
115 6 128 104 70 157 
182 64 14 101 34 95 19 107 4 110 59 87 134 
140 189 53 171 181 154 35 10 119 79 
30 100 162 76 2 17 45 111 98 198 82 
89 106 18 44 25 5 180 138 62 32 183 20 114 

