132 24 174 133 61 118 122 8 17 150 
63 185 92 173 105 181 103 172 107 43 
168 176 68 28 109 22 23 153 190 
140 129 60 90 95 84 135 93 180 25 36 158 
152 52 97 
13 104 58 189 87 134 31 78 156 50 55 197 
155 131 66 162 76 187 121 32 77 89 164 157 
106 110 178 128 163 170 123 147 182 80 
10 111 85 
184 71 69 51 117 49 81 154 88 183 38 
73 145 56 54 94 136 100 114 179 151 
30 113 1 45 108 116 42 35 120 
169 161 115 34 143 165 101 7 18 119 65 
67 83 194 125 191 82 142 192 79 
126 3 5 27 72 99 59 40 26 
12 86 11 130 188 29 96 74 98 20 149 
46 15 4 70 167 37 91 21 141 175 138 
39 166 144 193 47 6 159 177 112 16 48 
196 53 2 139 148 41 137 14 160 64 195 33 
9 199 57 127 198 19 102 62 146 124 44 75 
186 171 200 

