46 25 3 38 102 189 129 191 85 70 4 
51 176 34 100 136 84 151 65 28 
196 198 152 128 101 103 86 180 26 41 
62 20 122 21 35 177 178 74 45 87 197 
105 145 59 139 22 13 111 16 91 157 
56 79 14 89 12 32 99 121 161 185 69 130 117 
149 104 146 78 173 194 142 200 119 188 
132 141 33 144 107 10 118 159 114 47 58 75 
67 1 120 68 36 195 109 143 148 97 83 98 
184 44 175 31 113 123 53 50 61 64 
63 5 133 81 6 138 110 174 94 167 
66 11 131 169 192 2 170 153 190 193 9 
140 73 92 164 125 55 29 186 137 
165 168 48 88 76 160 172 60 183 57 
155 154 124 187 126 49 18 166 93 7 
108 115 17 162 171 156 135 27 147 80 
15 199 182 72 24 158 40 8 90 39 
71 54 150 19 77 127 82 37 112 134 
30 163 95 23 96 43 52 
106 116 179 
181 42 

