59 90 122 44 9 100 62 58 65 85 
132 155 123 152 136 95 188 151 56 12 32 
117 51 171 181 29 178 173 52 138 57 
87 73 37 77 94 6 118 159 82 183 161 
182 133 46 191 129 72 1 113 156 79 
145 16 115 149 84 142 21 50 180 150 
157 15 71 186 22 194 8 148 139 126 69 18 
106 43 86 55 166 96 74 119 75 
28 131 68 49 36 70 88 19 128 112 
175 193 198 34 54 89 167 179 93 45 
108 3 125 83 60 17 42 26 146 103 165 
114 47 141 27 64 116 5 11 66 176 143 192 
7 137 130 162 121 170 40 78 48 
184 199 25 107 134 111 200 187 
63 92 127 31 61 197 39 
30 76 23 177 144 
140 67 189 2 190 
196 163 102 38 104 81 
101 154 20 98 110 33 135 91 158 120 185 124 168 
14 41 153 195 4 97 10 53 35 105 24 
169 164 80 109 147 160 172 174 13 99 

