105 59 60 53 146 104 138 157 28 195 167 43 85 
103 143 69 158 149 109 131 39 22 127 57 
106 81 87 128 163 98 84 159 177 198 74 94 54 
97 56 154 13 2 134 120 36 133 27 93 107 
49 14 187 168 35 17 142 20 12 110 9 
175 15 71 58 47 136 189 178 45 113 139 
132 16 115 90 150 80 179 193 33 166 129 141 
30 31 21 156 176 44 25 61 66 148 26 126 
24 73 196 83 144 95 82 23 137 79 11 
70 184 199 55 88 183 48 121 50 86 180 
174 18 5 91 4 151 186 89 32 10 188 
135 160 68 1 118 29 101 52 19 
155 191 164 41 182 64 117 185 161 192 152 62 
145 8 92 112 34 78 172 72 190 75 
140 67 108 114 173 100 194 124 147 165 51 
7 63 3 153 116 123 42 197 46 
99 102 77 37 6 38 200 40 119 65 
130 162 171 122 181 169 111 
76 170 
125 96 

