106 104 194 128 122 78 168 48 46 149 35 
185 129 107 109 116 180 79 172 44 192 99 
7 63 28 64 76 24 29 178 43 72 
140 13 152 82 164 1 117 27 182 32 
15 71 20 136 161 50 86 49 
65 162 170 40 17 173 
145 92 163 157 96 74 
155 34 188 119 
112 30 176 135 61 166 5 
93 89 10 84 
199 14 105 124 137 
110 184 175 41 130 66 21 126 2 146 120 165 
133 147 154 121 142 23 114 59 19 69 
60 18 55 56 95 118 139 51 131 
53 115 125 77 22 141 90 31 113 
87 195 68 33 9 148 169 42 80 75 
38 101 123 171 81 179 193 190 
88 143 111 100 85 
132 94 12 54 181 150 167 160 
108 153 58 159 
47 
83 
73 25 6 200 62 
151 156 39 197 
158 26 
196 98 
3 57 8 36 
97 67 16 37 177 103 
187 11 91 52 
4 186 144 70 191 174 127 102 189 198 183 138 45 134 

