9 175 164 89 56 7 195 109 25 134 143 70 114 
67 3 50 26 156 187 146 165 103 138 57 19 
31 17 8 95 12 47 177 178 74 
61 117 21 162 122 35 169 172 190 
154 73 126 1 183 136 102 22 59 93 
106 15 144 94 4 36 69 81 192 128 
121 115 6 23 52 
111 188 
142 116 
101 92 180 10 189 174 197 
196 79 64 167 107 55 185 32 98 82 
123 44 171 124 161 72 135 141 43 
108 199 133 53 78 49 97 
30 65 125 39 60 29 153 18 
110 34 159 20 11 
76 179 119 
155 90 83 100 158 41 157 46 2 
176 68 139 16 194 173 
77 85 166 84 58 186 
151 13 99 5 120 
91 184 54 104 62 38 37 127 129 33 
63 182 131 88 170 40 137 
140 71 191 105 45 198 168 75 
24 51 163 152 181 148 113 42 80 28 
145 112 27 147 118 96 193 
132 150 130 160 86 66 48 14 200 149 87 

