196 39 13 178 127 163 20 183 114 43 54 94 56 91 
102 22 166 193 33 80 137 36 86 195 27 64 87 154 
70 184 65 69 123 169 17 194 119 105 141 
107 41 44 79 83 138 99 192 187 124 35 2 8 122 
175 104 108 28 25 61 55 18 66 51 26 53 146 
157 199 182 150 125 198 118 101 42 161 143 21 
97 145 48 92 50 131 180 31 156 188 129 89 
58 162 142 98 159 100 173 90 174 82 85 164 
106 10 4 72 151 19 111 1 7 117 
144 186 47 189 95 152 120 158 14 176 126 185 
81 63 49 3 103 78 130 172 147 
149 73 60 168 34 6 37 29 45 24 32 
155 153 133 11 5 165 121 112 57 135 
62 30 128 12 167 9 59 139 197 75 
132 15 71 191 110 46 160 88 77 
140 67 68 76 181 40 200 113 148 134 
115 16 38 136 84 23 177 74 52 
93 109 116 96 190 
171 179 
170 

