7 149 53 122 139 130 36 55 93 27 195 117 11 150 
91 3 151 38 177 96 65 82 
9 106 59 60 128 76 146 124 193 147 69 
154 67 143 148 34 173 114 47 191 179 153 39 
28 50 125 23 190 75 
140 30 19 121 66 120 56 186 164 
26 126 48 161 8 142 46 180 158 165 
155 70 188 133 64 79 14 103 113 185 88 62 
97 199 5 131 152 17 42 98 112 
145 16 13 32 95 84 138 77 189 58 110 22 
175 54 43 166 107 178 89 94 100 20 35 
135 163 136 194 90 57 174 123 21 
25 101 162 171 168 181 172 156 86 49 160 
73 12 45 87 51 116 24 99 169 197 
37 184 4 157 81 78 2 40 18 44 
132 15 72 68 170 111 83 192 134 
196 198 102 104 10 141 118 127 74 119 105 1 
63 92 187 41 108 159 129 167 33 
85 144 71 80 109 182 176 31 200 183 137 
115 6 29 61 
52 

