182 18 26 156 169 154 87 65 12 29 178 124 
161 192 59 57 4 72 180 150 121 128 
3 68 107 118 23 96 191 193 
15 33 186 151 135 133 86 85 9 
115 98 194 38 13 45 55 49 24 56 
106 47 51 117 7 157 158 176 48 
196 73 145 166 109 181 40 200 187 32 
83 131 130 93 116 21 148 16 88 
62 100 39 171 159 74 119 114 
132 184 110 80 37 14 172 50 168 
102 90 164 54 108 99 60 183 42 126 101 105 
155 61 44 69 142 143 43 153 167 
19 189 2 195 52 197 103 
64 160 27 6 111 35 123 75 
112 94 34 95 134 97 77 
81 46 198 163 17 1 165 185 
5 162 84 173 177 147 
30 20 53 149 91 66 190 70 188 
140 92 170 82 
63 10 89 179 31 
25 28 79 136 129 36 146 
8 76 152 
71 125 
199 144 127 122 141 138 
175 67 41 11 137 120 113 139 78 104 174 22 58 

