140 184 151 76 187 66 79 160 28 56 46 
106 85 186 24 165 26 1 16 2 192 154 
14 67 101 146 113 152 170 77 19 90 108 
45 196 102 198 163 114 82 37 40 4 
89 52 103 185 
44 123 53 171 50 130 133 119 10 
63 148 68 5 91 118 142 58 141 
30 194 34 98 95 159 200 69 197 
3 36 6 179 12 
155 99 109 181 74 129 
145 93 7 84 96 17 
73 87 100 125 173 111 42 122 143 158 
55 25 18 162 126 116 27 49 64 167 
107 124 8 183 62 189 23 57 22 54 
134 172 11 144 
161 21 86 72 191 41 178 
47 138 128 121 80 150 131 190 188 
115 48 83 136 104 177 94 110 175 75 
176 195 182 157 147 135 61 117 168 31 105 97 39 
15 70 166 71 153 38 169 81 35 149 180 
199 137 51 33 193 29 32 88 13 9 
132 164 43 65 174 127 20 112 59 60 156 78 139 
120 92 

