12 32 171 65 86 115 94 51 174 136 189 
148 103 197 124 141 69 200 70 
133 170 134 21 89 105 14 96 130 74 
62 131 44 102 146 68 76 
101 144 119 166 35 126 71 9 1 99 53 
30 120 19 192 196 97 28 
113 190 5 10 193 46 128 106 167 34 95 158 
178 48 50 156 112 168 79 42 123 
73 6 129 11 122 139 
116 164 66 147 160 47 91 
161 104 18 54 185 132 7 181 117 49 183 
135 184 199 138 
61 24 100 179 
118 83 143 176 4 72 36 33 165 188 
114 159 38 150 22 16 151 
20 41 85 80 31 25 172 77 110 162 
45 27 173 154 64 109 
23 182 75 163 194 145 195 52 92 15 
57 60 82 180 84 191 125 121 108 17 
55 58 186 127 8 98 157 37 81 137 
93 88 3 177 187 140 142 111 63 56 
26 152 40 153 29 87 169 198 59 149 
78 155 175 13 43 2 90 67 39 107 
