45 27 41 20 24 61 179 
5 10 193 46 128 106 167 34 90 67 39 
73 129 147 160 124 141 69 200 162 
78 155 175 190 95 158 17 
120 192 182 75 163 194 145 169 198 149 
113 13 43 2 107 
18 8 186 127 54 185 132 7 53 
116 12 164 66 47 91 29 87 42 123 
93 55 104 161 58 184 199 138 
178 173 154 64 100 109 
30 26 152 40 153 
133 48 50 156 112 168 79 195 52 92 15 59 
38 150 22 159 151 142 111 63 56 
32 171 65 86 115 94 51 174 136 189 
135 177 3 88 98 157 37 81 137 
148 103 197 85 80 31 25 172 77 110 
170 134 23 21 89 105 14 96 130 28 74 
101 144 119 166 35 126 71 9 1 99 
70 11 6 122 139 
60 82 180 84 191 125 4 72 121 108 
62 131 44 114 16 140 187 117 181 49 183 
57 118 83 143 176 36 33 165 188 
102 146 19 196 97 68 76 
