35 155 169 237 92 22 258 95 41 279 4 29 11 393 215 203 66 339 110 263 306 333 83 303 87 25 340 79 204 249 225 65 309 314 280 264 376 284 140 107 398 23 18 304 330 42 256 88 
265 350 181 48 277 395 370 382 319 45 53 372 109 276 326 64 145 369 364 230 91 106 74 108 288 27 202 210 32 154 383 293 335 157 399 46 295 224 70 81 60 
166 238 78 302 316 13 137 206 165 33 194 158 24 281 323 69 52 146 16 15 147 173 368 344 39 250 151 152 58 257 391 177 9 343 236 373 345 278 171 182 254 211 
3 192 113 397 201 381 400 172 73 299 20 246 228 209 337 96 352 221 251 37 104 305 93 365 103 358 290 266 268 85 122 312 262 243 160 49 286 241 392 
289 162 190 141 178 80 5 126 51 131 121 174 135 311 367 7 374 294 207 310 273 134 226 377 231 6 30 285 187 136 239 253 2 62 14 259 389 223 99 
346 127 291 183 38 387 199 26 118 245 125 167 396 12 214 193 168 153 185 21 388 143 282 354 10 313 72 213 363 19 390 132 329 394 188 229 240 
55 355 101 385 164 356 197 40 50 84 142 317 331 156 1 220 353 195 348 138 163 120 272 328 71 261 123 336 170 191 133 
36 144 216 102 208 63 247 274 233 119 384 379 75 292 59 349 61 159 371 334 271 270 297 112 198 244 179 338 234 
260 360 219 378 300 380 267 76 332 139 47 301 315 17 129 128 366 180 150 161 124 149 321 196 287 97 148 54 28 357 176 217 325 248 
98 318 8 275 347 111 212 255 44 77 351 218 232 43 320 186 227 
375 322 327 184 269 359 189 361 116 252 90 100 117 57 94 56 89 283 307 
222 386 200 114 308 324 296 105 298 67 82 31 235 68 242 
362 205 341 342 115 130 175 
86 34 

