34 104 100 182 135 170 30 176 105 130 198 93 98 83 109 12 110 106 54 2 82 
80 75 184 191 125 129 9 29 155 15 147 160 195 132 31 71 101 48 185 77 120 81 28 108 76 188 97 52 
115 92 61 143 42 119 178 167 197 44 127 146 112 102 60 18 
67 145 200 122 128 13 32 114 68 187 24 55 168 
164 171 183 150 79 91 66 142 64 11 161 141 84 157 166 58 89 169 53 148 
96 38 95 7 156 45 22 57 5 173 86 99 
8 26 50 136 21 6 40 27 193 159 194 107 151 78 
23 41 47 56 199 116 65 19 118 152 43 139 88 103 140 172 37 59 1 51 175 49 72 39 
131 62 162 117 137 179 158 144 111 
74 192 36 33 94 35 177 134 149 190 63 3 4 165 87 113 25 73 133 90 124 138 196 186 69 181 154 174 16 17 126 123 10 121 189 20 46 14 85 180 153 70 163 
