175 62 122 17 85 98 47 41 104 133 27 151 71 139 174 54 6 125 118 61 107 
67 63 164 182 143 167 169 32 103 141 24 157 145 168 156 126 129 
59 2 189 115 181 89 66 179 78 21 105 
31 113 124 
4 195 117 11 
42 110 162 148 5 25 12 184 150 130 177 172 146 49 176 
114 
46 196 138 72 70 140 18 187 48 65 10 153 137 186 92 161 29 152 119 134 51 95 149 3 
127 198 26 9 128 77 199 173 73 16 19 190 91 200 81 82 147 154 58 159 100 160 99 
38 166 135 121 180 8 60 131 64 132 14 40 188 28 197 35 191 88 165 1 22 43 
178 106 93 33 155 20 123 158 101 109 52 68 
90 53 50 96 163 
136 171 45 15 13 69 183 80 120 170 76 
74 112 44 142 97 
75 193 87 144 37 79 83 
86 102 116 57 39 84 55 34 56 185 194 94 30 111 7 192 23 108 36 

