171 31 168 133 16 155 200 30 55 53 101 88 7 173 89 36 64 68 
67 184 5 175 180 151 74 40 49 179 106 26 69 22 181 195 158 11 66 177 58 157 115 176 187 
122 126 110 144 72 139 108 116 107 75 17 32 150 56 191 92 123 54 132 170 165 21 95 152 61 41 
97 90 59 35 182 77 60 131 85 84 96 185 24 118 117 147 125 109 10 83 52 105 87 
196 137 34 86 93 192 18 57 13 48 50 193 20 141 127 166 82 3 156 79 51 19 186 
178 2 8 15 12 27 121 6 194 197 130 112 39 159 142 23 47 160 
38 45 113 169 94 9 81 120 134 
111 76 190 167 189 
42 198 25 124 149 78 29 
164 102 172 135 33 46 188 65 153 103 104 161 163 183 100 70 148 4 
136 162 98 199 62 71 146 145 80 138 128 154 28 99 119 129 
63 1 140 143 73 37 44 43 14 91 114 174 

