14 185 92 166 
42 171 6 148 190 134 151 65 126 133 10 11 87 24 194 78 147 5 191 51 173 52 66 72 
63 116 57 199 183 172 103 141 37 123 158 19 109 64 62 105 119 
13 131 130 120 132 170 26 195 
45 108 80 114 85 
102 8 61 179 1 79 40 90 
150 30 56 44 127 118 137 
136 15 33 169 155 180 31 181 70 89 99 
35 107 175 34 38 2 3 115 96 4 49 161 28 46 7 74 159 97 39 
75 91 86 162 182 168 73 94 193 187 111 55 117 54 154 174 41 36 176 
196 200 25 140 18 113 177 69 81 88 129 47 68 
198 121 22 71 197 149 101 
164 100 143 60 135 192 17 84 142 167 21 
184 67 59 77 95 144 
12 16 50 112 145 29 43 83 128 
27 156 58 23 
98 189 138 124 
153 106 53 
178 110 76 93 157 104 152 139 48 32 20 186 122 163 82 125 165 146 160 9 188 

