146 196 59 31 182 18 166 169 133 61 14 20 141 74 80 19 54 147 87 154 21 1 52 176 34 
178 67 115 38 2 162 132 13 48 32 50 177 69 24 62 124 117 125 44 51 23 179 195 167 
157 49 22 191 86 186 9 113 187 183 78 127 4 47 194 161 130 149 64 111 55 119 134 3 197 
17 104 63 174 90 45 15 29 73 84 190 71 91 92 76 120 7 85 159 138 126 25 128 
137 173 171 139 100 53 8 57 148 65 150 200 70 103 153 160 122 163 88 99 145 107 129 30 94 
28 39 26 164 93 102 98 77 33 188 89 155 193 185 121 181 101 152 118 58 144 36 105 184 
108 81 35 106 11 168 97 66 
136 42 180 151 140 135 116 60 131 16 27 96 142 72 175 10 112 5 192 95 46 40 43 
172 75 110 6 143 199 189 56 37 123 158 82 156 170 165 83 41 114 68 
198 12 109 
79 

