63 182 74 150 185 141 89 127 35 170 165 94 83 36 3 
104 171 174 38 126 13 56 163 146 106 91 51 95 11 132 
75 22 167 154 79 
20 161 78 53 118 192 122 
45 48 55 172 69 30 145 31 34 109 
67 162 64 90 17 88 47 39 40 
19 168 100 59 5 15 131 169 133 195 184 175 37 124 112 125 188 129 46 176 142 
8 199 73 130 153 187 14 159 
121 116 68 114 
61 
65 42 110 72 157 70 76 57 60 197 85 96 24 177 138 54 147 87 7 148 179 52 105 10 
198 164 98 18 77 113 12 152 25 158 101 120 
2 143 
16 84 156 
196 119 140 33 111 191 62 155 43 166 194 41 82 186 107 190 
193 123 81 23 183 9 
178 86 102 26 97 128 160 32 50 71 80 108 134 4 44 
27 180 181 
136 151 200 28 93 49 115 29 189 144 99 137 103 149 92 6 117 135 1 21 58 66 173 139 

