136 12 92 181 117 163 192 195 17 95 
97 110 45 76 177 144 72 56 124 112 152 118 46 105 153 
190 132 158 159 
59 126 10 143 60 74 145 47 11 78 151 24 
165 
29 93 18 104 101 85 43 83 23 55 
84 185 99 111 6 100 
106 3 149 13 54 66 44 91 58 52 176 
89 172 90 27 180 109 21 51 
50 139 170 
75 198 
49 98 82 125 168 160 
34 
164 186 193 115 61 7 79 35 
178 67 135 26 157 140 127 77 131 169 64 150 22 30 70 119 31 197 146 184 14 62 188 142 183 36 107 
42 53 1 2 182 57 33 137 32 5 71 103 173 161 80 120 9 41 87 191 134 40 121 
63 38 86 162 116 8 199 16 187 155 123 81 174 156 154 4 129 122 94 
196 171 25 15 48 133 73 96 69 194 175 39 167 88 114 
128 138 102 148 19 113 189 20 108 141 37 130 147 179 200 166 65 28 68 

