29 121 46 17 140 116 57 192 173 180 76 56 200 183 92 64 54 197 127 47 153 95 36 62 122 
178 67 63 186 41 3 142 77 33 131 169 195 151 185 135 188 28 118 148 104 165 51 1 105 99 
31 134 146 93 70 18 157 113 199 189 150 71 103 141 90 106 112 100 170 61 19 14 176 160 
35 136 25 139 149 2 132 60 13 73 133 16 96 152 177 87 81 158 101 88 119 159 83 184 5 91 
74 179 11 164 162 98 187 145 138 32 50 94 137 24 123 72 147 125 154 58 52 129 30 66 
196 4 110 10 59 86 182 45 143 12 53 84 155 65 166 126 80 163 39 7 40 78 89 23 9 175 49 
22 115 26 198 38 172 34 55 190 6 128 111 75 191 37 167 124 117 82 107 156 79 168 43 97 85 
108 171 144 102 15 48 174 193 20 69 181 130 120 44 21 114 68 
42 8 27 194 161 109 

