67 93 116 77 81 49 190 173 100 
151 7 31 58 52 46 
18 193 149 78 14 161 54 109 
64 26 2 162 169 50 71 80 101 17 175 197 94 55 137 68 
140 185 147 
113 72 154 153 40 
196 3 139 86 35 87 6 13 104 32 20 69 187 177 124 128 170 21 51 191 28 
182 56 108 5 83 
136 70 60 189 92 115 123 89 88 142 19 118 
12 25 141 163 
126 65 62 95 
99 114 
178 110 59 192 85 166 45 132 48 29 84 27 76 22 37 41 145 120 157 159 179 11 107 43 
119 63 30 122 1 195 57 33 9 133 150 134 180 47 181 117 111 138 44 188 105 36 168 
102 15 199 73 155 96 34 135 39 130 74 112 125 127 176 
186 53 38 165 
131 194 200 61 82 172 160 66 90 
8 103 24 4 75 152 156 79 184 23 
42 171 198 164 121 98 143 146 183 16 144 10 148 167 91 158 97 106 174 129 

