57 60 155 141 194 52 36 
127 167 169 32 157 51 168 134 68 
12 181 
102 45 69 11 89 130 
121 191 43 164 153 180 8 173 48 72 22 6 103 24 92 28 117 82 125 187 46 190 91 94 
198 59 33 133 151 123 124 112 109 132 19 83 129 
106 
196 16 27 156 21 61 172 
108 136 75 183 138 10 18 113 175 14 200 50 71 174 179 160 188 7 154 170 47 23 1 192 
29 166 26 195 152 73 
171 93 182 84 56 120 3 176 114 
67 64 38 98 116 137 185 37 85 40 147 79 144 35 78 41 76 
178 63 111 86 148 186 15 131 115 70 65 30 34 142 184 80 161 163 25 165 58 62 105 97 
42 2 150 177 88 
44 5 55 31 
110 140 162 199 189 193 197 74 87 54 158 49 39 146 159 128 118 
135 20 
104 145 9 100 90 143 77 13 107 119 96 126 122 66 149 81 101 4 17 139 95 99 53 

