196 111 106 93 2 45 192 40 189 89 31 56 37 81 130 101 88 21 159 83 176 149 
115 195 5 102 140 35 60 199 3 28 97 132 197 194 47 29 144 7 79 75 78 52 105 17 
9 53 198 137 30 162 182 57 33 13 73 16 193 55 24 10 118 191 156 170 122 107 23 179 4 175 
178 172 63 153 85 143 15 48 84 150 76 185 141 123 64 43 125 109 187 167 66 36 160 
190 138 110 168 157 152 188 142 65 14 46 74 96 135 173 180 104 39 34 99 72 200 51 87 177 134 166 
41 67 22 91 145 18 8 113 169 32 127 20 71 61 80 124 120 44 58 95 129 108 70 
136 42 148 146 90 184 6 128 116 62 100 133 27 174 103 26 11 54 158 126 25 19 165 49 94 1 183 
121 171 59 86 119 98 77 131 12 139 155 186 69 92 151 117 82 147 154 114 68 
164 38 50 181 161 112 
163 

