196 115 137 11 10 116 101 
164 84 87 56 69 194 88 126 34 17 
6 139 29 142 191 98 143 60 131 16 168 64 135 35 173 74 152 125 187 174 78 144 62 22 
65 89 110 175 3 2 182 15 26 192 32 106 103 172 80 145 163 14 165 43 111 105 
122 8 57 13 169 20 185 37 156 
99 136 61 198 121 85 167 128 33 48 97 127 161 54 120 7 138 95 52 176 68 
94 178 107 18 
77 12 71 188 91 124 
30 104 55 59 86 162 177 113 189 73 41 81 166 82 28 36 72 114 
140 27 141 129 39 200 
183 42 119 25 190 179 133 197 50 79 23 
150 46 9 154 108 
67 151 193 31 118 76 158 147 170 66 19 186 83 132 
63 47 40 102 155 181 117 112 90 44 51 
96 123 159 
157 146 195 
171 21 160 
134 5 38 93 153 45 49 75 199 184 1 148 24 70 92 130 100 109 4 58 180 53 149 

