28 124 43 7 68 190 184 87 137 123 120 
153 162 63 103 10 90 116 193 146 36 
164 62 181 35 194 55 158 154 66 83 
40 165 21 128 189 101 192 50 2 75 
133 195 16 18 183 95 178 70 30 67 
177 143 188 29 112 114 71 174 82 148 
48 14 136 3 180 134 79 73 93 141 185 39 
6 149 42 172 20 26 122 121 157 175 
37 12 9 54 105 191 144 107 33 8 64 
163 84 118 113 69 176 166 41 126 34 1 60 97 
4 49 24 89 129 22 91 145 80 96 
31 108 45 56 38 23 32 86 125 115 17 76 
169 156 102 167 51 27 198 44 135 19 
142 104 25 46 138 186 13 
182 57 147 98 85 109 160 151 74 81 
140 88 130 150 187 110 11 
47 196 15 179 72 161 106 
92 200 152 52 
100 59 65 99 94 117 
131 132 171 78 139 
197 5 170 159 
199 155 58 
127 77 
61 111 
173 168 
53 
119 

