195 78 51 27 55 70 66 97 75 
28 48 45 189 112 101 121 11 1 30 
163 153 43 180 176 58 191 134 178 80 93 83 
59 143 133 98 72 87 71 174 19 67 
57 40 105 166 41 107 33 8 60 175 
42 170 181 35 122 10 116 96 185 120 39 
142 61 184 7 183 44 194 81 82 157 64 
162 63 149 14 132 130 150 29 50 115 34 36 
47 37 85 128 109 123 13 76 141 146 
140 100 12 151 160 117 114 52 17 193 
4 49 62 5 26 159 77 90 79 135 
24 156 102 124 68 18 196 136 95 91 126 158 
92 152 147 119 31 74 73 2 148 
6 84 89 139 21 145 154 
9 155 65 177 125 86 192 
54 127 118 113 199 69 144 137 
172 197 164 104 46 138 20 186 
169 167 15 179 190 22 129 
200 103 3 106 
88 187 171 110 
131 182 16 161 111 
56 108 165 38 23 99 
173 94 168 
53 32 
188 198 
25 

