102 108 38 32 23 22 194 55 82 158 97 
165 45 56 173 29 150 107 34 76 185 67 
28 57 40 147 160 151 109 189 41 126 19 
42 118 199 58 113 191 87 121 8 60 
169 195 98 21 166 139 114 157 
163 6 152 16 137 93 
7 43 124 179 51 183 71 115 11 1 
140 88 37 188 117 101 74 174 154 36 
156 15 24 182 112 123 13 96 
54 9 12 59 31 85 86 52 178 148 
153 5 197 159 26 77 186 17 33 146 
133 143 177 65 125 192 50 135 193 39 30 
162 10 104 25 46 122 116 145 80 64 
196 119 161 111 95 44 91 70 75 
47 49 180 18 3 136 90 110 73 2 141 
92 142 132 200 103 27 81 83 175 
171 120 
131 48 68 190 167 61 198 79 66 
4 100 155 176 134 144 
149 63 172 62 181 35 
128 53 168 94 99 
14 78 187 130 129 
84 127 69 105 
89 
170 164 20 
184 72 106 
138 

