142 147 31 32 139 137 121 17 8 60 
162 132 153 98 86 52 158 
48 43 78 69 58 123 82 30 
40 57 16 184 190 51 71 174 76 120 
28 149 62 106 41 55 107 34 67 
4 49 21 117 114 129 145 93 83 148 
47 179 7 183 180 196 44 115 1 175 
103 18 152 198 95 116 96 141 
140 54 9 143 59 85 101 194 80 70 
88 127 118 176 113 166 79 33 75 
172 42 104 25 46 77 90 178 193 146 
37 195 133 161 136 27 110 11 
14 182 119 112 125 81 
92 6 187 130 171 134 191 87 144 13 2 
12 155 189 160 151 74 50 185 39 
102 131 200 72 22 19 
45 165 94 38 23 109 126 157 
24 15 3 138 186 66 154 
163 169 167 61 150 
63 5 26 159 20 122 35 10 
100 84 199 29 73 135 97 64 36 
197 164 181 91 
56 128 53 168 99 192 
156 68 124 111 
108 173 177 
89 188 65 
170 
105 

