142 147 191 113 176 134 144 70 64 
37 165 173 139 188 128 125 192 60 185 146 
169 7 31 52 114 41 126 193 30 
153 10 62 150 87 81 97 36 
131 89 100 72 22 13 8 76 
4 29 9 94 168 112 86 74 80 82 120 
6 162 132 14 43 180 136 123 174 
92 156 179 190 161 129 90 73 19 
140 102 3 184 110 95 44 145 116 75 175 
155 177 109 151 160 106 50 33 158 
48 18 200 122 71 11 1 
183 98 16 119 182 40 21 194 115 157 148 
85 59 65 189 166 121 66 67 
84 172 42 159 138 20 79 178 135 96 
163 28 63 25 104 35 164 77 55 107 154 
54 12 143 69 187 91 93 141 
195 133 57 56 108 38 32 137 17 39 
15 124 78 46 186 2 34 83 
47 24 152 167 196 51 
88 127 199 105 101 
49 26 5 181 
68 61 27 111 
45 99 53 23 117 
149 197 171 130 
118 58 
103 198 
170 

