140 163 89 85 109 189 107 120 30 
147 188 100 187 110 90 93 148 
197 5 159 74 50 70 66 64 
9 12 165 32 23 38 151 112 41 126 75 
4 124 102 3 190 27 87 71 115 34 
15 156 180 51 129 22 80 97 
142 92 49 78 46 77 10 137 13 141 
177 45 72 106 33 158 157 
199 127 117 125 194 55 82 39 36 
37 69 118 113 191 21 123 96 
200 149 198 44 8 
162 14 20 25 164 35 178 135 193 
88 31 81 
54 29 59 173 108 114 160 101 11 154 
47 183 68 119 52 192 121 60 146 175 
48 28 153 132 150 136 17 174 2 
182 169 179 7 43 166 145 116 83 
131 6 42 138 122 79 76 1 
195 57 133 167 196 184 95 91 73 19 185 67 
63 62 26 104 144 
56 94 99 168 65 128 86 
40 152 171 130 134 
24 16 98 61 111 
84 172 181 186 
155 105 176 58 
18 139 
103 
143 161 
53 
170 

