183 179 160 151 101 50 107 158 33 157 
4 197 69 176 58 191 134 71 174 135 1 64 
163 28 149 164 77 138 10 123 13 60 97 148 
37 165 168 21 114 145 154 67 175 
142 6 200 172 46 187 90 116 96 75 
131 196 78 122 178 93 141 146 36 
100 9 29 143 173 109 32 86 79 83 
48 7 15 136 180 161 129 192 81 70 39 
140 59 177 65 128 94 189 112 125 55 193 19 120 
56 61 22 106 41 80 185 30 
169 182 133 184 27 198 44 73 34 8 
162 14 124 3 43 152 110 95 17 66 
68 24 92 40 52 74 115 82 
84 88 105 118 199 113 87 137 121 76 
153 49 42 26 181 20 194 2 
167 102 132 130 150 91 126 
47 63 62 5 159 35 186 11 
54 12 188 85 45 117 23 166 
57 147 195 98 16 119 72 144 
155 108 38 99 
156 18 190 51 111 
103 170 
31 139 89 
127 171 
104 25 
53 

