182 61 98 198 44 145 126 70 83 148 
140 142 161 184 150 17 13 96 67 
48 131 6 46 159 138 80 91 158 39 146 
200 26 181 164 186 194 81 141 
40 32 45 94 168 99 128 192 174 135 19 
29 37 188 143 173 23 114 106 178 157 
42 197 199 69 176 113 134 73 185 
156 124 15 171 130 166 55 82 
4 149 10 25 187 93 34 97 175 
169 102 179 180 43 3 51 110 95 76 
54 9 59 89 21 139 109 144 71 11 60 
57 195 31 53 151 101 125 107 30 
88 132 27 90 2 
163 153 47 14 49 103 41 33 
7 68 167 196 18 111 193 
28 152 24 190 183 136 123 
84 127 72 22 116 36 
92 100 119 52 117 86 74 1 75 
12 155 105 58 191 87 137 154 66 120 
133 38 177 65 189 160 112 50 121 115 8 64 
162 63 170 35 20 79 
172 5 62 104 77 122 
16 147 85 129 
165 56 108 
118 
78 

