56 151 110 95 145 116 141 185 39 36 
88 84 46 138 186 107 55 66 82 154 83 
155 59 143 21 137 33 1 60 97 67 175 
142 100 12 38 23 117 189 192 101 50 174 148 
47 68 179 15 180 72 29 178 96 193 
131 156 43 124 3 150 58 134 126 80 93 146 
163 6 149 181 159 122 71 115 8 120 
133 169 190 61 52 41 194 81 70 30 75 
153 42 172 171 130 166 79 73 135 76 34 64 
4 9 128 85 177 86 114 158 19 
28 49 14 162 78 136 187 87 121 17 13 
182 54 113 199 69 191 144 123 11 157 
164 104 26 20 90 44 91 2 
92 140 118 105 125 
165 173 188 139 160 112 74 
24 48 102 196 183 18 152 51 27 
63 170 25 77 35 10 
147 195 89 161 129 106 
200 103 7 184 22 
37 32 45 108 99 109 
57 31 98 40 
16 119 111 
197 5 62 176 
65 168 94 
167 132 
198 
127 
53 

