118 105 128 74 55 107 17 8 
196 42 159 77 137 67 
57 45 29 139 129 21 121 148 
199 155 160 112 114 
88 143 58 113 144 
162 149 20 5 35 164 66 
182 133 147 169 18 72 110 95 
170 104 25 75 
190 102 183 161 166 73 
4 98 173 188 117 50 
63 62 176 116 
179 119 90 
100 59 38 53 99 
78 27 60 83 
103 171 86 13 
84 54 85 52 192 158 34 
56 151 177 125 109 101 71 115 11 120 
153 47 197 26 46 122 10 178 135 193 175 
163 24 200 7 51 80 79 70 
140 49 136 15 150 187 81 141 
131 94 168 87 33 82 157 
142 195 31 108 32 23 22 123 97 146 
6 14 132 28 184 198 44 174 96 
48 172 181 186 41 93 185 
37 92 130 134 191 194 154 
43 124 16 40 189 76 2 64 30 
9 12 165 65 91 
152 3 68 111 1 
156 180 167 61 106 145 126 19 39 36 
127 138 
89 69 

