177 128 151 160 53 101 192 50 194 
142 169 152 167 61 198 111 91 145 148 
92 182 98 119 16 40 22 129 41 
42 197 181 35 164 104 25 10 77 122 141 185 
140 155 88 71 144 137 123 13 75 
172 5 62 26 20 159 46 138 186 79 39 
173 112 109 189 157 
4 57 133 147 87 121 115 11 17 30 
195 31 23 117 114 86 81 55 158 
54 89 139 21 166 82 
150 187 130 96 2 76 34 175 
37 59 65 168 94 99 125 33 66 
156 15 179 7 18 68 95 83 36 
28 6 49 14 63 170 73 93 193 19 146 
100 9 12 143 188 29 107 154 
72 161 
24 102 183 196 184 190 27 51 110 178 
84 199 127 118 105 69 176 113 191 58 134 174 
165 85 45 56 108 38 32 74 52 106 70 
153 47 200 103 90 44 116 80 126 
131 48 180 124 43 3 136 
163 171 132 78 8 60 1 97 64 67 
162 149 135 120 
