48 131 124 103 90 44 95 116 148 83 36 
165 85 114 117 23 74 52 55 194 154 
142 152 169 161 72 
140 88 155 144 71 137 123 13 8 2 141 185 
64 67 
162 170 25 104 10 186 135 
119 98 16 129 41 158 
172 5 62 26 159 20 120 39 
9 12 65 168 151 160 109 189 125 33 66 
153 49 14 47 200 171 187 150 174 1 60 97 
24 102 196 190 167 27 51 80 
182 57 133 147 40 61 198 111 145 91 126 
42 197 181 164 35 77 122 46 138 96 
84 199 127 118 105 69 176 113 17 30 
54 89 166 82 
156 15 179 7 68 18 183 184 
4 92 195 31 106 22 70 
177 128 99 94 53 112 86 81 107 
28 6 63 149 34 76 175 
136 180 43 3 110 178 
163 132 78 130 134 58 191 87 121 115 11 75 
100 37 59 143 188 29 139 21 79 73 93 193 19 146 
173 45 56 108 38 32 101 192 50 157 
