73 11 6 122 139 
161 104 185 132 7 181 183 
118 191 125 33 121 108 
21 23 182 75 163 194 145 195 15 74 
30 120 19 192 196 97 28 
57 83 143 176 36 4 72 165 188 
62 131 44 102 146 68 76 
45 154 25 172 77 110 162 
159 38 150 22 
190 5 10 193 46 167 17 
32 171 65 86 115 94 51 174 136 189 
148 103 197 124 141 69 200 
178 27 100 64 109 
116 12 129 13 43 
14 96 130 
155 78 173 112 168 79 29 87 42 123 
133 48 26 152 40 153 169 89 105 59 149 
20 41 85 80 31 24 61 179 
101 144 119 166 35 126 71 9 1 99 53 
170 134 50 156 52 92 198 
114 151 16 140 187 142 111 63 56 
135 58 184 199 138 
164 66 147 160 47 91 70 
113 175 2 90 34 95 158 
93 55 18 54 127 98 157 117 49 
177 3 88 8 186 37 81 137 
60 82 180 84 128 106 67 39 107 
