49 14 132 187 
130 162 63 149 120 135 138 46 5 62 122 35 19 170 146 103 136 72 129 41 195 
174 84 199 127 105 176 113 134 97 42 186 73 193 93 200 47 153 
142 152 167 61 198 126 
100 37 9 12 59 143 188 29 139 21 166 89 66 87 17 96 2 76 175 
150 163 171 78 172 197 159 20 26 10 25 104 164 77 181 141 185 34 58 191 88 144 71 137 123 115 121 11 118 13 8 1 60 75 69 30 64 67 
169 161 119 98 16 40 147 23 38 32 74 52 106 70 22 51 148 116 95 83 44 90 39 79 6 28 
4 182 57 133 31 117 108 114 86 55 107 82 
48 131 24 102 156 180 43 124 7 68 18 179 15 183 196 184 190 27 91 111 145 80 110 178 36 3 
140 54 155 65 177 128 168 99 94 151 160 109 189 125 157 33 173 
154 165 85 50 112 101 53 192 56 45 81 194 158 92 
