30 120 19 192 68 76 
101 144 119 166 35 126 71 9 1 99 
21 23 182 75 163 194 145 89 105 198 
190 5 10 193 46 128 106 167 34 95 158 
114 159 38 150 22 151 16 140 187 142 111 63 56 
45 27 173 154 25 172 77 110 162 179 
62 131 44 102 146 
20 41 85 80 31 24 61 100 64 109 
170 134 50 156 112 168 79 42 123 
60 82 180 84 191 125 4 72 165 188 
177 3 88 186 127 132 7 53 
73 129 11 6 122 139 
148 103 197 29 87 130 74 
164 66 65 86 115 94 51 174 136 189 
93 55 135 58 185 181 117 49 183 
32 171 124 141 69 200 70 
57 118 83 143 176 36 33 121 108 
116 12 147 160 47 91 
161 104 18 54 8 98 157 138 
133 152 40 153 169 195 52 92 15 59 149 
178 48 26 196 97 14 96 28 
184 199 37 81 137 
113 155 78 175 13 43 2 90 67 17 39 107 
