93 55 135 58 184 199 37 138 
170 134 85 80 31 25 172 77 110 162 
148 103 197 124 141 69 200 
177 151 16 140 187 142 111 63 56 
3 88 8 186 127 98 157 81 137 
62 131 44 102 146 68 76 
23 182 75 163 194 195 52 92 15 59 
161 104 18 54 185 132 7 181 117 49 183 
20 41 24 100 64 179 109 
30 19 192 196 97 96 130 28 74 
45 27 173 154 61 2 90 67 107 
120 21 145 169 89 105 198 149 
113 5 10 106 167 34 95 158 39 
101 144 119 166 35 126 71 9 1 99 53 
32 171 65 86 115 94 51 174 136 189 
114 159 38 150 22 
57 118 83 143 176 33 188 17 
60 82 180 84 191 36 121 108 
73 116 12 129 11 6 122 139 
78 175 13 43 
164 66 147 160 47 91 70 
133 26 152 40 153 14 
155 190 193 46 128 125 4 72 165 
178 48 50 156 112 168 79 29 87 42 123 
