83 84 155 192 151 71 67 49 
23 182 58 132 126 2 167 17 
159 150 55 193 127 117 142 99 
197 196 97 90 94 174 110 109 
101 41 135 54 16 98 187 111 53 
164 60 6 77 61 179 1 28 74 
3 88 104 100 68 96 165 198 
12 86 194 186 137 140 15 
161 8 78 31 24 172 52 
66 129 35 75 25 29 136 
44 93 113 191 72 36 195 42 
5 57 19 152 163 89 138 188 158 
120 38 102 13 11 70 51 189 183 
148 30 48 22 153 139 34 
20 175 10 82 199 14 64 95 
178 65 115 32 69 169 79 
180 143 176 160 91 200 63 
131 170 50 112 124 105 81 39 56 
177 116 47 146 37 9 108 123 
119 166 168 122 87 145 130 
171 27 43 184 7 157 92 59 149 
147 80 141 128 4 33 121 162 107 
133 134 85 154 185 76 181 
45 114 26 173 40 106 
118 103 73 46 125 
62 144 190 156 
21 18 

