177 134 50 194 195 200 110 28 59 
93 155 11 94 51 15 
182 48 27 80 67 162 188 137 183 
114 133 190 126 98 121 165 53 
66 147 19 150 157 199 81 42 109 149 
44 164 43 54 132 4 187 49 
26 23 20 31 14 64 9 138 142 63 
116 160 78 115 122 34 52 92 
161 58 113 129 91 174 29 179 107 
38 120 24 124 25 100 117 56 
180 185 55 33 61 181 111 198 
12 32 148 103 77 97 169 96 105 39 
171 85 125 191 167 90 1 123 
88 18 84 127 145 95 108 
178 41 10 176 143 17 99 74 
101 118 46 102 40 7 140 158 
62 45 156 152 69 71 136 189 
21 175 104 22 70 87 
131 144 35 119 166 184 151 89 130 
30 192 186 36 76 139 
5 86 154 6 106 72 
83 193 153 196 68 2 
73 197 141 173 163 168 79 
57 135 170 112 37 
65 13 60 128 16 
159 3 75 146 172 
82 8 47 

