45 116 124 146 22 37 81 95 183 
190 83 161 125 61 100 52 59 198 
101 73 36 70 69 9 117 63 56 
177 44 127 98 16 145 87 109 107 
103 65 57 84 34 53 181 74 149 
21 152 186 8 185 7 137 130 42 123 
178 50 27 13 141 200 96 105 111 
197 85 26 14 169 97 89 64 39 158 
155 175 60 82 4 46 128 106 67 92 
38 192 75 76 24 2 139 136 189 
62 48 40 196 151 184 28 1 49 
66 134 159 54 132 167 17 108 
113 160 30 156 112 25 172 77 15 
88 166 119 143 176 71 90 162 
20 41 12 148 47 6 165 187 142 
120 32 164 129 68 33 72 99 
55 58 191 115 94 51 110 179 
10 23 102 154 153 79 188 
131 133 31 171 91 122 121 138 
170 182 114 199 35 126 195 
104 144 5 163 194 29 
118 193 180 150 168 174 
147 11 80 173 43 140 157 
78 19 135 93 
18 3 86 

