120 47 160 125 36 52 179 56 
50 133 152 43 141 90 117 49 111 
32 93 143 33 132 188 17 
78 21 161 58 16 157 181 28 
48 134 170 26 146 184 14 67 
65 171 23 29 151 64 74 
164 62 101 150 185 71 110 
45 156 176 112 98 15 
20 129 11 116 91 174 200 167 149 
114 75 182 102 153 4 
85 190 118 8 9 81 183 
113 192 5 128 25 189 87 42 198 
38 10 175 22 145 162 108 
177 178 19 154 68 37 1 99 107 
83 57 147 80 100 79 96 63 
159 13 82 193 76 140 109 
119 180 73 124 94 165 92 123 
41 44 104 18 127 187 89 105 158 
12 60 35 6 51 139 137 53 
131 173 30 122 24 130 195 138 39 
103 86 46 97 7 34 95 
88 54 172 31 77 2 136 59 
66 155 3 70 121 72 142 
148 55 84 191 61 
144 166 27 196 163 168 169 
197 40 69 115 106 
135 186 199 194 
126 

