190 131 144 35 194 92 42 109 
178 26 185 146 110 142 17 111 
60 113 41 172 199 71 108 95 
19 62 78 147 70 122 189 136 158 
134 44 182 176 128 137 107 
66 155 18 11 76 157 
73 5 120 192 14 145 52 
21 152 171 124 115 139 
114 75 163 150 186 127 81 
30 164 180 84 167 29 105 123 
20 85 154 55 97 138 37 183 63 
45 102 129 47 100 169 72 99 
161 80 61 13 125 4 165 
101 3 104 132 43 51 87 
27 48 170 141 24 7 140 
177 88 91 31 6 64 
116 12 50 69 68 96 89 
159 193 82 22 187 67 
133 196 32 25 179 1 34 
57 103 153 36 106 49 117 56 
173 175 148 200 94 9 15 
65 86 156 16 98 195 53 
10 184 38 151 2 188 162 59 198 
119 58 197 79 168 77 130 
83 166 135 8 90 33 121 39 
93 54 46 181 174 28 74 149 
118 160 23 112 
191 143 40 
126 

