41 116 20 184 17 174 92 198 
66 48 154 160 127 7 1 53 
65 196 97 69 98 138 49 111 
78 62 133 152 61 117 188 95 39 107 
73 103 115 40 36 157 99 108 
190 102 178 91 25 70 110 179 109 
21 171 80 11 6 181 28 123 
93 129 43 46 199 29 162 56 
18 54 155 193 106 128 72 63 
177 173 191 132 90 34 158 
60 22 112 122 139 167 137 149 
118 148 32 51 141 169 89 105 15 59 
19 192 135 114 35 37 142 140 187 183 
101 8 185 156 163 195 42 136 189 
134 85 175 13 47 94 67 74 
144 166 119 57 143 176 125 4 121 165 
12 30 159 151 96 76 100 130 
27 113 164 86 24 172 77 52 
88 23 150 68 71 87 
131 161 3 38 146 153 81 
45 5 31 79 145 194 64 
44 120 75 124 168 14 
10 82 84 180 16 9 
147 197 55 58 126 33 
26 170 50 182 2 200 
83 104 186 

