182 44 102 97 69 72 49 198 
147 155 194 77 106 99 179 56 
135 10 193 127 140 142 87 92 
55 192 41 122 25 76 110 15 
113 190 166 184 29 79 28 136 189 
133 173 118 191 24 139 107 74 123 
83 19 21 200 51 95 17 158 
20 119 178 152 196 138 
180 170 14 169 71 81 149 108 
12 84 46 129 68 188 165 59 
78 160 141 103 146 199 105 162 111 
48 58 177 22 16 157 181 109 
18 143 36 31 6 100 130 42 
62 11 120 40 163 9 34 
27 104 54 156 70 195 39 
23 35 57 43 2 96 64 137 
85 86 65 91 154 37 52 183 
5 148 164 47 168 145 89 
131 8 101 150 185 121 117 
171 3 88 186 98 7 1 53 63 
116 75 4 176 33 90 67 
114 144 45 13 61 172 187 
38 134 197 124 94 167 
93 159 126 175 132 174 
73 30 26 80 151 
50 66 32 115 153 
82 60 161 125 128 
112 

