171 40 199 77 139 67 108 198 
50 134 186 127 185 188 165 117 149 
26 129 176 91 2 167 189 
32 191 8 100 9 138 39 
41 23 38 54 87 140 49 53 
178 48 58 159 195 169 15 59 
118 60 114 22 168 29 96 179 158 
5 78 30 196 145 110 74 130 109 
19 150 21 152 6 122 90 162 63 
101 119 175 160 124 69 200 95 99 183 
133 170 47 33 132 121 92 
104 83 68 174 181 28 107 
27 116 154 146 13 72 4 42 123 
180 190 197 172 64 61 1 
66 173 192 25 151 142 157 17 
120 182 153 76 128 71 105 
164 113 24 156 31 70 34 137 
10 193 82 84 35 97 14 136 
20 93 36 46 126 81 
135 3 161 115 51 89 
155 73 12 45 11 43 16 52 
147 85 177 163 194 79 
131 102 62 166 125 98 7 187 111 56 
44 55 144 57 141 94 
148 103 88 184 37 
65 86 112 75 106 
18 143 80 

