178 58 193 2 43 16 87 123 
83 116 66 176 46 167 9 42 
114 38 36 115 94 64 105 183 
120 180 191 71 184 199 195 189 
44 3 54 150 194 172 77 179 108 
48 129 10 143 35 122 136 
148 152 112 156 22 98 17 95 
190 13 12 51 25 169 15 142 
62 175 168 192 127 67 28 53 
119 27 185 146 153 181 117 
73 173 133 68 75 163 
135 113 141 154 110 200 52 
103 134 88 8 106 
20 19 86 100 37 157 188 63 
85 78 144 126 72 34 4 1 59 198 
182 197 79 125 130 158 
60 177 104 132 89 121 99 
101 166 31 160 91 61 174 
30 50 186 140 70 187 149 
57 147 80 47 69 29 138 137 
26 65 171 124 81 7 165 
18 55 5 33 128 96 74 92 56 
82 161 159 40 97 49 111 
41 45 23 21 196 151 90 162 
155 164 93 102 14 76 139 109 39 107 
170 118 84 24 145 
131 32 11 6 

