114 134 50 156 98 139 137 198 
18 54 191 154 24 81 28 63 
26 164 190 193 33 4 49 123 
44 41 124 129 51 94 77 95 149 
120 80 73 75 163 79 181 
118 141 66 91 165 72 138 183 53 
133 45 178 97 184 100 162 130 142 111 
119 180 43 176 121 34 158 1 59 
116 147 186 58 185 9 67 17 
101 62 27 25 172 71 37 157 117 
93 192 65 145 194 195 105 15 
78 83 128 166 35 14 136 108 
20 113 32 171 125 140 187 74 
12 175 22 61 69 96 179 109 
60 13 177 8 127 89 110 39 
131 104 5 115 174 29 52 92 
55 146 153 152 40 151 188 99 107 
57 144 47 196 132 7 42 
155 150 159 143 46 106 90 64 189 
23 19 30 122 11 6 200 87 56 
182 173 170 199 126 167 
103 148 3 36 2 
10 82 135 68 168 169 
48 21 197 160 70 76 
102 85 86 31 16 
161 38 88 84 
112 

