18 152 23 163 25 70 87 92 123 
82 143 26 167 89 138 59 
19 178 173 182 75 52 130 142 
44 20 45 54 125 4 136 189 
88 177 3 104 71 126 9 99 165 158 107 
164 62 141 191 33 157 74 
135 38 127 168 122 174 39 
85 197 6 14 94 42 15 63 
27 116 120 153 145 172 77 110 28 111 
48 129 115 36 79 29 179 198 
144 102 24 8 186 17 34 53 
134 21 161 176 128 96 162 56 
159 58 113 61 194 64 1 109 
60 160 69 40 2 181 117 183 
190 47 41 196 151 16 105 49 
133 131 170 50 112 195 200 67 95 
73 32 13 199 68 137 81 187 149 
93 166 78 150 43 100 108 188 
147 171 86 80 139 91 90 
118 180 84 10 46 7 98 140 
57 175 124 31 97 121 
101 119 156 192 146 132 72 
103 12 11 193 185 37 
155 148 66 65 169 
30 114 83 35 184 76 
5 154 55 22 51 
106 

