93 102 27 13 125 200 99 158 
44 192 60 180 191 36 106 121 189 
164 82 176 84 94 77 15 109 107 
144 10 11 71 1 79 29 28 63 
133 12 156 152 151 98 81 74 123 
21 75 103 186 16 130 53 
65 50 134 22 14 96 64 108 
62 131 45 116 172 25 89 195 105 42 
83 193 150 128 2 9 137 39 
73 129 30 146 153 97 61 34 49 
159 119 66 124 139 90 67 17 149 
197 32 178 196 40 194 145 110 56 
5 113 190 37 140 7 157 187 142 
18 104 38 199 69 70 179 162 59 
135 57 19 31 100 122 95 188 198 
155 78 173 166 47 6 183 138 111 
20 41 85 26 163 168 76 87 52 92 
48 160 115 43 68 169 117 
148 177 8 54 127 132 136 
114 120 170 80 112 51 174 
3 88 118 143 72 4 33 165 
182 23 58 154 24 167 
171 147 101 46 126 181 
55 161 185 184 141 
35 175 86 91 

