101 150 133 124 91 172 105 15 111 
104 38 134 156 132 130 179 39 
27 41 116 129 141 29 90 99 49 
44 82 83 126 97 110 92 28 149 
131 143 178 192 196 37 34 188 158 
161 3 88 75 9 121 165 137 56 
170 80 31 11 13 125 95 1 109 
12 177 22 112 122 139 162 74 198 
23 48 182 146 33 167 138 53 183 
155 113 45 85 24 154 194 89 136 189 
66 160 78 10 128 191 98 157 142 63 
57 54 60 193 46 72 67 17 107 
73 171 19 153 68 169 42 87 123 59 
5 166 93 58 8 76 81 117 108 
197 26 148 199 96 195 52 
147 32 173 168 94 200 174 
190 18 119 35 25 79 64 
135 102 164 70 47 69 181 
144 120 62 163 77 61 140 187 
20 30 114 159 186 7 
103 65 115 6 127 100 
118 152 50 40 14 151 16 
55 176 86 43 71 
180 175 21 184 4 
185 84 36 106 
2 51 145 

