144 166 12 197 25 33 52 92 
182 193 154 36 157 117 111 
27 164 147 11 191 71 7 181 137 
119 146 196 173 100 199 37 105 
44 152 19 41 22 169 136 109 
65 86 141 192 14 195 17 49 
5 135 60 143 43 90 95 189 
45 155 180 91 125 4 63 149 
62 3 58 128 151 98 
101 120 113 185 140 77 179 56 
104 84 122 47 69 29 130 123 
131 133 26 48 129 70 106 
156 159 150 194 172 138 
66 82 46 61 168 174 
10 102 78 97 89 74 
170 126 16 6 64 1 108 
73 18 55 132 68 142 39 
178 114 190 35 34 167 188 165 
93 21 38 79 153 87 42 15 198 
134 50 54 115 139 59 
20 85 31 176 51 94 187 
177 88 24 80 96 81 
103 171 118 112 110 107 
23 75 175 40 145 162 53 
30 8 186 184 163 76 
83 160 2 13 200 121 
161 124 148 127 72 99 183 
116 57 28 67 158 
32 9 

