55 51 123 113 171 126 49 
46 2 187 124 79 167 
145 112 14 125 138 88 154 148 119 
1 161 66 25 182 186 105 
155 26 50 21 53 17 40 10 
149 115 34 99 33 164 65 70 
147 93 5 176 122 101 43 190 
196 143 80 175 90 37 52 
173 94 89 121 159 177 24 
117 36 62 136 179 
4 188 184 135 166 130 129 74 
132 18 92 8 104 6 58 96 77 
140 86 133 195 134 183 61 
71 56 144 
157 72 152 163 98 178 192 42 108 
63 67 68 131 69 169 47 83 
7 44 48 189 141 174 
146 103 
30 35 12 114 102 
87 57 160 180 116 11 27 
158 193 151 194 111 107 
81 168 16 139 162 23 191 
15 199 100 181 9 28 
41 54 19 156 97 45 110 
106 85 38 95 142 200 128 
153 165 31 185 170 78 91 
73 3 137 84 118 22 127 82 75 
13 20 64 109 172 198 
120 150 60 76 32 39 29 59 197 

