85 152 99 189 6 159 177 102 10 52 
4 106 135 146 124 134 88 70 105 
157 15 184 71 12 181 103 9 174 77 
147 3 137 68 131 56 33 144 179 186 107 
46 188 94 104 95 194 164 43 190 
87 26 50 14 136 118 183 148 45 24 
132 18 51 60 31 185 53 154 91 197 
196 36 162 121 142 111 40 128 59 
44 117 193 125 84 37 82 47 198 108 
140 199 86 195 160 130 79 126 42 119 75 
149 1 168 92 163 38 114 90 22 127 97 110 
73 145 112 173 34 122 170 172 28 27 
7 63 35 113 175 182 129 141 191 
81 158 150 5 133 80 64 109 25 156 83 
72 48 8 187 69 169 101 192 200 
30 20 21 165 138 39 96 65 74 
155 55 67 41 54 98 62 32 23 29 61 
161 123 139 176 180 116 11 49 
93 153 166 89 151 178 167 
13 57 171 17 78 
120 143 66 58 
115 16 76 
2 19 
100 

