4 41 176 21 183 200 128 197 75 
112 20 173 130 25 141 43 191 108 
87 196 54 12 100 194 23 177 102 10 
149 18 120 16 146 122 37 9 174 105 
106 15 5 131 56 33 129 82 
73 145 92 123 66 165 124 167 179 198 110 
46 188 153 71 19 178 32 138 88 111 42 24 
155 55 117 36 68 133 64 185 181 101 77 
72 35 152 34 98 95 189 159 47 74 97 45 
63 199 135 99 170 53 192 40 52 
13 57 193 109 182 116 11 172 148 
140 168 14 80 195 160 79 126 49 28 27 61 
132 85 60 104 62 84 142 96 107 
44 150 143 125 114 58 22 29 65 119 
81 7 67 86 69 31 127 83 
1 158 166 151 175 134 156 78 59 
157 147 93 137 121 39 164 186 70 190 
51 26 48 139 187 162 171 169 103 154 
30 94 89 38 144 91 
161 115 8 113 118 90 
50 3 136 
2 163 6 
184 76 17 
180 

