188 184 71 94 12 19 129 164 141 107 
41 36 66 118 23 102 59 
168 123 16 76 124 181 53 111 174 91 
15 5 121 185 183 200 
106 85 60 99 98 136 58 65 191 190 
196 112 133 31 170 154 10 77 
158 44 143 34 95 6 189 177 108 
46 57 152 163 38 178 138 192 40 45 
157 147 93 199 135 64 79 116 11 49 
140 30 2 139 187 146 32 37 127 
4 3 113 171 142 88 83 75 
81 173 151 114 167 179 186 
7 55 67 137 21 69 165 17 74 
120 8 162 62 194 90 22 47 82 
132 50 80 56 33 144 43 70 
117 86 109 180 172 97 
153 104 100 148 197 
51 89 84 39 42 
87 1 26 68 176 134 169 78 119 
73 20 48 175 96 29 105 110 
149 145 54 193 125 159 28 27 61 
155 161 92 131 195 156 126 128 
72 150 166 25 182 9 198 
63 18 35 14 160 130 103 101 52 24 
13 122 
115 

