30 2 16 8 180 116 119 45 
73 50 68 176 69 31 185 111 42 
140 18 86 122 181 183 102 
132 55 41 36 162 194 138 88 74 10 
155 161 92 60 76 32 39 164 65 70 107 
112 35 131 170 17 
157 147 137 133 160 130 126 156 172 49 61 
46 139 21 25 182 167 28 
1 115 34 104 136 6 148 105 59 
44 117 99 98 84 53 192 200 
149 196 20 171 90 177 127 198 108 
7 120 123 14 195 129 144 186 191 
106 15 153 166 89 125 11 83 52 197 
87 158 143 187 146 124 134 169 9 27 
72 93 135 38 189 159 96 43 190 
81 67 150 3 66 64 109 47 174 
13 173 152 113 121 37 22 24 
4 188 48 100 62 142 101 154 128 
85 71 193 79 103 40 75 
63 51 151 178 118 82 97 
145 57 94 12 19 95 114 58 29 141 77 
184 199 5 80 175 56 33 179 91 110 
168 26 163 78 
54 165 23 

