140 1 26 8 146 165 31 11 49 27 
147 93 135 19 136 189 42 119 24 
30 20 113 160 25 180 167 105 
120 92 14 64 109 154 28 
44 60 38 62 84 32 65 10 
7 63 150 3 6 90 111 40 
199 97 108 
149 81 123 133 56 182 186 77 
188 153 34 121 169 17 192 
73 13 35 48 162 171 122 118 127 107 
132 46 166 89 151 178 58 164 141 
158 51 68 21 130 79 43 
155 67 117 104 114 39 88 183 74 197 75 
157 18 50 80 195 116 101 148 61 
72 184 15 163 98 95 37 29 96 70 190 
106 71 94 12 134 156 78 
168 137 176 69 124 185 181 103 172 
4 41 36 5 66 138 177 47 82 59 
196 145 161 143 76 170 53 200 128 110 
87 55 54 99 33 129 174 83 45 198 
57 173 152 187 23 22 102 52 
112 115 16 139 144 179 91 
85 193 125 194 142 159 
2 100 9 191 
86 131 126 
175 

