87 155 67 14 38 33 129 141 83 52 45 24 108 
46 15 184 68 146 124 37 154 119 197 
158 44 150 3 66 69 165 138 183 200 128 10 198 
73 112 161 92 16 162 76 122 111 70 107 
149 1 168 8 139 187 31 116 11 148 
30 2 125 178 90 29 65 43 190 
196 41 5 131 195 134 103 192 40 75 
157 117 36 113 171 142 159 74 97 105 110 
55 26 123 98 95 189 23 127 82 77 
81 132 199 135 166 160 130 79 126 49 27 61 
145 20 173 152 163 100 136 6 22 96 174 91 
7 153 12 19 62 32 39 47 102 
106 85 133 64 185 169 101 42 59 
4 72 147 60 99 104 114 58 164 191 
18 120 50 86 80 109 56 144 186 28 
140 115 48 176 84 118 78 
188 71 94 151 175 182 179 
13 57 54 193 25 180 167 
63 51 137 121 194 177 
143 34 181 156 
35 21 170 172 
93 89 53 
17 
88 
9 

