196 3 137 176 121 156 42 105 
155 157 36 146 116 111 128 77 
81 1 115 56 88 183 97 119 75 
73 123 100 104 136 189 191 70 190 
4 46 35 34 99 33 144 28 
7 147 187 90 118 148 
140 145 94 151 178 58 22 47 102 
87 18 16 162 31 185 127 
188 72 199 135 80 160 25 79 11 49 61 
168 2 163 6 159 40 
106 57 152 60 130 29 65 
26 89 175 134 103 192 
44 150 68 5 122 170 17 200 108 
184 15 153 193 95 37 186 91 
13 133 169 181 9 174 
132 67 117 14 38 62 194 142 96 110 
20 54 125 182 101 27 
120 51 48 139 76 32 138 164 43 107 
55 41 113 171 53 
93 166 64 195 126 78 52 59 
161 92 8 98 114 39 167 197 
30 173 12 19 84 23 177 82 74 45 24 
149 112 143 21 165 69 124 141 179 
63 158 50 86 131 66 180 154 83 10 198 
85 71 129 
109 172 

