55 93 199 135 89 151 180 11 172 197 
81 1 2 60 99 122 88 101 148 91 
132 7 67 41 139 187 171 185 134 183 128 10 
106 15 153 133 64 39 37 9 174 74 97 
63 18 150 36 68 137 80 195 130 182 144 186 179 107 
155 147 34 38 104 114 159 200 40 45 
140 188 184 163 95 6 189 22 96 29 191 198 110 
158 51 26 143 98 62 84 32 23 127 47 82 105 
87 13 20 152 109 25 116 42 119 24 
117 50 86 165 170 53 111 83 75 
157 4 71 166 31 169 181 65 43 108 
168 5 121 129 141 70 190 
73 145 112 173 94 12 56 33 167 59 
149 120 92 48 113 178 138 90 52 
72 35 14 160 79 156 126 49 28 27 61 
44 123 66 21 69 103 192 102 77 
196 30 54 125 194 142 
46 85 176 146 124 17 78 
3 19 136 58 177 
161 115 16 8 162 76 118 154 
57 193 175 164 
100 
131 

