87 41 150 54 124 116 11 148 105 59 108 
7 55 199 166 69 181 53 111 70 24 110 
132 161 115 16 34 136 84 23 127 47 10 198 
72 147 86 131 64 109 56 129 164 174 91 
149 4 137 68 66 165 79 179 27 61 75 
73 57 60 125 178 88 192 40 128 
196 13 35 48 99 121 32 138 159 82 83 77 
46 188 184 187 171 134 156 172 97 119 197 
81 1 94 12 100 95 189 22 43 107 
155 63 18 50 5 176 160 180 42 45 
157 93 113 21 130 167 191 190 
120 158 36 151 194 90 183 74 52 
140 106 71 193 89 175 33 144 186 28 
145 112 20 152 163 98 114 58 177 102 
44 135 146 122 169 103 101 154 
168 92 143 139 76 142 29 96 
51 26 123 38 104 62 39 37 141 
30 2 19 126 49 
85 153 6 118 200 
173 162 31 185 17 78 
67 117 3 14 80 195 25 182 9 
15 133 170 
8 65 

