73 112 115 113 130 25 47 83 
117 89 180 167 27 
145 92 80 195 79 11 10 
132 149 150 163 19 95 58 23 22 190 110 
4 147 153 166 193 175 84 118 192 78 61 
120 18 152 146 165 138 40 97 198 
155 44 5 133 114 101 111 
199 93 135 12 33 148 119 
196 3 171 90 43 45 
81 7 41 54 99 136 183 42 
87 13 173 94 151 126 200 52 
106 48 8 98 189 29 96 82 
63 50 86 131 66 124 164 186 70 
46 15 184 162 194 177 
161 14 38 170 28 
55 67 123 64 160 156 174 74 105 
168 137 62 32 39 37 102 77 
30 35 139 187 31 134 103 9 91 
143 34 100 178 142 159 24 
2 16 121 144 179 107 
57 176 56 182 191 
20 125 116 172 49 
188 36 76 129 141 65 
157 72 21 69 185 127 59 75 
158 51 68 109 169 53 128 
140 1 26 60 122 181 88 154 197 108 
85 71 104 17 
6 

