57 35 113 176 69 31 126 49 119 
67 41 137 5 131 165 185 88 154 107 
149 87 168 92 8 34 189 159 40 77 
7 117 139 187 146 32 39 186 70 
81 158 150 12 19 95 136 58 22 191 43 
4 36 60 25 79 164 74 
157 18 135 133 195 109 180 116 11 172 148 
112 163 100 104 62 194 118 183 105 75 
106 15 71 193 170 192 128 198 110 
161 111 190 
55 63 44 143 66 130 160 182 167 179 91 108 
46 3 86 84 138 141 174 83 45 59 
140 188 153 166 121 142 177 82 52 24 
147 93 199 54 151 56 23 127 47 97 
1 2 16 175 103 101 9 27 
85 14 80 124 134 169 53 200 10 
13 20 173 152 125 114 178 90 29 65 197 
155 132 51 123 48 38 181 156 28 
196 145 115 162 171 122 17 42 61 
120 26 50 99 33 129 
73 30 21 37 96 
72 184 94 89 6 102 
68 64 78 
76 144 
98 

