46 106 5 131 195 160 79 156 197 
155 188 184 153 12 19 95 142 192 74 10 
158 150 36 3 137 175 53 78 148 105 
140 112 92 139 162 121 138 39 141 43 52 
4 147 199 86 124 185 29 96 190 
26 89 151 84 177 82 198 
157 72 15 68 62 58 102 24 
87 161 115 163 100 114 90 111 70 
63 117 38 136 6 88 183 128 
132 81 67 66 64 56 33 129 65 83 45 119 
145 57 193 109 37 164 
133 91 
13 173 60 146 165 69 134 17 40 42 110 
1 18 135 166 125 194 159 107 61 75 
44 50 187 171 122 169 181 101 9 28 27 
196 30 16 21 130 180 11 49 108 
149 168 123 143 80 118 23 22 47 77 
73 2 48 113 176 25 126 174 97 59 
71 94 104 32 191 
7 55 35 152 34 98 178 144 186 179 
120 51 8 99 189 127 
93 76 31 170 200 
20 54 116 172 
85 182 167 
41 14 103 154 

