55 199 93 99 136 189 177 96 174 119 75 
140 20 139 165 124 32 90 183 74 83 105 197 
145 135 166 151 125 84 39 22 65 70 
1 161 2 163 100 104 114 118 154 128 10 198 
7 120 36 137 113 122 134 164 191 24 
68 101 97 108 
72 3 171 142 127 47 82 59 110 
132 155 18 150 54 89 19 95 6 58 29 107 
196 73 92 14 80 64 195 160 25 180 167 45 
157 67 8 187 146 31 169 126 172 91 
4 147 71 193 178 138 159 28 27 61 
81 87 41 5 66 176 69 185 181 111 42 
149 13 35 152 76 121 103 78 148 
112 30 48 109 56 33 129 186 43 77 
168 26 123 131 130 79 116 11 190 
63 51 143 60 34 98 194 17 192 40 52 
106 153 94 12 62 37 141 
46 57 173 175 182 144 179 
44 158 50 86 133 53 200 
15 188 184 21 170 102 
117 162 9 
85 38 88 
115 16 156 49 
23 

