132 158 36 95 17 97 
149 81 54 89 125 178 138 183 148 119 108 
18 150 135 80 69 182 186 70 27 61 
196 13 35 48 113 146 121 32 39 
4 147 3 131 185 103 172 49 
87 155 123 104 114 84 118 40 42 75 
41 94 151 25 156 74 
106 173 98 62 129 164 191 190 
115 2 8 21 165 167 179 107 
117 193 175 79 116 9 10 24 
112 68 5 64 31 169 53 91 
44 26 14 176 124 23 22 127 102 198 
30 20 34 181 29 47 52 
85 153 122 28 
15 188 184 163 6 159 177 105 
93 66 195 130 101 111 
1 120 152 90 96 82 
145 161 92 133 109 126 154 
46 16 136 144 
63 67 137 19 141 
157 72 71 160 180 174 83 45 
57 139 162 171 134 11 77 110 
73 166 12 194 142 88 192 200 128 
55 7 199 38 170 78 59 
140 51 143 60 99 100 189 58 65 43 197 
50 187 76 37 
168 86 56 33 

