149 112 166 89 194 138 9 28 91 
140 15 184 60 163 136 178 58 22 191 43 107 197 
168 26 86 109 56 101 111 42 105 24 108 
7 93 199 54 12 169 53 148 119 59 
87 67 150 3 5 66 131 31 185 88 183 102 
13 30 48 113 146 122 181 156 172 49 27 75 
4 106 14 176 165 69 180 167 97 52 
81 145 115 34 100 62 142 159 177 174 198 
73 20 173 94 151 182 129 186 179 61 
55 117 21 121 32 23 96 10 77 
72 147 153 135 104 6 189 29 65 70 190 
155 63 41 36 68 76 126 78 45 110 
132 1 161 16 139 171 39 37 164 141 74 
120 51 123 143 187 25 116 11 83 
46 71 99 114 118 192 200 40 128 
196 92 152 130 79 154 
158 44 8 98 84 90 127 47 82 
157 188 137 19 95 144 
18 50 133 80 175 134 103 
57 193 125 17 
85 64 195 160 
35 38 170 
2 162 124 
33 

