196 51 86 58 191 45 
140 4 137 5 80 64 169 88 111 198 
87 18 150 166 89 175 23 47 70 
73 13 21 129 144 186 179 24 
30 173 195 79 78 
132 155 147 199 133 118 177 127 102 
117 36 131 165 138 164 65 197 108 
92 60 146 31 181 101 9 28 61 
72 153 12 56 183 
57 48 99 126 200 
143 14 125 17 128 
81 44 50 76 142 22 96 43 
149 15 184 163 62 32 37 154 74 10 110 
26 123 8 136 6 27 
55 93 54 98 194 39 107 
67 34 116 11 49 
63 3 68 176 114 90 75 
112 20 152 160 25 182 29 91 
46 41 135 122 185 156 172 
120 158 104 178 84 42 
1 161 66 124 170 192 190 
157 16 139 187 121 53 40 83 59 
188 35 162 171 141 82 77 
106 85 71 193 130 180 167 97 52 
145 115 113 69 134 103 148 
7 94 38 100 95 189 159 174 119 105 
168 2 19 33 
151 
109 

