155 63 18 123 125 56 33 96 29 65 83 110 
87 73 112 16 187 171 124 167 186 70 107 
46 15 176 21 25 144 97 45 24 
149 196 135 80 64 195 160 130 156 200 10 198 108 
140 13 20 152 151 175 116 11 52 197 
132 168 92 34 38 104 136 118 101 148 91 
145 36 137 146 121 142 159 177 127 74 105 
157 4 166 193 109 182 164 141 191 43 190 
120 158 3 86 66 185 88 28 
30 2 60 165 69 134 169 183 40 128 59 
7 55 117 113 62 194 32 23 22 82 61 
81 67 41 94 89 95 178 90 47 174 119 
147 184 71 31 37 9 27 75 
93 153 54 180 172 77 
106 85 163 98 103 192 111 
72 188 199 133 114 138 78 
1 161 115 8 162 122 53 17 102 
44 50 139 76 79 154 42 
150 12 19 84 39 179 
57 35 48 99 181 
51 143 68 131 49 
26 5 58 
14 126 
173 100 189 
6 
170 
129 

