87 155 67 86 121 118 88 111 174 91 
7 35 152 160 25 186 43 190 75 
15 48 139 181 126 172 27 
1 36 66 58 23 22 127 97 45 110 
81 147 89 136 84 159 177 59 197 
30 16 99 124 79 200 10 
149 18 94 98 62 32 90 183 128 198 
196 112 137 176 146 185 134 179 61 
20 54 151 53 17 42 52 24 
145 50 80 195 109 33 129 144 28 
4 85 21 165 69 37 29 96 77 
73 26 143 34 104 6 189 65 
184 188 153 133 64 130 180 11 148 
132 55 63 12 100 95 138 9 74 
13 57 8 187 171 141 82 
120 51 123 131 31 170 40 119 
157 72 199 60 76 122 169 103 101 107 
168 92 163 19 178 114 39 164 191 
46 150 3 5 68 175 142 192 
140 106 135 166 193 125 56 182 154 83 105 108 
161 115 38 156 49 
158 44 14 113 116 167 70 
93 194 47 102 
71 78 
173 162 
117 
41 
2 

