4 184 153 54 69 32 118 82 47 74 77 198 
140 196 35 152 113 194 142 96 65 110 
87 120 26 143 146 165 182 9 43 45 24 
157 117 36 137 19 178 114 138 101 27 
145 57 80 84 37 29 141 70 107 91 61 
115 2 34 99 185 126 148 105 52 
149 81 18 166 193 130 180 11 49 28 197 
30 20 187 171 31 134 183 174 83 59 75 
132 155 55 67 150 68 131 66 90 88 40 10 
46 106 85 60 175 181 156 172 97 119 108 
158 51 123 48 100 17 78 
7 41 199 135 133 195 109 56 129 144 186 191 190 
188 93 76 122 170 53 192 200 128 
73 112 161 12 125 39 23 22 127 102 
13 173 94 104 38 62 159 111 
63 44 89 136 6 189 177 
1 50 139 176 25 79 116 154 
72 15 5 21 124 169 103 42 
168 92 16 8 162 121 167 179 
147 3 14 64 160 164 
71 98 58 
86 33 
163 95 
151 

