63 120 54 19 194 90 138 101 42 59 
7 18 26 143 14 64 160 25 182 186 70 107 110 108 
149 87 20 176 69 165 185 169 156 83 52 198 
157 55 199 135 104 136 118 183 82 45 75 
4 106 48 99 38 114 39 22 29 174 74 119 24 
72 36 3 5 66 122 103 172 28 
155 117 60 34 98 58 23 96 47 97 197 
1 161 115 8 187 124 116 191 190 
132 112 16 113 130 79 126 78 27 61 
196 73 30 94 89 125 56 33 129 102 10 
81 93 166 12 95 6 189 177 127 77 
15 188 184 71 195 134 164 141 105 
44 51 68 21 32 88 192 200 
140 57 139 162 171 31 53 17 128 
158 150 163 100 84 142 159 91 
168 92 151 180 167 179 
145 173 80 109 37 65 
46 85 76 121 181 111 40 
13 35 131 154 
67 50 86 133 144 43 
147 41 193 175 11 148 
2 146 62 49 
153 178 9 
123 170 
152 
137 

