4 188 199 135 166 95 6 189 159 47 82 74 
73 13 173 146 56 37 141 174 10 24 
44 50 21 124 185 181 88 183 91 110 
81 1 120 54 89 125 114 39 28 
149 87 112 35 152 162 138 177 127 97 105 
7 63 143 60 34 98 136 22 96 65 45 52 
155 41 36 3 137 14 64 160 116 111 119 197 
168 115 163 100 178 58 29 191 43 77 
46 92 19 62 194 53 192 200 40 198 108 
145 57 113 76 134 167 179 190 75 
140 196 30 139 176 165 69 79 103 101 27 61 
132 51 68 133 84 118 102 59 
106 184 153 80 195 130 25 182 154 70 107 
55 93 99 121 32 142 148 
157 72 147 193 31 169 172 49 
18 26 123 8 187 129 164 83 
67 94 12 38 90 9 
20 48 171 122 170 17 78 
158 117 5 86 131 180 42 
161 2 104 126 128 
150 66 175 33 144 186 
15 71 151 156 
85 109 11 
16 23 

