30 2 125 84 177 127 10 
13 139 187 25 180 11 148 61 
15 188 137 5 133 134 96 29 65 97 197 
81 120 51 26 68 130 182 172 49 27 
106 85 193 175 142 183 91 108 
153 104 156 128 59 
168 131 118 191 198 
112 92 14 176 121 159 82 105 24 110 
63 35 48 100 136 178 200 40 45 
46 150 36 19 95 39 167 107 
44 158 50 162 69 116 9 83 77 
72 147 86 66 165 185 103 101 28 
149 184 71 12 56 37 141 43 
196 20 80 64 195 160 79 78 
73 145 166 89 151 114 90 88 111 42 
7 67 41 60 171 169 47 174 52 75 
1 161 115 16 34 38 189 23 22 102 
155 57 113 21 122 170 53 192 
157 199 93 135 146 124 31 181 154 190 
140 18 54 109 138 164 74 119 
132 87 123 143 99 6 58 186 70 
55 94 98 62 194 32 179 
4 3 76 129 
173 152 163 33 144 
117 126 
8 17 

