87 55 3 131 124 31 134 88 183 97 
4 188 68 125 118 138 40 42 75 
46 15 48 98 62 84 90 200 128 105 
30 173 113 130 180 141 70 107 91 197 
81 184 76 122 185 169 103 174 24 110 
132 67 18 137 14 146 194 142 177 127 102 10 198 
196 145 161 2 163 104 100 178 39 164 82 59 108 
149 7 117 187 121 32 29 96 28 27 
155 72 199 135 166 193 151 114 159 47 74 83 45 
1 120 26 143 60 38 95 6 189 65 43 190 
158 51 50 133 195 109 25 79 11 172 148 119 
140 168 123 99 136 17 192 52 
73 13 20 152 162 171 181 156 78 61 
157 147 93 5 80 64 56 23 22 191 77 
106 153 94 89 175 33 129 144 186 179 
63 44 150 54 12 53 101 154 
112 115 16 176 69 165 116 9 
41 36 139 21 182 111 
85 34 49 
86 66 160 167 
71 19 37 
57 35 8 58 
92 126 
170 

