7 147 60 76 31 169 191 190 
149 132 155 18 143 133 195 130 25 116 101 148 91 
112 145 161 92 163 98 194 142 22 96 74 77 
140 168 48 104 38 178 177 127 47 82 119 197 
157 67 41 135 151 189 159 40 105 24 110 
81 1 150 5 80 109 182 11 70 198 
44 117 19 62 32 138 90 183 83 97 45 59 108 
46 15 199 14 146 185 181 53 154 27 61 
196 26 123 64 134 164 141 65 43 75 
106 153 94 89 175 56 33 129 29 174 107 
55 158 50 113 21 122 17 52 
4 72 93 137 125 114 39 37 128 10 
13 20 139 162 171 103 192 102 
87 73 2 16 8 99 121 84 23 28 
63 120 51 86 131 160 180 167 186 179 
30 35 187 165 69 124 88 111 42 
85 71 166 12 95 136 118 200 
188 184 68 176 79 126 156 172 
36 3 100 6 58 
57 173 152 34 170 78 
66 144 
54 193 49 
115 9 

