140 87 50 137 176 122 170 70 190 
149 168 16 99 98 6 23 22 96 65 43 
72 41 143 139 187 76 185 53 183 174 
157 147 94 38 104 62 194 164 141 191 108 
155 44 117 3 5 133 195 56 33 144 74 52 
196 13 57 173 12 134 126 10 
145 92 123 19 114 39 101 154 83 97 105 110 
132 4 71 166 64 130 79 192 40 119 24 
158 120 8 34 100 136 189 159 107 61 
1 18 150 89 31 17 148 91 
112 30 20 152 60 165 69 129 167 179 27 75 
15 199 135 193 151 125 32 90 118 78 197 
7 93 86 131 124 138 29 47 
81 67 35 162 146 116 11 172 45 198 
106 184 163 121 181 169 103 111 128 59 
46 85 14 80 109 160 156 49 28 
63 51 26 68 21 127 82 77 
73 161 2 48 171 142 88 200 42 
188 153 54 175 84 37 186 
55 36 113 25 180 9 
115 95 178 58 177 102 
66 182 

