102 124 200 14 149 186 79 82 2 96 67 
98 150 26 134 87 115 13 141 75 
197 161 41 21 81 70 19 
15 111 198 106 55 8 60 
136 63 122 
105 32 192 112 114 86 158 73 93 148 
28 180 131 12 29 173 155 
31 45 99 109 125 52 91 
179 16 169 191 174 157 
4 68 7 132 46 20 17 135 120 175 
100 143 24 184 190 145 27 107 11 
153 199 176 23 128 
118 127 58 42 138 137 
48 133 139 165 116 
88 177 151 117 22 
170 159 5 181 71 185 39 
6 195 72 196 43 90 44 80 
140 168 160 129 144 1 193 
35 25 104 164 10 
163 78 182 183 187 126 154 64 
59 9 3 51 76 97 36 
18 56 38 
162 113 77 50 33 
152 171 49 89 166 
92 37 54 130 103 95 178 30 
57 167 40 65 123 
47 172 62 156 121 146 
147 119 142 61 110 194 
188 108 85 101 189 94 74 53 66 34 83 
84 69 

