100 142 130 138 26 42 186 79 80 154 30 
140 24 15 102 184 187 144 121 17 60 
94 156 185 
40 98 152 161 136 3 43 179 91 193 
108 38 128 168 99 23 114 125 50 19 67 
54 197 62 181 134 191 55 2 36 
14 6 171 63 159 150 41 194 66 96 34 120 
48 180 149 162 72 27 95 116 126 82 146 
133 173 9 155 176 58 93 73 141 175 97 64 
28 49 57 119 183 51 111 145 81 11 39 
84 127 113 105 21 139 188 86 74 70 157 148 
92 12 29 37 89 65 52 160 192 13 75 
78 47 200 124 131 196 198 106 178 135 83 
143 165 31 195 129 53 8 76 
4 153 45 85 151 109 189 158 107 174 1 
163 132 18 7 190 167 110 90 33 
88 118 20 10 122 137 115 
172 5 164 35 25 104 77 46 87 123 
68 16 169 147 22 
182 56 117 32 112 101 166 
177 61 44 
199 69 59 71 
103 170 

