153 6 49 63 103 78 187 71 8 82 154 148 
152 68 72 171 200 110 145 126 76 1 
4 14 43 180 156 166 29 128 50 70 158 
162 124 7 24 22 74 101 66 13 60 
98 143 108 86 139 90 193 73 120 19 
26 20 172 191 176 69 155 115 141 96 146 
28 42 131 183 190 106 194 33 36 
102 196 89 88 41 91 185 175 
140 9 54 59 188 23 117 112 114 79 
163 199 181 138 186 137 121 
167 16 133 85 160 189 125 55 17 64 83 
142 3 182 147 31 38 52 80 116 30 75 
149 130 197 104 10 174 11 157 67 39 
18 5 113 58 134 81 97 
92 179 48 132 150 129 192 107 2 
100 12 173 184 27 87 
127 84 46 159 77 35 122 178 93 135 34 
57 177 65 151 94 21 144 123 
169 15 161 119 40 195 109 53 
47 62 25 170 95 
105 37 45 165 99 
168 56 32 198 
61 136 51 111 
118 44 
164 

