57 119 182 156 152 22 13 121 1 39 
43 180 16 149 79 90 76 148 
4 48 196 7 136 3 130 110 95 154 158 67 
63 18 131 184 27 44 116 70 30 
59 177 94 168 139 125 55 146 64 36 
169 183 124 132 171 187 71 107 135 
12 69 35 186 73 75 
61 14 46 17 115 
92 6 162 26 197 134 58 41 96 97 
167 68 72 129 52 117 114 91 
100 9 143 45 31 189 99 65 53 11 
37 176 88 105 113 80 82 
54 153 147 161 23 74 81 174 8 60 175 
84 89 160 151 106 145 93 
142 15 179 133 40 86 112 123 120 
78 49 28 163 140 127 199 87 137 33 
118 191 20 42 122 178 157 
155 165 173 108 38 128 109 192 66 185 141 
24 150 51 198 194 126 34 
47 102 190 98 195 21 166 50 2 
172 10 164 104 181 159 138 144 19 193 83 
188 29 56 85 32 
200 5 62 77 25 170 
103 111 101 

