182 3 171 132 43 79 96 2 97 175 146 
188 53 52 45 99 128 160 33 157 39 
163 68 169 161 9 129 126 178 141 
14 49 15 98 139 173 114 86 55 75 
140 130 197 26 172 62 77 46 17 135 67 
48 152 61 184 183 190 179 73 76 64 
54 89 153 149 63 110 90 116 60 30 
65 94 119 166 81 194 82 36 148 
170 25 104 35 181 134 71 121 11 
92 40 147 108 32 125 112 74 70 145 193 
78 103 156 196 167 27 198 22 66 
4 47 6 42 5 122 138 115 13 8 185 
142 200 187 58 113 69 176 191 87 144 123 34 1 
124 102 7 180 131 51 18 95 91 80 174 154 
28 162 127 118 199 105 155 158 19 83 
195 38 117 56 151 165 23 192 50 101 107 
133 100 59 143 21 109 106 41 93 120 
37 12 29 31 85 189 137 
24 57 16 136 72 44 
88 186 159 20 10 
84 150 
177 111 
164 
168 

