9 12 99 168 32 108 173 123 34 175 83 
92 163 162 199 127 105 69 113 87 
7 183 102 184 198 41 73 13 8 97 36 
14 78 171 98 31 189 160 194 154 76 2 
37 59 100 147 61 179 135 66 157 30 
4 133 165 94 139 191 11 115 60 141 146 
180 152 18 124 3 22 74 33 121 185 75 
84 161 40 71 144 137 82 67 64 
140 88 29 188 187 150 116 93 148 
62 5 172 170 122 77 10 107 81 
6 47 169 86 45 38 117 23 192 53 96 
142 28 130 42 197 138 149 90 95 145 91 70 
131 119 16 72 136 196 190 27 178 80 174 
54 177 128 65 56 112 125 109 17 
153 25 104 186 176 58 79 193 
182 195 57 114 166 89 134 50 1 
26 200 110 43 156 158 55 126 120 19 39 
49 24 48 68 15 167 52 101 
103 132 129 106 
63 181 35 164 159 20 46 
155 21 143 44 
85 51 111 
118 151 

