4 133 56 53 117 52 33 1 175 64 
42 62 122 10 25 104 149 95 79 60 
140 100 147 54 125 101 93 
196 200 181 91 116 19 
85 28 187 44 80 73 
127 161 190 106 157 154 97 
142 153 63 46 5 113 191 71 17 
12 143 77 90 8 185 
182 119 139 32 151 114 137 66 67 
14 163 51 166 22 55 193 141 
7 184 152 40 98 27 115 148 
43 179 159 20 58 87 146 30 
59 9 69 199 105 88 194 41 145 
128 99 94 65 177 86 189 74 178 39 
92 57 167 68 156 131 103 
15 170 186 138 121 
118 84 171 150 134 13 34 
197 26 132 
124 24 49 35 144 82 158 120 
18 16 31 45 108 38 76 
48 180 102 111 61 198 110 126 174 75 
37 188 29 173 21 176 192 96 
195 23 160 109 112 165 70 107 11 
162 78 6 172 130 123 135 2 36 
47 183 136 3 169 72 129 81 50 83 
168 89 155 
164 

