4 140 6 104 25 10 122 73 158 66 97 
163 47 139 125 94 38 114 194 33 50 157 39 
92 133 12 199 69 113 123 135 193 
14 78 172 54 29 188 115 148 67 
190 16 72 200 44 116 36 75 
24 15 7 18 184 3 167 179 41 
31 117 129 165 189 87 154 64 30 
28 63 149 46 74 126 76 
62 20 136 156 8 185 
131 180 196 124 42 26 186 80 145 93 120 83 
43 103 102 119 147 166 81 107 1 146 
37 89 59 143 161 23 128 160 
142 130 49 153 169 98 174 79 13 
173 45 108 61 198 27 95 82 96 
152 68 48 171 187 150 21 192 34 175 
84 118 176 191 127 144 134 58 71 137 11 121 
162 197 5 159 170 35 77 90 178 91 70 
57 100 9 109 22 106 55 2 60 
177 99 151 56 86 110 17 141 19 
88 65 85 112 52 101 
183 40 182 195 155 
132 51 53 
181 105 
168 111 
164 138 
32 

