197 150 54 89 50 107 82 93 19 120 
142 28 84 118 122 121 8 141 
124 183 7 184 169 119 22 135 36 
98 196 190 102 43 144 115 148 
12 113 199 46 87 81 
173 38 165 112 177 189 94 65 123 
162 176 77 79 41 11 
59 57 31 139 166 178 116 
103 138 172 5 35 186 13 137 174 154 
37 100 108 32 151 160 125 99 101 
143 131 83 
167 182 195 27 145 44 95 76 64 
105 130 171 3 156 91 80 70 55 97 67 
92 4 9 140 133 110 34 96 193 146 
40 147 188 128 53 129 74 158 2 
88 127 191 69 109 114 192 157 175 
6 78 47 20 104 181 134 71 17 
153 180 152 111 51 198 106 73 75 
15 68 18 49 200 33 60 185 
63 14 149 132 26 
25 62 58 155 194 
163 187 29 30 
45 23 56 85 86 21 90 126 66 1 39 
48 24 179 136 161 52 
42 164 10 159 170 
16 61 72 
168 117 

