12 37 9 173 88 69 176 58 126 70 67 30 
140 155 114 56 95 116 8 
104 181 164 170 20 87 115 11 141 
153 195 16 161 72 180 190 44 80 93 83 
28 6 171 78 172 5 77 134 82 154 174 146 175 
57 196 7 200 166 73 36 
118 84 27 90 91 158 157 
92 133 156 136 14 150 110 107 193 
47 102 152 38 45 108 109 192 121 96 19 39 
162 179 68 51 198 79 135 13 64 
4 167 184 63 42 123 137 66 148 
54 98 169 22 99 81 33 76 60 
100 151 94 65 189 29 21 144 2 97 
163 26 35 130 187 191 71 
43 3 59 143 139 113 194 
142 103 159 149 138 46 122 
199 127 105 165 117 23 55 17 
132 49 124 24 183 18 41 106 50 75 
147 31 74 128 125 160 112 86 101 34 1 
48 15 197 62 10 186 178 145 185 120 
188 89 177 32 52 129 
168 85 119 53 
40 182 131 61 111 
25 

