188 138 77 35 122 123 
133 119 49 162 103 110 194 13 
59 89 6 132 95 121 
147 195 23 86 117 56 108 166 87 96 193 
131 124 156 196 169 161 167 115 82 158 
197 181 164 176 113 58 144 1 148 
182 98 18 9 22 70 120 
152 180 51 48 200 116 36 67 
24 88 112 39 175 
183 94 99 52 192 30 
127 84 69 191 65 189 141 185 
171 63 159 172 50 
57 61 184 102 3 79 107 
173 143 5 26 20 186 91 
92 165 53 128 38 101 80 34 146 
163 29 12 139 40 198 8 
47 130 170 71 81 
7 104 25 2 97 75 
100 168 151 114 32 45 55 137 60 19 
42 46 149 72 27 73 93 135 83 
199 118 155 37 21 17 154 76 
4 14 10 62 187 41 178 157 
109 160 129 44 64 
28 105 125 106 74 33 
142 190 68 15 136 78 90 66 
140 54 153 150 43 179 111 145 126 174 
16 31 85 11 
177 134 

