26 35 104 25 46 191 144 82 36 148 
196 119 14 179 22 178 135 
49 48 153 113 84 79 81 55 154 
92 171 136 102 43 156 95 
142 105 69 199 37 166 41 73 
4 63 132 163 112 114 70 
62 20 130 173 21 137 96 
6 85 56 165 9 139 109 141 
57 169 111 18 106 157 
68 159 187 71 93 
100 168 65 117 108 155 33 75 
131 183 61 167 198 194 50 76 
127 176 143 189 38 116 1 
98 40 161 180 160 174 19 
12 195 182 28 150 122 
149 78 184 103 145 
188 16 152 51 190 44 193 30 
140 42 170 10 77 13 185 60 64 67 
133 89 125 151 128 101 126 158 39 175 
162 59 29 86 23 99 192 115 121 11 66 
172 197 5 181 138 186 200 90 91 80 2 
47 147 32 134 87 83 
24 15 3 7 27 110 129 74 107 97 
177 72 58 123 17 8 34 120 146 
54 88 118 52 
124 31 94 53 
164 
45 

