78 180 184 7 190 198 91 95 90 135 60 97 
4 173 195 130 58 144 115 185 76 2 67 
153 9 86 31 53 137 193 30 
54 132 6 150 131 21 166 50 154 141 
65 94 151 52 179 70 75 
15 103 172 10 122 123 13 
142 43 3 62 26 149 46 186 73 120 19 
197 159 
143 191 176 199 88 121 66 55 83 
182 40 98 102 136 119 22 101 192 81 
140 42 20 138 77 35 116 178 158 36 146 
100 99 160 38 117 85 45 112 174 96 39 
163 28 68 27 196 48 72 145 126 
92 169 133 16 69 71 17 33 64 
162 200 156 89 194 41 107 1 
63 18 124 183 187 87 93 
24 147 57 29 59 37 109 128 74 
47 167 111 106 79 34 8 175 148 
14 84 127 105 139 114 82 11 157 
49 12 165 108 32 23 189 80 
5 164 104 25 181 110 
155 177 168 125 188 129 
152 56 113 134 
171 161 61 44 
118 170 
51 

