169 142 12 65 160 99 86 74 82 39 19 36 
163 3 190 27 156 130 71 11 8 174 148 
6 127 69 23 117 106 70 91 154 157 67 
62 170 77 181 42 87 107 66 97 120 64 
24 143 173 32 165 108 38 101 192 41 33 1 
28 49 153 133 40 37 9 134 13 17 135 96 
177 59 128 94 112 129 81 178 193 175 
149 197 159 46 26 35 104 25 80 79 73 146 75 
131 124 68 183 102 180 136 72 150 126 
147 182 54 155 191 176 194 60 185 30 
98 119 53 29 21 166 121 137 76 34 141 
47 103 14 132 171 187 186 90 116 145 83 
140 196 7 179 18 167 198 22 158 55 2 
92 78 172 5 122 10 20 138 123 115 
84 199 118 105 88 89 188 109 50 93 
4 100 195 85 45 56 151 125 189 
162 200 63 48 110 44 95 
57 31 114 139 113 58 144 
43 152 15 184 161 111 
16 61 51 
168 52 
164 

