163 48 40 195 117 23 108 52 194 157 
59 100 37 184 51 145 158 107 174 64 
142 131 24 16 147 89 114 86 55 193 30 
49 149 10 5 197 172 150 121 76 60 146 
6 169 132 196 18 80 73 135 93 39 
140 4 29 139 32 165 65 101 154 148 
63 47 136 183 102 167 27 190 66 96 185 
173 188 85 109 168 94 53 189 192 19 36 
153 26 46 42 122 62 134 71 34 83 
28 200 180 68 72 129 22 81 
182 57 15 7 198 116 
124 43 119 98 21 9 79 11 1 2 175 97 
14 152 161 61 95 44 178 91 70 120 
181 170 35 77 20 138 17 
12 143 155 125 99 151 112 50 128 41 
56 45 160 74 31 106 90 141 
78 156 3 166 179 67 
162 130 69 118 199 176 58 87 115 137 13 8 
38 133 103 110 33 
25 104 164 159 186 191 126 82 75 
92 177 54 113 144 123 
171 84 127 105 88 
187 111 

