140 130 92 151 129 41 13 2 34 39 
49 14 180 131 124 152 161 29 101 107 66 70 
163 187 159 154 157 
6 4 16 184 179 43 95 79 96 135 193 97 
12 9 56 94 125 134 71 121 120 148 
162 197 10 164 25 35 191 178 185 175 30 
127 48 72 22 106 55 60 141 
84 199 118 176 113 58 37 166 86 194 146 67 
24 167 190 136 27 51 198 80 90 93 1 
100 143 160 112 165 117 192 50 53 74 174 8 
196 15 102 150 89 139 21 126 91 158 82 64 
182 169 133 147 98 40 119 38 114 19 73 75 
142 132 78 171 153 47 42 26 186 116 145 
54 59 177 128 65 189 99 23 137 11 83 
57 195 156 3 20 122 17 76 
105 69 108 188 115 81 33 36 
88 172 62 149 87 123 
28 200 7 183 18 68 
103 63 138 5 77 46 
155 168 109 85 45 52 
170 104 181 110 
61 31 173 144 
32 44 
111 

