11 45 179 349 68 235 167 49 354 197 
43 320 147 126 36 78 58 198 202 398 
216 224 27 368 209 331 272 230 379 79 48 373 113 
168 136 16 356 266 96 326 400 107 178 
104 120 364 142 391 37 338 231 57 340 337 109 
270 377 222 116 172 360 84 319 228 253 191 323 
336 190 374 3 362 26 153 217 366 74 258 210 
241 343 358 381 115 165 182 220 161 50 185 395 
311 30 149 97 134 255 47 162 56 28 
46 13 41 129 112 160 329 17 300 256 339 
292 118 35 121 89 194 346 173 261 393 77 363 345 
236 389 303 316 7 111 180 181 325 145 279 101 
164 72 386 93 63 347 186 327 298 284 
244 90 333 294 301 114 352 19 61 71 396 286 192 
375 65 110 170 193 199 85 226 384 51 233 
10 218 342 70 383 175 269 378 297 372 344 98 
187 285 380 265 139 55 225 367 80 263 
250 119 34 260 394 280 137 369 257 365 239 
24 251 4 184 211 390 312 44 268 99 196 281 94 
328 246 359 166 271 277 92 243 249 353 122 
278 103 6 62 123 124 88 146 66 171 
87 245 15 219 214 133 203 
91 108 150 208 302 60 54 370 205 355 157 248 392 
291 138 287 106 204 117 169 305 100 12 158 
290 64 42 334 102 387 310 267 307 8 371 
304 341 388 143 67 152 135 382 295 132 232 
188 351 206 40 154 189 9 324 
317 350 75 127 20 29 321 176 213 335 
177 223 274 156 130 83 332 242 385 376 
314 275 59 315 293 141 240 361 73 33 95 
86 283 183 53 306 288 
296 221 227 399 22 39 282 
273 159 163 128 174 31 76 
155 105 264 140 348 1 200 
252 330 131 229 234 
195 322 148 212 237 238 254 
308 125 2 81 
262 52 259 207 
357 247 318 276 215 201 
397 151 82 299 25 
309 18 38 
14 144 5 
21 289 313 
69 32 23 

