119 399 366 185 349 
271 280 255 21 174 198 
83 395 344 354 39 205 307 384 391 
143 216 87 231 36 105 265 
337 396 358 108 116 397 49 
18 298 335 392 370 194 211 
71 325 383 180 374 121 
317 178 210 44 324 305 319 
69 355 369 16 53 3 365 
76 1 74 55 260 
22 242 163 192 274 227 293 35 32 245 
159 81 9 45 279 339 141 
140 329 310 345 167 291 334 72 179 
217 270 234 213 128 64 193 10 132 
321 380 56 177 338 106 232 111 
59 50 165 228 15 218 38 268 
200 189 160 348 364 164 
113 235 112 92 400 295 46 23 191 385 
359 103 322 219 152 43 
20 95 237 41 303 
342 309 312 203 187 75 267 263 104 
144 122 31 315 275 70 
352 85 214 118 363 133 37 
175 223 277 269 318 101 26 
386 93 134 373 89 261 311 
296 99 124 251 351 188 190 51 
153 382 156 100 66 387 24 196 
229 225 390 241 304 155 79 161 52 371 181 
264 162 145 266 114 186 
130 109 328 110 120 182 27 393 
148 288 5 136 250 368 98 332 
252 336 215 2 11 
172 206 313 378 257 
57 389 300 197 284 199 129 158 
248 84 376 220 8 273 221 
233 117 230 154 25 126 150 341 28 
262 246 306 388 170 149 
169 290 33 47 286 147 
256 356 184 353 330 173 343 
208 398 151 278 381 
60 14 131 239 19 333 
68 42 361 96 320 
285 90 283 202 34 201 4 
157 62 207 48 377 171 
125 115 249 247 238 
259 13 168 40 253 97 346 
204 86 102 54 297 347 
65 367 292 287 272 327 357 
331 350 91 195 78 67 
375 276 183 138 80 
243 301 82 254 294 
123 61 340 240 282 
323 137 12 94 6 394 
30 236 77 146 308 281 58 107 
302 127 316 360 212 176 379 135 
63 258 362 142 88 
289 326 17 209 139 
244 299 224 7 166 372 29 314 226 222 73 
