334 9 136 110 197 84 104 227 
286 255 398 68 378 246 253 224 41 
126 64 354 19 55 50 383 130 313 86 
387 82 351 161 346 137 166 228 
92 54 116 201 321 28 372 42 
291 31 272 129 307 384 158 
23 151 270 10 184 147 122 75 
63 213 199 93 281 295 103 60 376 258 
51 342 306 118 297 329 230 
292 72 218 288 211 223 234 
303 87 85 127 245 107 131 142 
97 52 146 318 175 132 241 
269 133 328 317 22 259 276 
33 112 185 169 237 219 192 128 27 
115 180 308 386 113 4 327 
366 375 362 108 248 48 345 98 240 
17 226 214 388 204 205 347 232 
301 149 1 300 13 15 311 
216 274 356 134 163 
141 252 7 349 344 40 183 123 
189 100 191 256 294 261 
357 339 212 57 283 289 
374 32 206 257 243 264 
80 348 99 162 352 119 
150 83 61 325 21 34 
335 221 235 309 106 153 89 
290 365 379 312 200 
397 326 304 14 260 249 
49 298 380 279 299 196 367 275 
88 121 193 382 65 396 316 53 
278 165 143 215 46 2 
324 280 39 338 254 391 
343 154 159 148 170 250 
102 69 74 394 8 319 43 45 
114 395 355 363 242 353 
360 198 392 36 152 164 178 
315 101 47 171 76 
186 155 203 26 225 323 81 
73 265 157 268 176 
393 340 370 120 293 
94 310 262 188 207 320 168 
144 202 117 341 37 20 
364 390 271 177 3 
139 389 111 368 35 
332 266 209 302 305 59 
56 331 400 18 263 220 
322 12 140 11 369 190 
5 160 337 330 247 282 187 
105 24 233 173 336 91 
181 284 229 95 30 
267 16 314 58 6 
385 208 285 251 
77 78 231 125 96 
156 38 210 359 399 
182 66 277 377 
44 109 172 350 124 
217 373 167 25 
381 195 145 238 
371 62 333 67 194 239 
287 135 244 79 
358 138 
174 236 90 
29 71 
222 273 
70 
296 
361 
179 

