33 280 392 206 318 164 59 327 
267 364 252 61 299 4 76 311 
343 62 193 58 129 168 89 42 
216 214 188 377 107 258 
94 222 66 277 307 261 
80 109 172 285 18 260 276 
393 389 10 152 293 60 372 
366 83 173 305 132 142 228 
269 381 47 120 251 259 
286 144 202 268 106 200 119 224 
186 29 328 317 25 20 163 104 
387 278 370 90 22 192 128 
213 24 351 118 124 176 137 75 
126 115 149 101 212 300 321 122 158 227 
374 221 333 116 295 103 220 53 313 86 
5 203 195 369 110 250 27 
198 209 19 21 346 45 166 
255 12 167 71 378 6 253 240 
102 362 136 184 175 353 234 
49 181 108 248 171 367 197 230 
301 390 169 325 3 329 241 
266 208 244 57 399 84 
51 270 36 341 207 40 283 376 
92 331 159 304 79 37 347 
150 217 284 148 2 183 123 41 
105 154 308 8 162 320 232 
151 38 1 177 196 190 275 
334 337 330 143 254 205 264 384 
114 160 361 388 356 294 131 
357 358 194 245 130 289 
397 180 262 379 288 81 34 
73 265 16 281 46 147 153 
292 398 14 239 249 
189 174 373 125 319 35 223 
360 298 342 312 323 178 
303 385 365 273 225 43 
332 54 74 394 243 316 
72 70 113 211 391 
290 182 7 215 91 
77 185 145 13 98 
310 233 229 204 297 
291 52 380 85 161 30 
97 339 100 191 352 
23 315 355 396 28 
88 199 235 359 134 
17 226 231 306 383 
335 348 386 263 
165 111 65 242 
324 32 133 296 349 344 
326 395 117 350 187 
375 354 146 170 15 
322 371 82 382 95 96 
56 135 314 338 256 
287 31 271 218 345 
112 272 309 238 
141 340 99 282 
139 179 400 368 
44 39 67 55 50 
63 156 274 138 
64 93 246 
69 236 11 219 
155 140 336 
78 257 48 
9 302 127 
121 279 237 
157 201 363 
87 247 
210 
26 
68 

