51 16 85 161 50 383 137 158 
335 385 202 369 35 234 
292 348 169 22 239 192 228 
102 69 262 145 349 294 45 
126 255 87 356 134 119 
92 83 354 247 190 
105 216 100 318 6 34 
343 217 157 148 344 264 
73 12 386 312 323 347 
310 1 116 127 396 251 259 
303 61 218 11 37 76 27 
371 24 26 321 132 
397 72 231 188 378 15 20 
49 298 9 244 205 316 258 
322 214 272 18 187 84 224 
286 88 38 233 382 120 307 372 86 
287 149 206 379 176 131 
360 112 333 19 238 346 
94 77 74 274 138 28 391 
375 362 351 359 103 153 232 75 
154 208 146 300 13 329 240 
32 270 193 350 352 53 384 
56 252 66 257 4 128 
387 54 185 277 325 91 130 313 
301 151 62 229 204 295 293 122 
17 203 304 71 297 275 104 
334 337 117 306 124 200 183 
63 109 342 152 175 107 311 
290 29 111 55 256 353 142 
315 209 57 81 166 
139 395 355 125 225 43 197 230 
213 199 82 191 196 98 223 41 
33 198 390 99 164 178 327 227 
186 64 392 299 305 96 163 
23 181 389 173 338 367 376 
144 121 136 363 242 123 
182 140 279 48 89 
267 364 222 215 46 168 289 
332 266 358 281 254 220 
80 156 284 10 319 260 
393 172 58 245 276 42 
52 373 167 282 40 283 
291 265 380 248 171 243 399 250 
366 331 398 302 201 25 249 
97 165 179 400 268 21 253 
114 280 210 67 194 59 241 
269 381 235 309 118 261 
5 160 365 273 341 2 
357 339 308 285 263 60 
278 78 195 14 211 
374 133 70 90 368 
189 39 184 219 
115 221 47 79 246 
141 340 159 237 345 
226 212 377 3 
150 236 68 288 
44 328 317 95 30 
326 7 113 110 
180 394 129 147 
324 370 8 106 
31 135 108 170 
155 314 162 
93 143 207 
101 177 
174 271 336 
361 388 320 
36 65 
296 
330 

