73 265 87 138 113 59 253 240 
126 121 210 369 110 190 27 
69 236 194 363 2 289 258 
393 112 284 19 338 256 91 130 42 
23 203 26 350 282 261 131 
189 380 85 136 245 132 128 
360 31 1 302 196 321 259 142 
364 180 100 319 3 137 376 
286 395 93 281 175 107 53 
334 72 358 143 254 34 84 104 
114 270 273 13 28 166 
144 199 330 349 124 347 
324 108 248 317 37 20 313 228 
150 74 218 200 45 123 
156 38 328 184 307 89 75 
375 381 361 204 295 103 60 241 227 
33 298 271 11 170 4 35 234 
92 222 244 134 220 384 86 
186 154 214 191 95 30 249 41 
160 193 111 65 367 311 
88 217 179 277 260 43 327 224 
51 181 82 296 207 346 283 158 
303 209 167 344 353 276 
374 16 314 225 323 223 
366 78 195 306 187 329 163 
335 365 272 247 21 168 119 232 
290 390 68 312 297 197 230 
291 221 206 299 242 264 
97 255 135 382 127 192 250 
56 262 188 379 15 76 372 
141 340 373 356 96 122 
397 226 109 355 117 118 147 183 
267 331 70 67 25 316 
292 24 116 246 178 
301 29 342 125 391 
343 64 157 279 300 399 275 
105 280 47 90 305 239 
44 208 388 345 98 
332 278 172 341 377 176 
102 77 212 50 251 
287 12 370 148 378 81 
63 101 36 359 120 294 
322 354 185 58 336 153 
49 362 351 55 263 
326 231 400 318 106 40 
216 392 57 48 
80 385 235 10 293 
266 140 99 6 
269 133 171 243 
213 9 169 164 
357 165 308 386 162 320 
94 252 61 71 288 211 
310 339 394 268 383 
139 202 201 396 205 
371 389 333 215 46 
17 398 304 219 
315 62 39 173 129 
387 233 177 22 
5 7 257 325 368 
32 66 152 352 
52 159 8 79 
54 238 
115 83 14 
155 337 285 18 
198 274 237 
182 309 
174 145 
151 229 161 
149 146 
348 

