105 214 99 245 242 313 
186 326 202 26 341 323 253 
301 298 82 215 124 2 
5 274 138 113 211 311 
72 373 167 237 91 
393 280 100 161 37 232 
366 181 210 173 187 200 45 104 
332 310 78 231 71 345 35 
267 362 302 325 220 372 41 
126 150 87 18 238 43 197 
324 213 93 296 162 320 40 289 
56 252 370 295 294 230 
315 221 193 19 127 15 391 258 
97 265 9 379 59 27 
17 226 355 359 50 383 261 384 
144 133 116 194 363 307 122 
397 208 244 134 163 
114 199 143 282 147 183 
32 121 11 4 178 327 
69 70 300 103 131 
155 218 225 329 
290 182 188 293 264 228 
364 236 145 319 246 53 
269 217 209 67 352 168 89 
335 380 85 57 48 192 
343 149 179 396 20 84 224 
266 398 400 14 297 275 
73 38 351 170 367 223 
63 337 235 55 344 153 123 
23 203 365 273 46 259 227 
33 112 16 212 177 239 76 
115 109 172 312 316 276 
189 12 157 148 369 110 
49 371 62 39 201 13 132 
94 348 117 350 21 34 
374 354 388 175 28 128 
360 52 342 349 321 249 240 
31 272 306 207 81 376 
141 108 248 171 243 130 
357 77 271 299 22 399 234 
139 270 136 6 347 75 
198 389 58 25 30 353 86 
44 279 152 336 60 241 
92 64 308 146 8 106 283 
375 180 394 378 176 
88 331 314 356 251 107 
387 278 330 281 250 
102 135 111 65 256 205 158 
287 262 277 95 96 42 
303 395 361 268 79 190 142 
286 340 7 257 196 3 137 166 
174 390 304 368 346 119 
80 29 140 169 305 219 98 
322 151 386 129 263 
54 222 159 318 260 
160 185 191 120 
385 66 184 164 
334 216 358 229 254 
292 392 36 309 377 
83 101 68 288 
291 195 118 
156 1 328 317 
255 333 247 
51 24 382 204 
154 381 206 90 
165 338 
284 10 
339 285 125 
74 47 
61 
233 

