17 203 36 225 323 34 84 104 
267 69 185 57 110 197 158 
105 226 93 191 349 37 166 
150 217 314 302 352 168 123 
393 298 7 268 368 98 250 234 
5 109 355 245 30 142 86 227 
343 72 233 194 363 176 137 258 
198 380 85 136 48 20 163 224 41 
94 54 78 26 319 2 347 376 75 
290 390 279 120 293 283 289 
335 156 133 351 58 344 259 313 
286 385 361 272 118 260 253 240 
301 149 140 277 325 321 76 230 
80 151 202 273 336 28 249 27 
97 112 16 248 317 346 183 232 42 
31 398 10 113 6 178 327 
49 32 62 39 67 356 383 122 384 228 
366 315 195 125 147 311 241 
56 29 229 161 50 205 372 
387 278 365 281 307 264 276 
397 326 111 338 367 223 
73 12 157 257 305 15 131 
292 284 341 238 297 329 
324 348 100 152 13 107 53 
102 77 262 188 318 3 45 
287 135 212 65 396 275 
126 141 388 247 162 153 89 
322 371 8 207 187 200 119 
182 231 196 96 353 
154 179 400 71 288 35 
265 389 1 116 127 134 391 
63 213 392 299 175 220 
114 160 172 117 306 377 128 
291 52 70 79 164 59 
334 216 19 55 256 242 
33 181 210 382 246 81 
303 144 337 359 124 40 
357 209 206 90 22 192 
115 395 145 254 103 130 
310 74 159 68 369 4 190 
186 155 143 215 251 316 
51 373 350 320 
189 101 146 106 261 
92 38 328 177 294 60 
332 266 339 394 11 239 132 
88 331 61 218 138 91 
375 87 333 21 
364 252 271 244 345 
360 362 9 169 237 219 
23 221 193 173 43 
269 358 386 379 399 
83 82 309 129 263 
374 24 235 300 211 
174 108 47 378 
255 208 342 282 
165 308 171 243 
64 354 296 295 
139 381 99 46 
340 14 
270 204 
236 370 274 95 
222 167 25 
44 214 18 
280 330 312 
180 66 184 
121 201 
199 148 
304 170 
285 

