334 333 19 196 37 84 104 
126 278 394 148 13 15 128 
335 16 47 378 260 329 163 
343 154 392 111 368 192 240 
80 389 257 184 336 283 
189 380 85 194 363 30 53 86 
17 160 273 319 21 168 166 
301 12 157 341 124 2 137 227 
49 135 167 245 259 
303 385 136 171 219 250 
97 112 87 99 300 251 249 258 
88 348 36 177 59 253 
73 398 66 317 20 
332 64 172 117 306 162 76 
360 198 262 120 107 
357 165 206 161 293 153 
291 270 1 127 190 
54 180 274 256 307 131 
292 308 188 288 211 275 234 
322 83 279 118 178 
56 331 159 304 113 230 224 
255 133 210 237 134 
29 82 296 239 376 
32 193 10 205 
186 72 361 272 349 263 
102 252 145 318 43 
181 9 277 187 122 
397 339 218 243 327 
366 315 355 55 50 347 
174 61 325 106 
144 208 100 8 110 35 
287 31 271 244 57 28 
375 280 342 309 345 
139 395 330 359 367 
265 314 71 4 158 
141 222 169 95 183 
286 150 38 39 382 396 242 130 313 
364 340 373 68 294 45 
33 52 70 116 338 103 384 
324 365 26 350 282 346 311 
371 62 379 225 323 81 197 
298 233 302 356 91 89 
326 185 268 79 391 
290 182 351 295 147 41 
114 209 328 352 40 119 
374 354 7 90 383 220 232 
269 179 146 129 316 372 
51 235 173 321 264 142 
23 151 138 48 98 223 
387 236 299 25 60 
92 266 202 14 312 276 
63 121 285 18 238 200 289 75 
393 74 386 46 176 241 
310 284 191 377 261 123 
94 381 388 22 399 132 27 
267 69 143 175 3 34 
115 199 11 369 
105 140 212 152 96 353 42 228 
156 108 248 305 
226 214 400 125 6 
5 203 195 247 297 
44 109 229 246 
216 93 281 254 
77 78 231 344 
155 358 215 320 
213 221 207 
149 370 170 
24 67 65 
390 201 
362 58 164 
217 101 204 
337 

