114 157 212 11 346 183 123 227 
332 266 373 194 363 251 259 86 
286 269 203 172 117 247 124 130 158 
56 182 394 325 13 3 53 258 
301 151 270 99 318 260 43 34 42 
366 340 308 400 129 40 283 75 
94 64 202 306 162 176 230 224 41 
287 389 39 282 264 104 
216 61 148 164 59 253 240 
73 101 66 268 106 20 376 
154 395 351 127 15 249 234 
324 371 273 120 294 137 384 
189 174 314 207 352 200 232 
92 221 136 344 132 241 
292 358 19 349 37 311 
303 348 361 26 134 316 276 142 
33 112 210 191 254 293 60 131 
213 195 369 4 190 275 
126 88 159 218 170 353 372 
44 24 93 201 205 107 313 228 
156 392 296 338 263 153 89 166 
80 149 85 171 48 391 27 
290 12 9 14 288 211 197 84 
49 337 330 184 242 163 
310 180 262 145 238 21 347 289 
226 214 355 143 118 81 327 
63 62 1 111 356 307 122 
360 52 146 8 225 76 
343 155 304 378 345 128 
357 77 370 317 219 28 250 
267 390 271 244 25 96 
322 144 82 125 6 119 
326 193 90 196 192 
54 339 179 299 305 45 
115 222 279 22 399 223 
315 38 70 302 177 261 
387 74 257 300 368 329 
335 385 235 272 350 367 
51 32 284 169 237 98 
105 160 100 18 246 178 
5 109 229 281 320 2 
181 380 382 65 91 
364 78 231 379 79 35 
291 265 7 277 175 168 
97 255 362 161 295 103 220 
375 83 140 47 336 297 
393 331 398 359 46 147 
397 199 342 319 
278 365 55 50 383 
31 354 206 243 321 
334 381 185 10 312 323 
102 29 274 57 110 
186 217 209 285 377 
298 16 58 95 30 
23 87 36 215 187 
17 72 388 396 
150 121 233 173 256 
198 135 108 138 239 
139 280 386 71 113 
374 133 152 
69 236 341 
165 167 
141 252 328 
208 116 
333 245 
68 
67 
188 
309 
248 
204 

