150 163 171 78 162 63 149 120 135 186 138 46 5 141 181 35 164 104 25 170 19 193 10 77 122 62 26 159 172 42 96 130 
182 57 133 147 40 16 98 119 161 72 22 129 41 195 158 194 154 92 4 
169 167 27 190 184 196 183 18 179 15 102 
140 54 155 115 11 71 88 87 17 30 67 
174 97 84 199 127 105 176 113 58 134 8 76 34 175 13 75 60 1 2 185 197 20 73 93 146 103 90 110 178 36 3 136 
89 66 9 12 59 33 157 125 128 168 99 94 151 160 112 50 109 189 177 65 121 144 123 137 118 69 191 64 
100 37 139 143 165 85 45 56 108 114 86 173 188 29 21 
48 131 156 152 126 198 61 70 106 31 52 74 32 38 192 53 101 23 117 55 81 107 166 82 
142 24 180 43 124 7 68 80 51 91 111 145 148 116 95 83 44 200 39 47 79 14 49 153 
28 6 132 187 
