6 110 29 182 126 94 166 192 113 145 189 103 16 61 163 82 81 112 176 111 135 88 58 152 36 
136 171 39 28 178 200 116 76 8 140 57 187 50 24 122 47 181 69 19 5 190 91 21 197 159 44 79 11 68 
167 119 102 198 174 162 42 153 77 25 15 27 134 89 96 97 87 160 49 121 109 120 125 106 14 
144 173 70 40 98 128 45 2 155 78 175 43 150 172 85 141 92 117 17 101 195 154 1 23 
38 64 118 183 35 107 196 199 131 177 48 73 193 194 71 147 74 83 54 51 75 34 149 52 
41 99 93 46 143 138 12 65 3 20 13 32 151 56 124 123 130 161 158 4 168 170 165 114 105 
184 164 104 137 18 63 115 26 22 90 139 133 108 37 146 185 180 100 157 55 156 66 129 95 
142 148 132 86 188 60 30 10 33 191 62 127 84 186 9 179 7 31 80 
59 67 169 72 53 

