153 65 143 198 3 62 169 43 56 81 80 54 51 129 95 
67 102 131 27 151 
144 178 148 191 192 72 19 108 32 112 117 120 157 147 
107 159 
110 188 200 93 86 77 167 73 150 76 179 89 193 127 175 186 172 190 106 75 34 
142 2 60 26 30 48 71 100 
59 119 196 184 177 173 18 33 22 47 20 55 149 
166 136 50 189 101 
174 187 45 171 13 12 35 113 69 180 92 9 168 21 152 52 105 88 
16 145 155 78 37 91 
41 123 195 68 154 85 
15 5 124 58 4 
115 
132 183 64 116 29 104 46 53 8 122 181 31 61 130 103 194 158 163 165 111 114 11 
94 98 137 38 28 118 139 84 82 156 7 14 160 176 
63 182 109 
40 140 70 128 57 133 126 199 24 97 161 74 125 87 170 197 83 
10 134 90 138 121 17 
99 42 162 39 164 6 96 146 25 49 141 185 79 135 1 66 23 44 36 

