116 6 77 64 98 187 151 131 181 44 
28 86 136 35 29 177 119 57 140 96 61 180 127 130 124 165 51 135 129 152 95 
132 22 24 52 
104 2 142 164 110 133 32 191 128 92 100 53 141 103 23 111 
188 107 67 76 8 60 196 45 108 33 56 150 62 16 117 179 158 190 156 121 34 7 58 159 
63 126 38 27 13 71 134 97 5 160 168 195 
30 167 193 89 69 
72 
15 145 185 155 161 186 
40 114 83 
10 184 59 93 178 183 174 20 47 122 90 123 81 74 54 
153 99 70 39 113 41 102 65 73 78 49 31 80 163 91 66 82 79 14 36 
144 42 118 199 25 
137 182 18 198 48 12 84 43 3 9 192 112 194 101 147 197 109 170 176 105 4 68 
138 50 46 172 120 85 75 11 157 149 
148 139 87 
200 171 166 115 94 143 173 26 162 189 175 169 37 146 19 88 106 125 55 17 1 154 21 

