64 136 119 98 57 132 182 192 26 71 43 150 69 180 37 100 74 194 91 147 17 168 135 111 157 
137 174 2 42 116 142 187 128 48 61 72 155 181 146 5 125 124 87 88 55 82 7 79 165 66 105 
104 6 35 200 46 67 77 145 126 108 12 13 151 175 9 163 31 4 161 130 112 197 44 159 14 
63 39 102 93 138 134 140 133 45 53 185 179 90 158 139 141 101 83 170 21 75 58 149 52 
153 115 70 18 33 15 29 16 50 73 32 96 22 92 89 121 54 117 172 51 176 114 109 129 68 
110 34 
28 107 41 167 198 162 10 94 177 113 189 3 56 122 24 97 195 190 81 120 152 156 95 
160 103 154 
86 59 171 188 143 131 164 169 191 84 78 199 47 127 80 186 49 19 123 85 106 11 23 1 36 
196 40 173 183 65 184 118 76 8 27 60 30 62 25 193 20 
144 148 99 178 38 166 

