86 142 196 140 167 42 8 102 169 20 179 62 72 37 185 81 147 87 55 125 95 58 23 
28 188 65 138 148 57 119 84 22 108 32 180 103 61 186 197 54 121 161 44 195 79 170 1 176 
200 174 107 6 70 184 143 133 131 189 47 12 90 74 181 97 17 101 36 157 114 
76 2 19 111 
171 173 67 118 18 115 98 116 191 126 134 199 53 96 194 127 92 85 7 120 154 51 11 
40 59 137 178 78 35 166 60 162 27 69 192 122 80 160 146 117 124 88 135 34 156 106 105 66 
136 183 38 46 64 77 33 145 15 128 16 50 73 56 43 163 172 24 158 91 168 75 165 4 14 52 
198 93 10 153 26 187 144 113 177 155 71 48 25 193 5 151 100 123 130 112 109 149 152 129 68 
110 132 99 63 29 164 13 182 30 45 89 31 139 141 49 9 190 21 82 83 159 
39 104 94 41 3 175 150 

