142 42 29 10 115 13 98 76 60 89 53 50 87 31 195 146 1 17 55 68 7 154 4 58 105 
38 107 137 143 199 174 25 61 90 175 56 37 71 170 92 135 168 156 197 165 114 
164 132 67 35 77 70 30 128 12 133 185 180 97 112 62 9 44 130 95 66 34 
144 118 6 167 173 184 2 27 22 150 134 19 193 100 139 88 181 85 82 11 23 36 152 
188 59 110 116 148 138 63 93 182 73 20 43 122 80 127 69 172 190 101 125 120 149 
64 104 162 196 153 187 94 3 189 126 103 96 16 141 155 151 158 160 124 91 52 111 
119 166 140 26 46 8 39 198 131 84 45 78 32 72 81 161 194 163 83 157 129 159 
28 40 65 183 86 33 178 192 177 145 48 24 108 47 186 179 49 117 121 
41 136 171 99 18 200 169 57 102 15 113 5 191 123 75 79 106 14 147 54 21 51 109 176 
74 

