6 173 70 102 8 3 178 108 27 199 131 133 49 123 53 55 185 180 37 75 17 135 1 111 159 105 
193 92 81 66 125 
110 184 94 162 144 77 30 187 76 143 48 134 150 74 139 141 127 146 197 130 112 83 44 4 11 23 
107 148 26 98 59 116 140 145 90 128 32 31 19 122 87 163 101 158 51 14 95 149 36 
64 86 118 40 33 13 137 22 46 151 96 169 72 190 179 160 24 186 157 120 68 114 152 129 
167 132 28 2 126 183 142 25 50 84 192 61 43 191 97 5 54 100 85 82 165 168 154 21 58 52 
104 198 188 65 35 42 41 99 177 57 89 103 56 20 71 80 156 121 124 176 170 79 106 34 
39 136 164 174 10 38 166 18 113 16 155 73 12 161 172 9 194 181 88 117 147 109 
153 119 63 171 196 15 200 115 60 182 45 78 189 47 175 69 62 91 195 7 
67 93 29 138 

