153 97 108 
104 94 2 46 183 78 8 35 143 150 53 56 192 19 158 190 5 117 135 168 21 165 170 34 111 
10 86 174 166 137 30 173 138 193 90 126 199 31 43 185 139 156 101 75 87 7 52 95 149 114 
188 59 167 98 171 144 182 26 12 61 122 48 127 96 124 85 44 146 106 11 83 66 68 176 
38 110 148 45 15 63 29 128 89 47 84 191 123 71 100 37 197 125 1 4 
184 93 99 76 42 178 118 113 27 186 103 72 179 161 54 147 195 79 154 58 
142 65 50 145 151 163 
187 28 25 3 134 157 130 36 
196 120 
180 
107 33 41 49 160 
64 40 57 77 6 51 80 
70 18 22 102 16 133 155 181 175 20 172 82 14 105 
119 115 136 116 39 177 169 73 162 131 81 69 92 74 91 17 88 129 109 
198 200 140 164 67 13 132 60 62 9 189 141 32 194 24 121 55 112 159 23 152 

