196 162 140 84 103 181 17 
143 77 20 82 130 170 
78 192 35 50 128 55 34 
89 126 
200 178 92 52 
161 
40 7 195 
24 108 
183 49 
190 186 79 75 156 
144 184 29 93 119 30 63 102 199 189 146 101 168 106 159 
167 47 
137 67 60 99 155 185 150 
115 64 86 171 12 151 193 133 194 124 68 95 
107 42 173 116 198 113 94 22 90 187 56 127 197 21 114 66 
166 19 120 154 
148 182 8 164 134 32 16 96 122 131 169 191 172 62 91 121 123 149 135 176 157 
46 33 136 138 3 13 27 180 141 81 139 117 54 158 4 
6 132 37 160 80 
2 76 36 
26 98 44 83 23 
10 110 65 104 59 38 97 73 100 31 87 58 11 51 
118 41 28 15 153 45 25 179 61 53 74 71 9 85 125 88 152 165 
174 70 188 142 57 18 39 145 48 177 175 69 43 72 163 5 109 112 129 147 14 105 1 111 

