63 94 64 115 116 60 162 143 78 192 169 53 69 191 43 56 37 17 180 121 158 120 125 109 149 23 
107 171 132 6 26 177 110 29 22 150 189 71 20 175 155 72 186 79 130 124 55 85 88 165 4 36 
198 136 200 188 184 33 131 46 70 84 96 12 181 97 5 54 100 74 58 117 114 1 7 170 11 68 
39 40 137 140 18 98 187 99 126 30 8 47 27 151 122 112 141 190 80 101 44 91 197 106 159 66 
142 41 65 93 77 86 57 164 113 13 62 134 9 32 50 89 179 123 92 82 147 51 75 135 34 111 176 
28 119 173 38 166 76 67 59 16 45 15 145 31 185 49 103 168 87 195 163 154 156 21 105 129 
10 183 102 167 178 104 199 2 3 48 146 172 127 19 161 24 160 81 152 95 157 52 83 14 
196 148 144 182 42 128 153 118 35 108 73 133 193 25 90 139 194 
174 138 61 

