59 164 67 118 46 200 166 108 18 77 133 27 100 190 197 101 49 82 124 147 195 79 4 36 
28 188 110 184 93 94 126 29 48 192 72 19 56 74 160 172 91 80 130 112 120 95 165 114 105 
40 119 102 42 39 30 198 189 60 177 89 145 175 62 37 117 123 81 158 75 156 129 
137 148 173 6 63 171 140 65 50 13 150 181 24 179 103 146 121 85 87 51 66 34 149 68 
104 10 144 183 136 116 107 57 131 113 3 84 122 185 180 69 168 154 125 44 106 159 157 
132 167 99 138 45 182 70 73 32 61 15 47 31 151 53 141 5 163 55 88 135 17 58 1 111 
153 86 38 115 187 196 8 162 199 155 71 9 97 161 186 92 7 21 176 54 14 23 170 11 83 
64 41 35 143 178 174 2 193 20 33 12 169 139 96 194 127 109 152 52 
142 26 78 98 76 16 128 134 22 90 25 43 
191 

