183 142 171 28 47 189 9 20 122 123 74 44 85 111 135 
70 137 59 200 145 2 15 151 95 68 
174 196 29 8 30 86 89 19 172 124 112 101 21 165 105 52 
184 42 91 158 
133 160 
198 26 3 110 162 43 90 49 80 55 88 
102 62 180 
167 10 41 128 126 191 57 51 176 11 23 83 
94 76 98 108 118 127 37 103 181 87 79 106 14 58 114 157 152 
199 84 179 69 
39 78 48 140 96 187 13 155 121 27 117 194 129 120 66 
144 136 166 93 77 60 107 113 116 139 97 22 175 186 147 197 156 4 159 130 
115 35 63 134 65 131 72 56 192 193 195 109 82 17 154 
104 
148 182 25 
33 45 67 73 92 163 
64 38 164 143 138 178 32 150 185 16 5 81 149 
188 132 61 177 100 53 24 31 34 7 
40 119 6 153 99 173 46 18 12 71 141 169 50 146 54 190 125 161 168 75 170 1 36 

