137 86 188 35 76 167 13 45 18 12 122 47 141 185 24 37 121 124 163 55 135 165 52 4 14 
63 166 132 174 8 153 48 155 143 33 103 16 191 151 49 160 130 149 23 195 75 170 111 83 
6 142 39 140 128 198 15 32 175 9 133 69 190 17 109 81 112 125 197 79 44 152 
107 94 164 26 77 29 41 134 162 30 179 177 22 43 31 117 146 186 19 87 172 156 154 106 1 95 
173 200 118 148 67 136 25 145 61 27 56 108 123 139 158 194 7 34 11 85 88 114 58 105 
42 184 98 10 93 189 192 73 50 169 84 97 62 101 180 74 100 120 159 21 51 66 68 
110 119 65 104 78 144 126 90 199 60 72 89 5 161 96 168 92 147 54 91 176 157 129 36 
196 64 59 2 28 40 102 183 116 57 131 53 127 71 193 20 80 82 181 
38 115 178 187 99 171 70 182 113 46 3 150 
138 

