184 198 140 162 153 167 41 2 113 128 155 92 49 24 55 124 130 81 85 44 154 21 66 105 
164 63 115 166 33 118 47 3 145 25 131 139 90 89 101 147 75 181 172 163 168 106 159 11 52 
86 171 183 138 78 137 77 175 16 72 84 179 19 190 194 127 100 112 87 88 114 129 149 111 
39 38 64 26 76 98 40 169 13 46 96 193 141 121 82 62 186 37 160 158 197 83 51 165 157 
28 67 188 107 110 6 132 57 143 199 61 73 12 103 27 185 17 97 31 7 1 176 170 4 23 14 
104 99 178 18 59 45 144 134 150 8 71 5 122 32 123 54 9 156 80 195 36 125 135 58 34 
142 148 29 119 65 187 60 22 191 48 126 177 192 53 56 180 120 117 79 109 91 68 152 95 
94 10 93 173 70 102 174 30 35 189 116 15 20 146 74 50 151 69 161 
42 200 196 136 182 108 133 43 

