188 145 183 12 189 92 135 58 157 111 
8 97 82 120 
26 143 141 122 20 159 83 95 
142 196 6 10 126 187 134 133 113 192 150 73 146 117 160 125 74 91 156 147 23 51 1 
70 78 167 38 199 177 53 54 36 114 
174 85 
132 171 13 99 30 60 18 121 130 7 163 
28 182 180 152 
59 115 94 32 43 55 170 
144 86 108 
41 153 119 15 98 39 77 9 24 181 151 80 100 172 75 158 66 88 
31 50 123 17 109 176 
137 29 2 162 35 184 22 191 175 25 193 37 5 89 190 154 68 52 
33 155 179 127 
71 
65 136 102 76 194 101 44 
139 
164 116 96 149 112 
148 166 45 118 140 64 128 56 19 49 90 124 87 168 21 195 
173 110 46 178 63 42 47 48 62 81 106 
67 40 104 131 169 72 11 14 105 
198 107 93 57 200 138 16 3 27 84 185 103 61 69 186 197 79 161 4 165 34 129 

