107 148 86 2 143 110 128 60 8 191 169 141 72 32 24 62 120 81 74 129 7 111 23 95 
63 29 10 178 35 65 167 99 46 192 134 180 100 97 69 146 172 181 160 117 106 197 36 66 114 
173 67 118 138 64 39 98 115 140 53 187 43 89 193 130 168 82 92 124 195 21 58 1 152 
171 198 104 132 200 33 77 199 73 30 5 16 80 155 122 49 158 54 163 
40 102 144 119 188 28 84 45 150 9 179 133 50 20 17 123 44 154 88 135 157 34 52 105 
70 116 94 3 6 15 112 149 68 
196 153 93 26 126 136 22 25 19 61 103 56 127 186 190 161 147 125 165 4 83 
13 78 166 177 101 
38 76 137 12 48 27 139 175 189 87 121 85 109 159 14 
164 184 182 142 113 108 131 162 151 145 47 75 
174 59 41 57 42 183 18 90 31 194 71 96 185 37 55 170 11 91 156 79 51 176 

