4 3 156 76 119 16 62 
8 169 199 44 136 197 163 
63 174 164 18 189 96 91 112 122 168 11 92 80 161 129 
67 14 115 108 81 10 37 170 40 107 82 98 
137 190 26 133 176 135 177 146 
102 21 6 196 123 166 191 64 20 5 114 
74 90 160 49 173 59 23 15 38 
75 171 19 78 72 104 45 31 9 87 187 181 162 193 144 97 83 52 36 
184 159 126 50 180 69 41 17 60 13 128 147 85 175 154 172 66 138 186 192 58 7 28 89 
100 125 153 68 
56 25 142 188 143 39 185 
200 65 35 93 116 94 61 131 32 99 132 167 27 47 106 182 1 165 111 105 194 
77 57 42 84 54 53 
103 198 113 48 46 141 195 124 120 109 30 55 95 149 140 
2 71 12 150 43 86 24 117 101 79 148 127 
183 179 110 145 29 157 121 139 51 73 33 155 70 22 158 130 118 178 88 151 134 34 152 

