4 175 190 168 81 
121 157 63 164 39 16 103 74 77 173 78 188 106 161 38 184 167 34 200 89 80 95 42 87 
47 171 159 96 57 43 12 32 29 141 24 111 101 100 139 28 31 129 154 
41 120 79 21 147 132 
9 3 191 179 135 92 107 40 69 88 109 
48 183 23 18 137 
67 143 110 185 114 17 50 60 72 156 170 14 125 86 180 
189 145 
90 160 25 51 115 37 
45 33 138 176 44 194 58 83 128 199 
46 75 166 61 2 6 113 131 73 22 55 82 172 134 127 178 15 36 105 118 
126 
64 93 104 144 152 186 169 119 97 197 163 130 
49 5 151 142 35 162 52 71 158 
56 124 112 195 
11 62 99 198 30 177 108 133 148 10 59 84 53 140 91 181 98 117 70 136 20 65 196 85 192 
150 123 165 193 187 68 
174 122 153 102 94 116 8 13 66 155 76 1 27 149 54 7 146 182 19 26 

