67 18 112 100 107 55 8 142 46 84 195 26 74 181 177 101 5 25 126 144 95 152 164 111 
49 160 30 198 33 62 69 78 13 87 188 14 155 185 29 50 54 196 156 44 158 23 52 105 66 
153 110 63 48 90 2 31 115 169 161 40 136 141 43 130 86 59 89 79 128 83 146 148 35 
157 171 104 154 102 182 183 162 82 47 114 137 194 143 125 117 34 170 165 58 6 129 16 4 
9 190 65 197 28 138 116 57 113 12 32 150 127 145 184 123 56 120 93 109 175 199 22 98 
191 174 15 91 140 45 41 124 21 88 70 189 147 72 36 68 
73 96 38 151 106 81 11 159 
99 
193 173 94 92 
176 192 180 167 179 20 77 75 10 103 42 71 149 24 121 37 7 61 168 76 53 186 122 
200 166 178 134 119 39 85 17 51 108 131 27 64 132 118 187 1 135 172 97 163 19 3 80 139 133 60 

