15 150 119 127 89 75 181 142 37 122 79 71 52 18 
141 117 120 125 109 106 74 129 
143 34 
62 1 7 144 200 4 
29 171 108 103 199 104 20 177 59 49 134 97 24 92 54 118 91 186 146 3 98 173 60 
69 53 2 66 8 56 154 
159 187 45 77 
166 168 164 38 107 10 139 179 13 153 121 50 192 176 28 167 124 132 80 44 5 51 93 
102 57 169 190 115 130 174 47 35 61 6 94 
136 128 175 41 9 31 48 161 96 46 151 76 185 149 123 86 133 88 156 58 160 23 36 195 
82 138 63 25 19 39 137 27 17 140 32 155 114 26 43 40 105 135 42 170 165 163 191 22 178 99 
85 110 194 184 188 189 113 16 197 148 70 14 145 126 55 180 64 100 152 83 11 111 
198 84 112 101 90 157 21 172 
116 33 12 162 95 
147 67 182 193 183 158 131 73 81 78 30 72 196 65 87 68 
