113 141 56 139 175 109 114 145 
50 30 49 7 172 24 125 194 182 44 61 58 66 34 143 
77 104 69 41 170 162 149 26 134 
6 17 191 176 180 111 97 51 35 142 37 84 89 76 122 81 105 199 144 165 23 99 129 
33 171 198 118 127 57 53 94 12 121 155 9 4 106 189 25 187 184 18 179 65 154 
102 8 135 31 73 150 192 193 80 1 200 
13 92 138 101 120 174 10 
60 40 39 132 159 197 22 188 87 
96 168 
177 157 20 130 166 79 
67 178 2 128 47 147 117 55 21 75 137 46 195 
181 140 27 158 
151 93 70 100 124 19 115 29 152 133 5 
74 167 63 148 112 45 146 131 82 32 153 185 91 103 59 48 71 161 28 62 42 126 15 107 
196 3 156 90 95 36 
186 163 123 86 14 136 88 85 38 83 119 68 
173 190 110 98 72 160 116 183 169 43 64 78 108 16 54 52 164 11 
