29 75 18 35 2 175 199 131 89 38 39 53 141 66 82 121 100 152 109 139 95 129 33 153 
71 55 184 61 12 43 34 10 162 5 159 125 20 3 21 25 59 
167 135 9 122 148 107 144 182 142 56 1 46 72 179 197 123 54 183 88 165 58 23 42 36 62 196 
11 7 49 96 31 85 116 91 145 48 6 132 103 30 60 40 104 81 16 160 178 170 200 65 105 52 99 134 
195 127 198 138 50 140 57 113 73 32 150 98 47 37 187 133 108 120 79 4 19 83 128 106 15 
67 126 110 158 80 154 115 192 90 143 190 194 188 28 87 24 112 124 180 27 26 64 174 137 164 157 111 114 
172 186 86 149 76 97 14 193 70 93 176 119 22 151 181 166 78 17 94 156 41 51 177 191 69 163 168 
189 161 63 146 102 118 77 13 169 74 155 147 185 92 136 130 44 173 68 
171 45 8 84 117 101 

