55 135 14 75 172 38 8 195 154 73 119 72 125 16 181 122 148 120 76 23 5 
4 82 150 88 177 112 83 
1 192 57 93 131 47 106 56 61 114 74 7 156 175 58 52 86 99 
133 67 171 63 115 69 15 20 29 196 197 32 48 159 41 107 123 140 3 78 180 27 18 153 50 
98 110 145 80 174 190 168 12 187 105 200 40 24 39 128 130 184 44 136 161 108 
198 185 54 9 109 
19 45 77 127 169 17 189 134 149 92 94 173 121 118 79 176 97 162 
11 35 152 
6 116 
89 183 146 178 139 46 101 100 138 95 10 129 87 
126 164 31 163 102 66 34 113 13 49 65 96 157 191 22 143 158 26 37 21 167 104 28 
84 155 194 81 124 170 165 43 111 36 188 
199 51 53 179 25 141 147 68 
30 59 186 142 193 2 151 166 137 182 64 160 85 60 132 62 91 117 70 33 103 144 42 90 71 

