21 25 110 42 19 136 37 85 134 149 103 87 182 82 181 176 26 64 156 79 4 58 72 36 184 200 
196 168 198 197 14 114 105 137 113 133 100 118 86 128 71 180 17 124 157 140 88 55 27 53 192 18 104 
99 125 132 152 28 35 45 93 74 29 159 150 122 185 31 191 70 33 62 188 189 9 23 52 160 66 178 
15 135 3 76 97 69 20 138 145 190 84 111 147 7 38 39 49 54 61 89 165 173 95 129 153 30 
194 63 146 183 5 116 8 13 12 32 60 155 47 127 48 143 177 163 120 112 109 187 59 50 10 107 
67 171 65 154 56 102 40 193 80 139 96 6 186 51 151 172 75 199 101 175 195 170 142 41 22 43 166 
148 16 98 167 78 2 77 121 73 164 162 94 108 141 24 92 144 117 34 115 1 119 83 161 91 158 
106 57 131 169 126 90 46 123 174 130 44 11 179 68 
81 

