122 72 50 198 85 167 126 154 172 169 73 1 97 24 144 90 39 120 149 18 132 38 151 
177 111 93 106 62 123 
193 171 31 189 20 91 195 159 59 139 112 140 6 146 184 173 7 187 58 66 119 166 196 68 
67 2 8 57 155 
143 40 80 142 
131 75 86 81 183 61 188 
162 165 
70 157 13 95 
51 105 55 26 
10 63 179 84 118 16 185 145 197 152 156 19 174 158 15 
138 180 82 34 102 116 125 104 12 32 92 124 101 44 79 133 29 35 99 
121 110 65 37 56 42 114 147 87 190 136 127 181 69 54 199 60 170 192 108 200 41 21 
9 148 96 100 161 194 48 191 113 164 178 43 115 141 176 94 49 117 160 78 98 76 163 83 14 89 3 
30 153 33 182 137 64 53 45 77 17 11 150 28 168 47 4 107 130 128 25 5 71 23 52 36 175 
103 186 88 109 
22 
134 27 46 129 74 135 

