110 152 140 99 185 75 120 
44 52 74 
171 132 16 73 69 126 7 87 195 186 159 20 66 91 62 
96 115 166 188 48 106 196 57 113 147 24 92 81 101 49 127 80 192 184 94 
42 128 30 163 2 116 37 104 151 177 95 76 82 
60 17 26 154 156 189 79 86 
102 90 19 
77 56 161 40 160 139 193 122 85 59 
131 28 150 55 3 173 
67 15 137 194 
162 114 135 191 145 13 100 32 27 157 25 124 105 121 133 144 200 50 182 179 
45 169 112 174 167 68 
78 190 146 31 199 38 8 21 11 43 93 134 141 34 111 130 70 178 51 165 41 119 18 164 
168 155 53 23 
35 64 109 58 98 89 175 
180 54 
198 108 5 118 176 72 181 123 103 197 4 61 65 107 36 22 
84 149 138 117 142 83 9 71 14 
143 63 158 46 153 10 47 12 39 148 97 183 136 172 6 29 88 170 1 187 129 33 125 

