90 106 136 31 29 64 
87 25 184 40 26 174 9 108 155 41 181 
22 
55 119 144 156 
116 150 94 103 123 167 46 
66 166 121 73 58 
142 118 56 6 154 54 80 163 161 152 135 7 
74 187 198 16 48 127 5 8 70 177 168 60 153 188 111 92 72 193 59 114 78 172 52 107 146 
21 145 110 19 197 128 57 53 131 12 89 51 15 141 143 190 4 133 120 151 97 95 125 196 
122 30 63 62 189 194 47 45 157 169 199 138 185 65 81 124 37 88 160 132 126 36 11 195 
191 171 159 180 158 148 113 93 32 84 99 18 173 61 117 17 49 79 20 147 83 14 178 
140 43 86 50 102 10 77 13 35 91 139 164 186 182 130 192 176 34 170 165 98 76 200 183 
71 96 33 27 2 3 112 115 149 137 39 85 82 179 75 101 109 23 68 
162 67 100 28 134 42 105 175 104 24 1 44 129 69 38 
