91 186 157 134 46 6 76 173 184 114 40 125 56 177 11 21 99 79 165 194 129 152 70 
140 38 55 18 31 158 77 100 106 73 155 135 185 191 28 130 178 16 139 9 23 52 105 104 
148 145 190 41 82 85 43 37 122 146 127 193 147 4 107 87 115 133 136 167 183 44 47 197 80 25 128 29 
118 110 19 71 20 2 72 187 30 176 138 151 97 27 24 153 74 101 144 14 189 3 200 188 179 175 
34 192 63 35 142 102 45 182 149 108 15 132 65 61 10 48 103 86 112 33 94 162 7 17 163 78 98 
67 168 154 22 5 159 8 57 131 12 32 150 51 141 92 123 180 124 160 49 109 93 59 39 166 174 
66 137 111 42 64 199 116 195 143 90 84 62 50 75 181 69 54 196 1 53 58 60 36 172 
171 26 198 126 96 161 13 169 89 121 81 117 119 88 156 164 95 68 
113 120 170 83 

