63 120 66 159 106 20 148 
102 175 77 30 123 88 
136 131 38 
80 151 61 190 50 27 15 183 83 29 142 1 
3 178 72 
150 78 16 115 162 46 86 158 6 22 56 
198 112 53 90 98 108 
34 
2 84 117 101 153 
140 94 40 126 143 13 23 52 111 160 
145 189 134 137 114 138 55 113 37 39 157 74 96 85 121 76 167 62 4 107 122 132 184 5 
31 171 116 185 60 125 104 187 10 170 19 91 36 
139 67 164 57 174 64 163 51 69 130 194 79 58 195 129 149 
110 177 92 152 43 75 193 35 59 
100 45 119 18 42 192 54 147 
176 200 124 
21 71 169 118 82 
127 65 8 146 9 97 81 33 172 26 165 99 95 128 154 
32 188 24 
144 161 11 103 12 105 49 155 25 141 191 166 168 179 109 180 199 
196 173 133 135 47 89 48 93 17 182 73 70 28 197 181 87 186 7 156 44 14 68 41 
