140 139 10 41 135 45 8 56 32 111 48 92 66 35 107 20 59 191 189 125 68 
4 175 171 63 7 64 76 194 127 180 38 104 43 137 69 123 130 168 21 80 146 36 60 98 
70 67 132 105 121 93 33 153 77 196 159 84 39 50 141 24 193 18 88 148 197 25 129 152 
182 200 142 28 117 112 
184 47 99 186 87 122 22 126 172 42 173 192 185 181 15 114 85 170 136 165 16 61 174 177 
89 110 167 145 115 134 164 29 55 149 5 143 138 106 62 54 163 49 30 58 95 103 128 
199 75 27 190 2 82 37 113 131 73 14 161 147 31 151 51 65 90 118 86 108 40 94 133 72 
11 9 6 158 53 102 116 195 19 179 3 97 26 166 183 144 124 101 109 46 1 17 52 160 34 
154 74 91 96 119 78 178 13 169 150 155 71 162 187 100 176 120 156 79 23 83 188 157 
198 57 12 81 44 

