151 110 93 102 184 197 21 61 31 15 155 66 185 111 157 152 50 162 60 170 167 11 23 142 35 65 
25 91 22 76 42 145 18 131 53 32 163 154 180 89 125 103 120 79 199 58 83 186 159 175 
27 37 119 134 85 140 82 136 5 20 195 75 19 28 182 108 4 178 121 78 174 160 7 164 52 105 62 
153 90 80 48 69 45 87 118 149 72 49 166 24 133 92 64 124 188 38 46 26 30 36 173 99 
126 146 106 194 190 6 158 47 8 127 100 34 193 141 181 117 43 39 17 70 187 95 33 59 137 
192 161 71 148 144 2 116 176 172 86 135 189 29 107 97 191 56 104 109 112 74 96 129 94 122 
67 168 63 183 98 41 57 128 12 73 150 177 200 51 123 81 130 3 156 165 40 115 114 16 179 
55 171 198 14 147 132 113 13 169 84 138 10 143 196 54 101 88 44 139 9 1 68 
77 

