175 47 171 172 166 29 199 113 12 10 112 167 185 173 55 93 76 70 170 7 19 36 72 121 
86 144 80 191 4 15 151 126 48 91 193 33 168 134 183 3 195 160 179 109 5 129 149 46 
135 6 138 71 127 38 158 62 42 90 85 97 21 20 43 108 60 88 136 165 105 34 111 39 17 
163 53 27 103 153 16 61 8 41 106 98 139 148 145 190 147 11 114 87 154 31 78 22 177 40 
94 162 189 18 187 44 118 
65 49 178 169 96 35 59 51 74 23 104 188 
143 198 1 194 25 142 140 13 9 186 197 75 100 181 37 137 64 152 157 176 95 125 164 68 
69 115 66 184 2 128 45 28 131 73 119 192 182 82 123 81 130 107 156 89 58 200 52 99 30 
67 110 63 132 102 196 116 57 26 174 84 155 180 141 56 54 146 14 79 50 133 159 161 122 
77 32 150 24 92 117 124 120 83 
101 

