80 61 19 145 158 25 182 86 90 41 87 150 178 174 33 30 128 146 48 127 5 165 58 23 147 107 28 
1 17 186 190 51 98 97 77 13 137 73 32 135 185 151 181 11 162 120 149 170 46 83 36 62 173 
134 140 154 183 132 100 72 133 188 96 161 49 70 175 196 4 160 124 18 111 157 126 199 129 187 82 
164 56 172 139 2 116 159 136 169 104 15 35 75 24 92 91 93 40 88 39 7 167 119 166 78 200 
85 171 63 20 14 10 45 22 31 47 76 192 9 121 193 42 197 156 79 6 148 29 143 138 144 
16 67 198 65 102 27 8 57 125 191 38 66 74 59 142 21 54 101 153 152 109 118 95 52 99 177 
168 195 110 105 176 115 112 50 89 163 43 37 26 108 3 69 55 180 53 60 44 189 103 64 34 68 
122 94 194 71 184 106 114 113 131 12 84 155 141 179 123 130 
81 117 

