63 119 146 60 4 36 55 179 41 
171 197 13 151 96 189 94 91 
30 44 80 141 157 95 67 17 155 
164 114 8 126 71 81 144 53 137 56 
45 131 129 11 61 9 188 108 10 68 
62 83 193 46 2 167 42 123 28 109 
21 23 173 24 14 29 99 181 175 
170 75 182 186 127 1 49 185 85 
116 66 150 132 98 140 117 183 106 
113 104 18 54 199 16 138 142 111 133 
161 3 154 97 169 110 162 74 34 
32 103 160 47 6 139 65 76 166 
101 118 143 176 125 33 165 147 149 172 
20 178 50 156 194 79 102 15 59 135 
177 88 89 153 100 105 92 163 196 19 
148 12 40 122 174 136 107 124 
120 26 152 112 168 77 52 200 86 
93 159 38 22 51 191 84 72 82 
190 5 192 43 90 64 39 73 
57 180 35 128 121 198 
48 27 31 25 37 130 158 
78 58 184 7 187 
134 115 145 195 
69 70 87 

