32 124 19 14 77 188 108 36 60 
57 166 155 46 71 17 67 191 84 82 
161 119 144 25 121 106 39 107 85 
177 3 18 176 125 9 99 53 181 104 
21 134 50 156 151 98 189 171 73 
20 12 86 115 90 105 183 137 63 
93 185 88 8 199 37 81 95 158 34 175 
45 38 58 22 68 195 142 149 76 
159 192 35 169 136 123 89 179 
164 182 146 147 167 49 111 135 
101 78 172 31 153 145 130 15 74 198 109 
62 131 54 168 96 64 92 75 28 
113 44 129 11 61 133 87 42 163 55 
190 118 160 47 6 70 1 114 59 
30 27 152 112 194 100 117 102 41 
10 5 180 186 132 140 162 91 196 
170 26 150 97 79 29 52 65 116 
48 193 126 33 138 72 200 
178 80 40 2 139 94 56 
66 173 154 24 7 157 
23 13 43 122 110 
120 143 128 4 165 
148 103 197 141 69 51 174 
83 184 127 16 187 

