20 78 152 199 71 110 162 179 166 
3 38 40 153 169 75 49 137 102 
148 85 80 141 4 84 95 10 175 155 
68 178 143 176 128 33 1 99 53 55 19 
32 65 129 109 73 147 133 74 149 28 
93 119 31 194 145 195 87 92 163 76 
17 34 180 67 61 139 136 189 171 172 
101 72 115 100 130 15 111 89 
21 27 192 168 14 96 52 123 198 196 
113 118 83 193 46 29 105 108 116 
131 12 146 97 167 91 158 41 
62 120 50 156 25 59 104 142 63 36 
45 134 173 154 69 51 174 39 107 106 
177 182 24 2 90 117 185 181 56 
164 66 58 43 140 187 114 94 
161 44 11 6 122 121 165 188 60 144 
57 88 54 184 151 16 135 183 200 
30 159 35 126 7 157 82 124 
48 26 47 37 64 42 191 
190 5 160 125 9 138 86 
170 18 8 186 127 98 
103 197 13 79 
23 112 70 77 
150 22 132 81 

