60 72 58 175 100 110 68 74 198 155 
48 27 147 115 70 73 162 183 114 
20 178 143 46 14 187 142 111 63 67 
190 172 156 194 19 105 42 107 56 
32 173 22 181 9 117 49 104 17 
170 41 80 11 6 122 139 34 108 36 191 
101 3 88 8 132 16 53 144 82 84 
164 78 150 153 79 195 163 92 75 102 
57 18 24 61 81 135 39 116 91 
161 129 154 7 157 123 149 89 
45 131 44 54 127 37 55 99 158 137 
113 180 13 125 4 1 166 185 76 
5 83 193 176 106 90 165 188 10 28 
148 103 192 25 133 64 15 59 196 85 
30 120 38 184 151 98 140 109 179 124 
93 119 186 199 96 52 200 94 
66 197 160 43 2 121 189 171 86 
62 159 152 112 71 130 65 
134 26 146 126 77 138 
21 23 182 141 69 51 136 
177 40 168 145 29 87 
12 35 128 33 167 95 
118 47 174 
50 31 97 169 

