113 134 192 146 127 110 108 10 155 
164 50 31 6 70 139 116 200 124 94 
30 3 114 184 135 100 85 111 102 
148 103 86 151 7 157 104 198 133 
172 76 80 112 168 68 73 39 144 53 
93 182 141 122 1 99 183 137 63 
177 82 176 126 37 55 117 49 181 56 
62 159 88 22 71 90 15 107 17 179 
170 23 154 109 33 64 189 171 65 
190 119 40 153 169 96 52 74 149 19 
185 18 46 14 87 92 163 75 89 
57 118 8 199 98 140 142 166 28 
20 44 129 115 51 174 162 67 106 
178 78 54 79 29 59 123 41 
66 197 11 125 72 60 84 191 36 34 
45 131 173 35 132 9 138 158 91 
48 26 58 186 16 165 95 175 196 
101 27 152 194 145 130 42 147 
32 12 160 47 69 81 188 
161 83 143 25 195 105 
5 180 193 128 4 187 
120 38 150 97 61 77 136 
21 13 43 2 121 
156 24 167 

