93 84 184 127 98 157 104 49 181 17 
63 129 13 155 2 139 95 158 34 36 
10 106 124 141 14 29 42 163 75 89 
30 48 179 31 69 51 65 136 189 149 59 
62 120 44 150 126 37 81 138 142 111 28 
190 5 83 143 166 100 64 162 85 198 102 
101 53 193 97 77 110 196 123 19 68 
57 144 58 35 145 195 108 72 67 
66 192 11 61 172 87 74 107 41 
21 134 50 156 151 114 130 39 175 133 
86 12 46 128 4 121 188 183 137 135 
20 78 160 153 16 140 187 185 55 
161 3 88 8 199 7 1 99 109 
45 178 27 173 132 90 165 60 82 76 
177 38 146 24 122 52 92 200 147 
113 103 197 47 25 167 15 73 91 
118 152 112 194 96 105 116 191 
148 26 154 43 71 9 117 94 
159 18 54 186 174 171 56 
170 119 22 33 
23 182 6 70 
32 80 40 168 79 
164 180 176 125 
131 115 169 

