113 85 41 184 132 98 157 49 144 
170 23 176 2 94 136 189 84 
101 5 160 115 65 51 163 123 73 
21 197 47 6 122 130 42 137 56 
191 18 8 199 90 187 185 36 
177 3 54 186 71 53 1 39 10 106 
181 38 154 25 61 100 89 28 55 166 
118 119 13 43 70 174 200 67 76 
164 50 152 172 82 138 183 34 
148 103 192 127 7 117 142 198 68 
45 48 173 31 69 139 64 92 109 102 
196 134 182 40 153 169 96 105 108 104 
62 131 114 58 128 60 133 74 149 116 
179 178 27 129 141 77 110 162 171 86 
93 83 143 168 79 95 158 124 
63 193 46 125 33 167 188 72 135 
20 66 150 22 151 81 99 17 107 91 
159 88 146 59 195 52 15 75 175 
32 12 147 11 16 140 19 111 155 
190 78 156 97 14 29 87 
57 180 35 4 121 165 
30 120 26 112 194 145 
161 44 126 37 9 
80 24 

