91 44 13 41 124 174 116 198 175 
68 134 150 22 132 140 99 108 36 34 
179 119 143 153 89 105 142 111 63 56 
45 88 54 196 169 110 172 85 200 
114 159 192 31 16 81 188 107 155 67 
113 5 94 141 167 92 75 163 133 
17 66 193 46 144 90 82 183 137 53 
30 120 173 40 97 77 130 42 28 19 102 
178 180 176 125 72 121 162 149 147 
190 118 83 184 199 71 157 104 181 135 
101 26 146 168 14 87 15 74 59 
177 185 191 70 139 136 189 171 73 
148 12 129 154 37 9 138 123 166 
48 50 156 112 194 79 187 49 109 
93 27 152 25 61 100 64 76 10 60 
161 18 8 186 127 7 165 39 106 
21 23 80 126 33 1 95 158 84 
164 103 197 24 145 195 52 55 
20 38 58 151 98 117 65 86 
170 182 11 2 96 
62 131 35 128 4 
57 78 160 47 6 51 
32 115 69 
3 43 122 29 

