32 8 186 127 7 187 142 183 72 
21 58 109 2 121 95 158 34 106 
131 12 116 141 70 41 147 91 76 28 
93 3 137 69 51 65 74 19 68 102 
185 38 150 24 37 52 133 198 17 
190 5 60 184 199 98 157 49 149 172 
177 67 46 86 174 171 189 94 175 
144 118 31 97 169 195 15 59 196 85 
161 88 54 22 151 16 188 108 36 73 
48 18 35 122 139 179 39 107 135 
45 78 129 11 43 4 1 63 55 56 
57 182 40 25 29 105 92 75 114 
62 120 44 156 153 14 81 138 111 53 166 
164 103 80 47 90 64 162 163 155 
170 26 13 126 71 167 99 181 104 
23 50 112 194 96 130 42 82 
159 193 6 77 87 89 84 
113 180 143 176 125 9 117 200 124 
20 197 160 115 110 123 10 
30 134 152 146 61 100 136 191 
66 192 154 79 165 
101 119 128 33 
178 27 173 168 145 
148 83 132 140 

