45 178 26 155 34 10 19 183 137 63 
177 83 166 132 7 81 138 114 104 53 
190 50 141 61 91 136 189 171 175 
21 163 8 122 139 188 108 36 116 
101 78 143 176 70 77 162 109 68 59 
57 118 156 112 14 96 105 42 123 149 89 
170 134 152 40 153 98 157 181 107 67 17 
30 131 58 128 73 200 41 198 75 
148 27 47 16 87 15 196 28 76 
20 48 192 35 126 29 92 74 133 179 
113 5 129 24 2 121 95 158 72 144 
161 38 150 25 90 165 106 191 84 82 
23 173 154 194 145 195 52 111 60 
32 197 86 115 94 51 174 65 124 147 102 
62 159 88 22 151 37 1 55 185 56 
164 66 80 146 97 100 110 85 135 
120 193 46 125 33 167 99 172 
93 119 31 168 79 130 49 
3 18 54 184 169 187 39 
180 13 43 71 9 117 
103 160 11 69 64 142 
12 186 127 140 
182 6 4 
44 199 

