148 197 35 14 195 52 92 89 116 
62 120 160 154 61 167 106 95 158 144 
20 38 150 24 90 1 53 198 196 
164 66 12 184 132 64 49 181 76 
102 83 175 97 169 19 130 39 149 179 
101 3 18 135 199 100 117 183 137 68 
45 180 193 46 84 67 99 111 85 
118 173 47 33 157 142 114 36 
34 27 172 141 122 139 42 163 75 59 
170 23 8 126 71 9 188 108 10 155 
93 159 88 22 63 16 140 28 107 133 
21 134 50 112 194 79 187 74 55 
57 119 146 127 98 165 72 82 60 
30 48 80 40 168 145 87 15 123 17 
32 129 13 6 70 86 136 189 171 109 
113 78 152 128 4 191 185 104 41 
131 182 156 153 77 110 162 73 91 147 
161 166 143 176 125 81 200 124 65 
190 44 54 151 37 105 94 
178 26 31 25 96 138 56 
5 11 69 51 174 
103 58 186 7 
177 192 115 121 
43 2 29 

