148 50 172 71 135 114 142 111 63 166 
32 12 91 125 33 121 162 179 41 85 
109 23 182 22 14 96 68 15 59 196 19 
178 78 193 46 147 110 42 123 198 102 
131 38 13 128 174 136 189 171 133 
164 103 186 199 195 163 92 149 89 
161 3 88 153 61 77 95 106 72 36 
113 44 152 154 25 90 17 67 108 144 
101 26 80 31 122 139 155 49 181 175 
30 159 150 24 79 29 87 74 28 73 
5 129 11 43 2 81 138 137 116 
190 18 146 7 157 99 107 56 
21 54 97 37 1 39 34 76 
170 197 47 169 100 64 158 10 82 
57 118 180 184 151 16 105 183 60 
45 119 58 185 127 104 52 75 55 
177 156 40 194 140 187 53 191 
20 134 115 69 51 94 65 86 124 200 
62 120 192 141 70 165 188 84 
66 143 6 167 117 
48 27 173 112 168 145 130 
93 8 126 9 
83 35 132 98 
160 176 4 

