30 12 176 106 100 64 142 111 67 
84 88 22 155 9 99 19 149 76 
28 23 182 146 132 81 187 183 135 17 
148 103 173 154 25 109 133 15 137 55 53 
190 78 193 46 125 140 92 198 89 
36 5 180 24 122 139 91 123 85 172 
66 197 13 6 70 110 175 158 147 
48 38 40 71 114 138 107 124 
177 192 43 16 52 163 75 59 68 
45 131 50 156 168 169 96 188 108 104 
20 83 54 199 37 157 63 185 181 166 
170 134 8 194 145 195 196 74 41 179 
161 3 11 73 116 94 162 144 56 
101 159 31 151 98 189 171 200 
62 120 44 35 128 33 1 95 34 102 
57 119 143 153 79 105 42 65 86 
113 18 58 184 127 7 117 39 82 
72 152 112 61 90 49 60 10 
164 27 160 47 2 167 165 191 
21 129 141 69 51 174 136 
32 150 186 29 130 
93 26 80 97 14 77 
118 126 4 121 
178 115 87 

