36 119 141 2 139 15 59 89 109 
178 180 194 145 53 39 107 155 67 
45 18 73 6 122 171 74 149 116 
62 23 182 112 153 169 96 52 123 102 179 
5 192 40 168 100 87 42 163 175 
93 159 54 22 90 1 99 158 34 10 
185 3 150 114 104 37 181 142 198 133 
164 88 43 33 121 165 95 108 106 17 
20 66 173 151 28 136 189 65 85 
147 50 156 24 172 41 105 183 137 63 
94 152 146 97 77 138 49 135 196 
21 26 176 128 4 167 188 191 84 72 
177 38 8 186 127 98 157 187 111 144 
32 12 13 126 7 81 55 76 60 
148 103 197 154 16 140 117 166 68 19 
113 78 58 184 14 130 162 91 124 
30 48 160 11 69 200 75 92 82 
190 118 83 143 46 125 9 86 56 
170 134 80 31 25 51 174 
57 27 129 79 195 
161 44 35 199 71 64 
131 47 61 110 
101 193 132 29 
120 115 70 

