147 66 85 166 70 87 89 196 28 19 
179 78 192 153 79 110 15 74 149 76 
57 118 173 154 155 165 82 158 106 175 
109 103 80 31 168 133 64 142 114 41 
101 12 124 141 2 81 137 49 181 135 
30 131 58 6 122 139 188 108 36 10 
72 83 143 176 128 4 121 34 95 107 102 
62 159 54 125 90 117 185 104 67 
45 23 8 63 77 136 189 171 94 
178 27 160 115 68 105 39 198 59 
164 88 184 199 16 157 187 111 53 144 
190 180 47 69 200 172 42 123 116 
148 73 193 46 71 9 1 99 17 60 
163 150 24 14 29 52 92 65 
93 44 13 25 140 138 183 84 
21 134 50 156 151 7 55 191 91 
177 3 18 22 132 98 162 75 
32 197 11 61 100 86 
113 5 129 43 169 96 130 56 
20 38 35 126 33 167 
48 26 152 146 97 145 195 
161 119 112 194 174 
120 182 40 51 
170 186 127 37 

