161 152 40 132 81 166 39 107 155 
170 83 46 128 10 167 34 95 106 191 84 
20 178 50 24 4 165 188 198 144 
190 197 112 168 79 130 142 111 63 
30 76 193 43 7 157 117 183 137 28 
113 44 91 47 69 86 99 149 55 
164 66 192 186 16 64 162 85 41 17 
67 5 124 141 61 77 65 189 171 179 
177 3 31 97 145 138 53 181 104 
45 75 182 154 37 140 92 163 89 196 
32 94 146 199 98 1 158 36 175 
133 134 150 184 2 110 59 74 19 172 
68 159 38 54 14 195 52 42 123 73 
101 78 160 153 169 96 105 15 102 135 
120 18 8 126 71 9 82 108 114 
57 118 129 115 51 116 147 200 109 
103 12 13 125 139 136 72 60 
48 27 176 122 90 49 185 56 
131 180 35 33 87 
148 26 156 25 70 174 
93 88 58 194 100 
23 173 22 151 187 
21 80 11 6 29 
62 119 143 127 121 

