101 118 31 97 79 29 42 68 124 
170 104 46 128 144 165 188 158 76 
190 12 160 47 6 9 1 39 17 114 
164 197 154 43 81 117 59 149 41 
113 5 150 22 14 195 52 92 163 55 
102 23 152 141 122 110 142 53 109 
120 88 35 125 157 74 196 89 
177 182 40 151 16 106 108 36 60 
93 159 85 24 169 96 105 133 172 67 
147 103 13 127 7 187 49 63 135 
134 50 115 69 51 171 94 86 65 91 
161 44 192 199 37 87 111 116 
62 180 143 176 71 167 123 198 179 
30 119 54 184 33 121 15 137 175 
3 156 112 61 77 136 200 34 
48 27 173 11 145 130 189 10 
72 83 28 194 139 99 107 155 73 
32 58 186 132 140 138 183 185 
148 26 146 153 100 64 162 19 75 
57 18 8 126 4 191 95 84 82 
20 66 80 25 70 174 181 166 
131 78 129 168 90 56 
21 38 98 
45 178 193 2 

