26 123 21 156 172 197 
157 93 199 135 109 182 75 
124 103 154 
63 44 3 86 131 79 14 
87 122 115 16 171 42 
41 80 133 64 28 147 72 29 96 174 
145 192 53 2 76 17 200 121 
146 161 8 162 170 187 78 139 185 
196 59 20 163 104 13 84 90 138 83 45 
19 178 23 22 47 82 74 108 
120 51 126 148 113 1 149 
132 18 143 176 165 31 181 111 
73 30 34 98 6 189 177 102 10 198 
158 50 66 11 130 25 116 91 
46 164 54 89 125 
175 9 
106 85 191 94 12 95 39 97 
35 118 99 88 183 152 52 24 
55 150 36 5 49 195 27 167 70 107 
168 92 48 169 101 
57 173 136 159 100 77 127 58 114 
4 15 71 193 33 186 144 179 190 56 
140 32 38 62 194 142 128 40 112 60 105 
188 184 153 166 129 151 141 43 65 110 37 
69 134 81 119 
155 67 137 68 160 117 180 61 7 
