87 92 48 21 126 172 197 
94 12 19 178 23 22 47 82 58 127 77 114 
168 139 187 8 122 185 113 31 169 154 
196 59 194 62 118 52 24 
35 99 88 183 40 112 60 105 
73 145 192 53 2 76 17 200 121 
55 150 36 5 25 116 117 49 61 7 
146 161 115 16 162 171 170 42 
158 66 11 130 160 79 14 
26 123 78 
39 174 110 37 
69 134 149 119 
90 13 20 163 104 100 136 142 128 111 97 
188 184 153 166 89 125 65 29 96 74 108 
140 32 38 84 138 83 45 
57 173 95 159 10 
4 15 71 144 191 43 141 
120 51 143 124 181 101 
155 67 137 133 27 195 180 80 75 
157 93 199 135 147 175 9 
132 18 3 86 131 50 156 148 1 
41 28 64 109 182 91 
152 30 34 98 6 189 177 102 198 
46 164 54 151 129 186 179 190 72 56 
106 85 193 33 167 70 107 
63 44 68 176 165 103 81 
