132 18 143 165 124 103 101 
196 20 163 98 136 142 128 40 121 112 60 
73 30 34 194 62 118 88 183 152 83 45 
46 15 71 166 193 151 125 
63 44 3 86 131 79 14 119 
92 48 169 42 
35 8 162 170 187 78 139 185 
87 122 115 16 171 161 146 181 111 105 
155 67 36 68 66 50 11 130 25 116 7 91 
106 85 191 94 12 19 178 47 82 77 
39 29 96 174 74 108 
4 188 184 153 54 89 175 9 
140 138 52 24 
32 38 84 13 159 100 90 97 
168 123 21 126 148 113 81 
41 28 133 27 195 80 182 167 70 
55 150 137 64 109 33 186 144 179 190 72 56 
120 176 69 31 134 154 
157 93 199 135 147 107 
58 127 189 6 177 102 10 198 114 110 37 
158 5 160 117 180 49 61 75 
149 1 51 26 156 172 197 
57 173 104 95 23 22 65 43 129 141 164 
145 192 53 2 76 17 200 99 59 
