178 167 40 39 119 38 166 102 98 76 8 78 170 165 58 
144 42 138 2 143 126 48 145 127 71 5 101 161 197 44 54 147 23 11 
177 134 22 191 150 43 151 69 31 97 185 56 180 123 121 111 157 34 114 68 52 
46 26 140 115 18 192 84 53 27 37 55 124 1 176 105 
28 196 142 179 89 175 195 156 79 
136 188 184 110 6 148 29 128 25 90 193 20 194 190 80 158 91 106 159 83 14 36 
107 35 65 183 3 199 189 47 155 4 
67 132 10 153 59 86 93 118 182 45 77 33 13 12 50 32 73 49 160 117 82 135 85 88 17 7 66 
99 70 162 94 173 61 72 24 
104 64 137 174 164 198 131 113 169 57 187 60 30 92 
200 41 87 163 181 172 75 168 154 21 51 
171 63 108 133 16 96 139 103 141 74 100 81 130 112 120 125 109 149 152 95 129 
116 15 9 19 146 186 62 122 
