67 137 87 34 173 136 58 65 29 43 85 193 70 56 107 
196 150 3 66 50 156 36 182 135 175 188 82 47 19 
110 174 33 72 191 57 105 80 195 27 49 117 11 79 
155 25 153 141 84 104 20 112 53 139 78 51 113 
41 143 122 17 183 7 14 1 8 165 83 
4 15 144 22 114 108 142 169 21 26 126 131 44 
149 81 32 77 76 181 16 2 42 98 138 90 
147 71 28 109 180 86 172 103 198 
73 115 163 170 200 121 134 197 45 
145 176 68 186 39 127 74 52 10 62 
63 18 154 187 162 123 55 89 94 
106 24 101 124 128 6 179 166 93 91 9 
140 30 13 102 152 60 69 120 148 146 97 164 129 
132 199 168 48 23 96 37 46 119 185 
184 157 59 189 100 118 35 161 158 133 
5 160 64 61 125 151 159 38 167 
130 31 192 171 194 178 54 75 
88 92 99 95 177 12 
116 190 
40 
111 

