174 88 162 76 17 118 111 134 5 117 
155 18 92 169 121 171 181 172 126 44 107 147 
195 135 114 6 102 23 22 96 89 151 65 4 154 
63 67 130 3 11 128 8 74 32 90 173 
132 91 79 180 136 10 159 98 142 112 2 113 87 
145 178 70 144 193 59 192 124 148 21 156 
9 150 27 93 141 191 99 40 183 13 104 19 
140 71 166 43 157 108 60 189 20 101 165 
131 49 68 14 81 84 12 29 54 127 
73 187 35 103 176 50 45 38 188 167 
149 184 80 36 139 185 55 175 46 39 83 58 
97 158 69 34 95 77 42 78 123 24 
106 37 82 110 186 153 64 25 133 72 56 182 
15 137 120 160 61 164 85 94 119 197 1 
196 105 41 7 66 26 168 122 161 53 138 47 198 62 152 
33 129 194 163 100 57 146 200 51 
115 86 116 28 52 75 
30 16 143 31 48 179 190 
199 125 177 
170 
109 

