196 37 58 189 81 69 187 139 156 180 49 
149 33 164 57 151 153 186 85 96 141 188 114 
184 167 7 56 25 160 130 79 44 123 192 183 
140 30 138 173 20 194 146 122 168 134 113 157 70 
132 61 28 90 104 22 128 40 143 197 18 
63 182 105 163 98 136 198 32 121 2 16 48 31 
106 144 175 107 109 124 1 172 36 119 137 14 
103 115 142 13 95 47 177 39 74 176 
87 67 97 83 108 120 64 133 135 72 46 43 94 
155 4 45 35 152 112 88 62 17 66 195 27 117 
191 161 154 170 42 52 100 59 
101 21 150 80 147 60 99 65 127 82 110 
15 71 193 91 55 118 159 102 10 169 148 
145 53 78 126 51 50 158 41 129 179 93 174 
131 3 68 5 26 181 38 75 
8 92 185 34 12 77 29 178 19 9 
54 165 162 171 24 200 89 
199 166 6 23 11 86 
73 76 111 
84 190 
125 
116 

