112 35 124 148 49 160 117 113 176 27 151 
89 174 53 16 31 181 24 147 80 158 
107 166 9 34 136 118 29 96 114 52 14 
156 165 100 77 127 13 12 164 195 61 
106 191 57 32 90 18 134 51 131 120 64 
73 183 26 66 11 21 79 41 167 72 193 108 
63 67 133 91 88 45 177 47 189 102 
155 149 65 129 144 50 78 139 17 146 1 
196 198 70 4 103 123 44 150 5 93 43 
30 142 128 99 101 48 170 137 130 25 135 
157 199 33 186 109 180 116 56 36 185 69 87 
140 94 97 121 2 98 152 83 10 173 104 19 20 60 
59 145 192 62 169 105 159 82 110 85 153 
46 15 184 81 143 168 187 138 111 7 197 
126 92 161 175 38 84 8 42 55 182 28 
132 188 154 122 76 194 37 141 39 178 22 58 
54 71 125 23 190 75 
86 3 68 200 119 
115 163 6 179 
162 171 74 
95 40 
172 

