140 67 114 94 136 104 57 83 96 74 108 91 
28 180 156 76 99 177 190 186 
10 171 168 111 86 
115 6 55 
106 58 34 161 165 42 182 
155 185 101 163 95 29 173 
63 137 39 198 125 146 169 113 176 52 70 
196 44 68 123 17 143 2 8 78 
184 45 31 21 130 160 11 131 153 65 
117 61 49 126 16 181 69 149 97 22 43 
154 120 87 93 129 54 19 178 20 98 127 174 
9 72 199 193 36 158 122 112 192 13 
56 3 25 7 1 124 159 141 147 135 80 
148 48 92 26 50 60 37 4 188 144 85 12 47 
15 79 151 118 88 128 40 121 18 46 
138 183 139 81 105 110 24 82 100 189 
164 35 187 162 32 23 77 102 134 157 
145 41 90 62 194 191 179 33 166 133 
89 71 167 109 38 142 119 150 
132 5 107 175 51 170 200 53 152 14 
73 30 103 27 195 64 116 66 172 59 197 75 
84 

