35 145 152 19 10 178 198 47 191 39 89 186 144 
146 88 13 98 183 34 192 161 108 188 167 41 149 
8 139 81 1 121 20 177 154 134 
184 153 147 160 61 64 195 86 172 127 110 
151 53 162 17 182 54 46 56 
132 105 92 59 174 37 58 65 193 179 27 117 
106 22 9 83 26 123 48 112 128 104 114 175 
73 180 68 36 28 23 124 168 126 
140 67 80 14 87 103 57 100 42 11 130 
157 150 33 21 79 113 176 101 32 62 38 
107 7 166 135 93 91 94 77 82 74 99 
155 5 158 60 141 70 4 111 69 18 131 25 
63 12 163 102 84 164 129 85 43 197 24 45 
196 120 66 171 118 29 96 173 90 194 97 
122 16 115 169 6 159 40 31 148 51 143 
15 71 72 55 165 170 200 78 137 
187 156 50 44 133 49 116 185 2 142 138 
199 76 181 189 52 75 
30 136 190 
3 109 119 
95 
125 

