99 30 88 173 154 101 84 118 8 119 14 
62 150 27 109 133 86 172 175 165 121 
56 184 41 64 5 78 122 192 152 191 129 
132 15 144 174 57 138 90 142 69 87 24 22 127 
140 198 149 157 141 72 61 50 26 134 113 146 
73 185 123 81 6 42 54 70 
38 13 112 102 37 107 188 29 96 43 85 97 
196 2 53 169 143 168 79 36 25 195 44 160 49 7 147 
106 71 137 158 55 21 39 4 89 65 
155 67 148 16 162 171 17 170 40 35 120 
48 115 161 34 136 19 159 128 32 60 59 45 114 
9 193 76 139 176 103 28 197 75 
145 92 31 18 131 130 156 111 183 194 98 20 104 10 83 
167 153 166 47 82 125 110 108 117 66 11 51 124 
126 3 68 180 58 23 100 189 
135 93 199 33 186 94 1 12 151 46 
105 187 163 181 178 77 74 52 164 
63 80 91 182 95 179 190 
116 
200 
177 

