132 33 164 4 18 25 86 49 27 61 66 169 
31 26 50 131 152 121 114 74 52 178 
115 76 124 183 102 104 35 
155 130 143 162 8 98 159 194 105 75 
73 83 198 128 146 64 151 37 119 65 
63 92 36 109 160 28 99 10 107 
199 137 125 40 
30 45 163 84 118 176 149 
126 180 150 79 41 100 9 13 22 
67 46 95 38 91 134 57 
87 60 139 89 94 58 19 23 16 122 165 
106 55 21 142 189 141 186 167 
15 184 81 88 6 17 42 185 156 
140 145 5 69 181 192 200 70 
191 34 136 133 
103 48 166 20 96 
127 72 147 170 187 51 78 174 
93 171 101 179 153 
157 3 54 116 158 172 135 
80 177 
11 120 39 29 
12 44 85 111 
196 113 195 7 154 82 1 112 138 90 
71 193 175 161 123 53 148 197 
108 59 68 117 
14 168 110 182 77 188 
24 32 56 144 43 129 47 173 62 97 2 
190 

