155 152 87 146 122 171 16 181 169 11 66 158 18 197 41 
132 150 51 124 48 123 154 98 57 39 114 174 
140 137 44 156 134 81 9 85 43 186 147 182 195 
63 141 12 47 13 173 62 20 10 40 143 120 60 
138 153 135 93 133 64 50 86 49 131 36 79 91 
73 185 26 126 117 56 19 178 100 168 69 
198 112 17 162 116 28 107 144 4 37 
101 7 3 27 175 89 108 21 148 99 
106 94 82 127 104 163 84 118 189 188 46 83 45 
55 92 78 165 31 121 23 190 80 
196 30 38 103 76 142 177 22 32 88 183 35 
145 115 8 34 95 161 53 42 187 2 59 
157 180 130 68 61 5 54 111 33 
24 67 72 167 193 70 90 128 194 65 105 
151 71 160 25 77 58 74 97 149 
199 14 109 166 191 29 96 129 110 164 
15 184 113 192 102 159 139 176 75 
125 1 200 52 
136 179 
170 119 
6 
172 

