30 142 104 174 57 128 35 146 31 122 26 176 44 
145 115 139 162 171 112 183 39 97 56 164 107 91 
89 94 85 70 7 55 18 19 96 110 186 167 
155 36 137 64 49 120 169 101 100 22 99 148 
15 93 193 141 125 90 102 62 13 152 138 47 108 
134 87 9 114 198 16 48 103 143 51 156 150 182 
123 1 32 12 65 23 29 33 38 149 
106 151 175 191 135 180 195 117 80 79 113 187 105 
59 121 192 161 69 130 160 66 168 2 98 194 20 83 
54 71 72 27 28 185 200 119 45 
132 41 199 68 25 158 126 170 190 43 
140 178 127 189 10 163 181 14 133 11 50 131 
73 124 153 109 166 157 154 78 165 
196 88 17 77 82 84 42 52 81 
63 5 60 34 95 37 46 179 144 188 24 
147 61 3 86 111 129 75 
4 184 53 8 76 21 40 173 58 
92 116 172 197 
67 136 118 159 74 
6 177 

