155 67 11 158 79 44 41 147 56 70 193 186 57 138 32 198 83 
46 15 108 27 109 182 150 61 175 112 194 98 20 
165 103 87 25 154 37 89 152 183 114 82 47 
140 199 68 72 129 153 144 104 31 113 
196 100 161 122 53 78 181 172 117 130 36 64 
73 145 60 45 97 39 174 85 141 107 157 18 66 50 49 195 180 
24 30 10 55 81 118 29 22 75 
54 184 91 86 131 156 26 110 166 167 135 
5 93 77 13 42 17 187 168 148 124 
106 71 191 151 95 59 111 142 51 
133 160 3 28 127 121 1 197 
88 185 146 192 162 8 35 159 178 189 
63 176 126 143 2 173 58 105 9 99 
139 115 48 101 116 188 74 52 90 19 
21 123 69 149 125 4 62 40 102 
132 120 92 134 76 38 128 12 94 65 33 164 
14 7 80 137 171 16 43 119 169 
34 6 23 96 190 
163 84 177 
136 200 
170 
179 

