132 80 27 49 137 84 100 20 40 97 46 70 
196 146 123 185 34 181 42 9 75 
184 166 99 81 170 200 124 69 148 
155 72 91 175 33 193 174 77 62 16 8 161 
15 85 163 128 142 118 10 149 165 120 50 66 
18 79 21 17 136 89 180 5 11 
73 30 45 125 44 86 41 168 
141 76 147 197 
94 164 6 111 
162 29 
3 183 187 54 
139 171 158 22 173 
26 186 82 108 74 
64 182 35 101 83 134 36 176 2 
56 4 71 195 109 19 178 190 55 
106 65 133 131 51 110 144 107 
87 60 113 48 53 78 114 191 154 32 38 
145 169 130 150 160 153 135 129 167 37 
63 67 61 7 1 23 198 102 189 
140 199 127 96 
103 115 122 95 177 90 58 194 
92 116 179 43 88 
93 68 47 52 39 105 
117 172 119 
192 121 157 151 112 57 14 24 
28 159 
188 12 31 143 126 156 25 59 152 98 104 13 138 

