73 94 19 59 93 81 52 69 
196 142 198 97 85 70 117 160 130 134 154 105 
169 187 64 25 137 120 123 146 98 178 47 
145 152 102 77 174 181 16 122 168 1 108 46 
140 30 88 166 72 41 150 27 86 50 143 
10 100 20 128 162 101 159 189 57 
55 67 151 164 107 133 153 43 157 45 62 
106 58 114 32 192 53 156 26 21 148 87 39 4 175 
56 147 71 186 195 5 116 42 78 35 37 
14 49 3 68 66 113 118 200 139 
127 112 185 11 179 141 91 80 
155 38 13 17 95 194 96 65 12 110 
63 7 44 126 31 161 60 23 74 167 
28 199 76 51 158 172 131 197 124 
115 163 84 177 33 188 
165 176 18 6 40 135 
15 184 54 34 170 8 129 
92 171 29 190 
109 111 182 
136 9 24 119 
132 36 61 125 89 191 99 79 
82 144 48 138 180 75 
193 22 173 83 104 183 2 121 90 149 103 

