53 128 48 41 75 
183 30 138 22 141 174 110 114 173 159 189 98 90 39 24 105 
147 107 135 195 117 5 36 133 54 144 179 82 127 
46 15 71 193 64 51 2 40 99 102 13 
155 150 176 156 26 66 130 49 27 93 166 33 58 47 178 198 
140 134 59 162 143 170 200 157 164 
153 167 55 91 125 83 23 29 74 52 32 
132 175 149 87 4 70 129 12 43 85 186 188 56 18 44 11 
139 92 165 72 57 77 9 25 79 158 
199 180 61 131 94 10 194 142 154 1 
73 45 89 65 20 163 84 152 35 111 169 14 
81 115 21 171 8 187 137 160 
196 101 146 161 16 34 38 78 42 80 28 
106 191 151 120 31 118 19 97 126 
67 86 103 123 181 121 112 60 108 
63 148 68 109 113 62 100 17 
184 182 124 185 192 104 88 37 119 7 
69 50 3 168 122 96 197 
145 76 177 190 
116 172 
136 
95 
6 

