195 150 91 14 79 5 51 148 44 11 137 107 147 70 
182 141 127 178 19 12 65 83 32 59 98 17 53 
132 167 72 166 86 33 186 179 54 94 114 
154 81 129 193 174 93 49 9 144 4 
175 39 194 104 189 22 82 57 124 134 113 26 66 158 
164 89 99 121 171 146 85 24 103 1 
155 143 3 25 149 169 35 20 40 138 58 108 
140 97 87 41 68 122 69 185 168 60 151 
110 198 173 102 47 100 142 183 112 18 119 56 7 
8 115 2 128 152 90 126 120 36 46 
157 15 188 27 117 130 50 156 31 48 10 77 43 
63 67 180 80 133 135 105 13 165 176 139 161 
196 30 162 76 170 74 52 75 
184 71 153 109 28 116 172 21 197 
64 199 191 37 45 23 29 96 123 
73 145 92 88 62 163 38 177 16 187 
106 101 192 34 136 118 159 55 61 160 
78 125 200 131 
95 111 
6 190 
84 42 
181 

