73 13 20 162 171 122 17 192 42 197 
188 15 137 68 64 109 25 116 11 49 91 
157 35 152 130 180 9 174 97 119 24 110 
106 48 139 187 69 169 103 101 74 198 108 
158 150 36 89 125 56 33 129 186 70 107 75 
1 120 12 19 194 138 88 183 83 105 
140 18 123 34 98 62 32 118 159 47 82 77 
87 145 161 143 131 160 126 172 148 45 
149 81 41 3 86 195 154 10 
132 67 8 99 178 90 29 65 43 190 
72 184 21 165 124 181 53 111 28 
117 60 104 6 189 23 22 127 102 
155 147 199 14 176 31 185 40 128 59 
55 153 166 136 58 141 27 61 
196 30 2 163 100 114 39 37 164 191 
63 51 5 66 79 156 78 52 
112 115 16 146 121 170 200 
7 93 135 193 151 84 177 
44 50 113 182 179 
4 85 54 38 142 96 
168 92 76 167 
46 71 80 175 144 
26 133 134 
57 173 94 95 

