4 15 184 163 100 62 84 29 82 45 24 
149 51 68 80 109 33 96 91 197 
196 145 143 139 187 171 122 156 172 148 119 108 
72 188 71 166 136 142 159 47 74 10 198 110 
155 147 199 5 66 25 79 9 174 97 52 
73 13 173 94 12 178 39 37 141 190 
132 57 152 60 175 32 138 22 65 70 107 75 
106 153 135 89 125 114 90 88 183 102 77 
63 18 150 36 137 133 69 169 53 42 105 
1 161 2 8 162 76 181 103 200 
55 67 14 176 165 124 185 17 192 83 
112 115 16 21 130 116 49 28 27 
158 3 113 194 118 101 154 61 
46 35 48 146 182 167 179 
157 93 86 131 195 160 180 11 59 
81 120 26 123 99 189 23 128 
140 41 54 104 95 58 191 
87 92 34 98 129 164 43 
85 31 134 126 78 
117 50 64 56 144 186 
44 193 151 177 127 
30 20 19 6 111 
7 38 170 40 
168 121 

