63 44 54 12 19 136 101 148 119 
55 67 113 146 121 90 22 174 83 105 
72 93 199 66 69 31 181 53 78 52 
4 188 152 163 98 62 39 37 28 61 
106 85 60 104 95 144 186 45 
149 41 3 64 56 33 129 164 191 77 
1 51 143 124 185 103 40 59 108 
112 115 16 21 25 47 82 110 
7 18 36 5 80 58 141 74 24 
87 120 123 8 38 194 118 96 43 197 
132 184 94 89 175 32 138 88 183 200 10 
157 150 34 100 6 189 23 29 65 70 
46 15 71 166 193 151 125 114 159 127 102 
155 147 153 135 133 195 160 180 11 172 91 75 
81 92 14 109 79 156 97 
140 145 137 68 176 165 170 192 27 
196 30 35 48 162 171 122 169 9 190 
117 50 99 178 177 128 198 
73 13 173 76 142 111 107 
161 2 139 187 134 126 49 
158 26 86 130 182 167 
20 116 179 
57 84 154 
168 131 17 42 

