63 67 143 19 6 189 23 22 47 97 52 
168 92 14 146 194 118 88 183 107 197 
87 145 2 16 187 69 31 53 61 75 
112 161 152 163 104 136 58 141 174 74 45 110 
4 93 5 66 56 33 144 186 179 190 
72 147 153 54 165 116 11 172 148 105 
46 15 184 135 80 64 109 25 79 156 83 59 108 
1 120 193 151 125 103 101 154 119 
73 13 20 60 76 122 181 192 40 128 24 
157 188 71 166 89 134 164 65 10 198 
117 36 3 68 133 39 37 29 96 70 
158 26 123 139 21 130 180 167 27 
149 81 35 8 38 62 17 28 
132 199 137 131 124 185 126 49 91 
55 18 48 34 98 84 90 43 77 
155 44 50 162 171 142 159 127 102 
7 41 113 121 169 111 
106 85 99 114 177 82 
30 173 94 12 95 138 78 
196 57 195 160 182 9 
140 51 86 32 200 
115 100 178 129 191 
150 176 170 42 
175 

