155 161 2 34 104 32 37 96 82 24 
7 67 36 3 68 62 194 177 174 198 
46 85 163 98 136 138 101 154 83 45 
149 147 137 14 165 124 185 126 172 190 
158 150 166 193 151 125 114 90 22 91 61 
196 145 92 139 33 129 65 97 52 75 
63 44 54 12 19 95 58 29 77 
87 153 80 64 195 160 79 156 49 28 27 
157 188 184 113 21 169 183 40 10 108 
140 30 35 60 76 142 88 200 128 59 
132 120 51 5 175 17 148 105 197 
57 173 152 146 31 170 192 107 110 
106 86 131 25 180 11 70 
72 41 135 133 130 182 167 179 
4 15 71 89 134 103 9 119 
81 26 123 48 38 178 159 47 74 
55 18 8 187 171 122 181 53 111 
112 115 16 99 121 118 141 
168 143 66 69 116 42 
93 199 109 56 127 102 
73 13 20 100 84 39 164 191 
117 50 176 144 186 
1 94 6 189 23 43 
162 78 

