168 12 19 95 142 88 183 74 45 24 
63 51 143 34 98 62 194 118 29 65 97 59 
81 120 36 38 136 58 22 127 119 197 
149 44 50 139 171 122 181 53 111 28 27 61 
196 13 35 80 109 56 144 186 179 190 75 
155 67 150 135 193 151 125 114 39 37 47 82 198 
147 199 5 131 69 31 134 126 49 91 
7 18 152 60 146 121 32 23 128 10 110 
157 188 184 166 89 175 182 78 105 108 
87 145 161 92 16 21 165 79 156 172 107 
46 15 153 133 185 169 103 192 148 
158 26 48 162 76 138 101 154 174 77 
140 57 173 94 104 178 90 141 52 
132 2 113 124 170 200 
93 137 68 176 33 129 96 83 
73 30 54 160 180 167 43 
1 115 8 187 84 159 40 
4 85 64 195 130 116 9 70 
117 3 66 25 164 191 
55 41 163 100 6 189 177 102 
72 86 17 42 
112 123 14 11 
106 71 
20 99 

