81 120 48 113 21 180 154 27 
140 145 143 139 187 171 142 159 127 74 77 110 
63 67 150 36 3 86 131 56 33 49 91 108 
157 147 199 68 80 175 90 22 174 83 105 197 
117 166 193 151 114 39 37 164 65 24 75 
168 26 60 99 136 189 29 96 43 198 
73 30 2 8 146 69 116 11 172 148 59 
46 188 153 135 133 64 195 130 79 101 45 
158 51 123 34 100 6 23 70 
149 18 50 5 66 124 169 103 42 52 
132 93 54 89 125 32 118 88 183 107 
87 41 137 14 178 138 111 128 10 
7 92 16 98 62 194 192 200 61 
72 184 71 12 19 84 177 47 82 119 
196 13 20 94 104 95 58 190 
1 161 152 38 181 53 102 
55 35 176 25 126 97 
155 44 162 76 122 170 78 
4 15 121 144 186 179 
57 173 109 129 141 191 
106 85 165 31 185 9 28 
112 115 163 17 40 
160 182 167 
134 156 

