73 145 137 14 109 25 79 156 83 10 198 
4 184 71 100 136 118 29 74 24 
196 30 94 12 19 32 159 127 102 77 
132 51 5 133 31 181 101 111 119 108 
140 13 35 139 162 171 138 65 43 190 
149 81 67 150 36 99 33 9 174 75 
117 50 86 64 195 160 180 167 70 61 
168 123 8 146 121 17 192 40 45 
55 153 80 175 39 186 179 107 
87 20 89 95 37 164 141 105 
157 147 60 34 38 178 144 97 59 110 
1 120 193 151 125 56 22 96 82 197 
115 48 176 130 116 11 172 148 52 
158 26 143 98 6 189 23 47 
106 68 131 69 134 126 91 
72 93 199 135 194 142 88 183 200 128 
46 57 173 152 163 104 62 84 90 28 
155 41 3 21 122 169 103 154 27 
63 18 16 187 165 124 185 53 78 
112 161 2 113 114 58 191 
44 166 170 42 
188 15 66 129 
7 92 76 177 
85 54 182 49 

