132 41 36 137 66 25 180 167 97 45 110 
155 93 99 185 169 53 192 200 105 197 
55 26 125 32 118 159 128 75 
72 15 68 176 124 134 96 70 61 
87 145 161 143 14 165 138 29 65 83 10 198 
7 18 50 5 133 64 90 22 47 74 108 
4 147 199 166 193 151 114 144 186 179 190 
112 115 8 187 31 170 28 27 
1 120 54 12 19 136 177 127 82 
63 44 150 3 80 175 56 33 129 164 174 119 24 
157 188 184 153 195 160 182 154 52 
149 81 173 94 38 62 84 39 141 43 107 
168 92 48 113 146 122 181 103 101 111 91 
106 85 60 34 121 37 102 77 
196 13 20 152 76 194 142 88 183 40 59 
73 123 100 95 148 
140 67 86 131 130 116 11 49 
158 51 163 98 189 23 191 
46 71 104 178 78 
30 2 139 21 69 17 42 
57 89 6 58 
117 135 109 79 156 172 
35 162 171 9 
16 126 

