196 161 143 139 21 130 180 167 97 119 197 
72 147 94 104 95 189 23 29 65 74 77 108 
149 81 67 150 36 99 114 144 186 179 190 75 
140 13 20 152 60 34 98 62 32 159 40 128 59 110 
155 120 51 133 64 109 56 33 129 164 43 107 
112 166 193 151 125 39 101 154 83 198 
87 145 2 176 122 169 53 192 148 105 24 
4 188 15 187 121 142 111 28 27 61 
132 44 48 162 171 134 126 42 45 
55 18 8 38 84 138 22 47 82 52 
157 93 199 54 89 178 88 183 102 10 
158 3 137 80 124 185 103 91 
46 184 153 12 19 194 118 141 174 
73 30 35 113 165 69 79 11 49 
7 123 131 195 160 116 9 70 
63 41 86 31 181 78 
106 71 100 6 58 127 
57 173 163 136 90 200 
168 26 68 175 182 96 
1 115 16 25 156 172 
117 5 66 17 
50 76 37 191 
85 135 177 
92 14 146 170 

