72 188 153 146 121 32 118 127 83 105 75 
7 93 86 31 170 192 40 198 108 
112 123 131 69 185 169 101 111 24 
87 67 94 104 95 129 65 43 77 110 
46 15 137 14 62 39 154 174 74 59 
106 35 152 60 99 134 126 172 97 119 197 
149 81 150 135 193 151 125 114 144 186 179 61 
158 51 143 139 21 116 11 49 28 27 
73 115 48 176 160 180 9 70 190 
155 44 36 3 68 66 124 138 88 183 52 
196 13 20 89 175 182 164 141 45 
63 18 5 133 64 195 130 79 156 148 
30 2 16 187 165 37 128 10 
1 120 26 8 162 171 122 181 53 200 
4 85 113 25 167 91 
157 184 71 166 194 23 22 96 107 
132 147 199 54 38 103 78 
140 145 173 12 19 6 189 177 47 82 
117 34 98 136 90 29 191 
55 50 80 17 42 
57 109 56 33 
168 92 163 100 178 58 102 
41 76 142 159 
161 84 

