72 188 184 137 125 114 138 101 154 174 119 197 75 
140 13 35 152 60 146 124 118 96 43 198 108 
4 15 86 64 130 180 11 172 97 52 
81 57 173 94 151 56 167 179 61 
155 120 26 8 99 178 129 65 74 10 110 
87 145 161 143 139 21 25 79 156 83 105 24 
63 67 150 36 68 66 69 39 37 164 141 191 190 
149 147 163 98 62 194 90 88 183 107 
196 30 2 162 171 185 169 103 111 28 
132 41 48 38 189 23 22 127 82 45 
1 18 166 193 142 159 40 128 59 
106 71 12 19 95 192 148 
168 92 34 104 136 58 29 47 
73 20 113 121 181 53 102 
117 50 76 134 126 49 27 
158 51 123 14 195 160 182 186 70 
55 199 5 133 109 116 42 
7 153 135 89 175 33 144 77 
112 115 16 187 165 31 17 200 
46 85 176 122 170 78 
157 93 80 32 9 91 
44 3 131 177 
54 100 84 
6 

