87 145 2 162 171 185 103 9 70 107 75 
46 188 184 131 195 160 182 164 65 97 52 108 
157 93 199 166 151 79 11 172 28 61 
149 81 115 8 146 194 22 191 197 
155 67 36 68 66 124 170 200 105 24 
73 13 173 152 60 130 180 154 10 198 110 
158 51 163 100 95 189 23 47 82 74 45 
55 41 94 12 19 178 90 29 43 190 
4 147 153 54 89 175 32 138 101 42 59 
132 120 26 133 31 17 192 148 119 
72 15 71 193 125 114 39 37 141 174 83 
112 20 113 21 25 116 49 27 
140 161 92 48 139 187 118 88 111 77 
63 18 123 99 136 58 96 91 
7 150 3 14 176 122 181 53 40 128 
106 85 135 80 64 134 126 78 
44 143 34 98 62 84 177 127 102 
196 50 86 165 129 186 179 
30 35 38 144 
57 109 56 33 167 
1 16 76 169 
117 104 6 183 
168 137 121 142 159 
5 69 156 

