87 120 26 143 139 187 84 138 101 154 28 27 
149 67 150 36 86 131 195 160 116 43 107 110 
81 18 152 163 98 62 194 142 192 83 10 198 108 
155 147 199 137 80 64 130 79 156 78 61 75 
157 188 184 60 76 39 37 9 70 197 
73 145 2 113 146 124 134 164 65 59 
132 57 173 34 104 136 189 177 82 97 45 
46 15 71 89 175 182 96 174 74 52 
1 135 193 151 125 114 129 141 191 190 
140 115 21 165 69 103 111 105 
158 51 123 176 121 32 118 88 102 
196 13 20 94 180 11 172 148 119 24 
4 85 14 109 25 144 186 179 
63 92 66 23 22 127 77 
168 133 31 185 169 183 200 128 
7 50 99 178 58 29 47 
72 35 162 171 122 181 53 40 
55 93 54 12 19 95 90 42 
106 153 166 6 159 91 
112 161 16 56 33 167 
44 3 5 126 49 
30 8 38 170 
41 48 100 17 
117 68 

