132 18 150 36 89 175 116 78 105 197 75 
106 85 60 76 122 170 192 200 128 198 110 
140 50 68 131 195 160 180 167 45 24 108 
72 188 184 34 100 95 138 88 183 174 74 77 
196 13 20 152 171 134 126 172 148 119 
81 120 137 133 58 22 65 83 52 
87 57 173 94 151 125 114 90 29 70 107 
112 2 139 187 31 185 103 9 91 
149 41 3 38 62 194 142 159 127 97 
46 199 5 80 64 109 56 33 129 141 191 
63 44 54 12 19 136 37 96 82 59 
158 26 123 14 165 124 17 28 27 
157 67 143 162 32 118 101 154 10 
1 51 48 99 189 177 190 
4 15 71 166 193 178 39 42 61 
73 145 161 92 113 146 69 169 53 40 
155 16 21 130 79 11 49 
115 8 25 182 164 
7 153 135 121 181 43 
55 93 66 23 47 
30 35 176 144 186 179 
117 104 6 111 
168 86 156 
147 163 98 84 102 

