1 94 89 125 114 118 192 40 10 198 108 
106 5 21 69 181 82 97 105 110 
73 30 35 152 60 175 56 33 129 186 179 190 75 
157 15 71 38 136 90 88 183 174 83 52 
149 147 199 135 193 151 84 39 164 141 191 77 
155 120 26 123 48 104 6 189 159 70 107 197 
81 57 54 109 79 156 49 91 61 
55 41 12 19 178 138 101 154 74 24 
7 92 16 99 185 169 53 111 27 
112 115 113 146 121 23 29 96 45 
4 188 184 153 166 160 116 11 172 148 119 
72 93 68 80 64 195 25 180 167 28 
87 20 162 171 142 78 59 
117 36 3 86 32 37 47 
196 145 143 14 176 165 31 134 103 128 
158 51 137 133 177 127 102 
46 85 34 100 95 58 22 65 43 
140 18 50 66 130 9 
132 67 150 139 76 122 170 42 
63 44 163 98 62 194 200 
161 2 8 187 124 126 
13 173 182 
168 131 144 
17 

