117 36 3 5 66 124 138 22 47 74 77 108 
155 147 199 68 185 169 53 40 119 197 75 
112 166 193 151 114 118 88 111 97 198 110 
149 44 150 34 38 136 90 154 174 105 24 
73 145 123 14 64 56 33 129 186 27 61 
87 120 26 8 25 79 156 78 52 
4 188 184 137 62 84 39 29 96 82 45 
55 18 50 86 131 195 160 182 172 148 59 
132 57 173 152 60 19 6 189 23 127 102 10 
30 20 94 12 134 103 101 70 190 
7 153 135 89 125 32 183 200 128 
157 67 48 139 187 171 122 181 192 91 
72 15 71 80 58 141 43 107 
93 113 146 31 164 28 
106 35 21 165 69 116 9 83 
196 161 92 16 98 194 142 159 
140 51 143 109 37 65 
1 115 163 100 178 167 179 
81 2 176 130 126 49 
158 54 104 95 177 
63 41 162 76 170 42 
46 85 99 121 144 191 
168 133 180 11 
13 175 17 

