46 15 184 153 121 32 138 88 183 107 108 
87 57 173 152 60 146 116 11 172 27 
168 123 8 38 178 90 47 82 24 
155 120 26 143 14 176 165 69 169 101 111 83 
112 161 92 48 104 84 39 164 141 190 
73 36 3 5 66 25 180 167 179 110 
81 67 150 54 89 175 53 78 61 
157 93 199 99 136 189 23 22 43 45 75 
158 12 19 95 118 29 96 174 97 105 197 
140 71 166 130 79 102 77 
196 30 2 139 187 124 185 103 154 148 59 
106 85 34 98 6 159 40 128 198 
149 41 135 80 31 181 192 200 10 
7 18 193 125 114 177 127 74 52 
132 44 50 113 21 134 156 49 28 
1 115 16 56 33 129 65 70 
4 147 86 64 109 37 9 119 
72 188 162 76 122 170 42 
145 137 68 195 160 182 186 91 
63 35 163 100 62 194 142 
13 20 94 151 58 191 
55 131 17 
117 171 126 
51 133 144 

