149 81 51 26 66 69 181 53 40 128 198 108 
132 57 48 187 32 177 47 83 105 197 
188 184 153 54 100 62 39 29 96 174 75 
1 161 92 151 125 114 159 82 97 45 
112 20 176 121 103 101 111 74 24 110 
145 115 16 99 136 90 88 183 27 61 
73 13 173 152 12 19 178 129 186 70 107 
7 67 150 163 104 6 189 23 22 65 10 
4 15 71 80 31 185 169 42 52 
155 147 199 14 64 109 25 79 11 172 148 59 
196 30 2 8 162 171 122 170 192 200 119 
117 36 3 5 194 164 141 43 77 
157 41 143 113 146 124 134 126 49 28 
140 18 50 86 131 195 130 180 167 179 190 
87 120 123 139 76 37 127 102 
106 85 94 89 175 116 191 
168 68 21 165 118 154 91 
63 44 135 133 56 33 144 
46 35 60 34 98 84 138 9 
158 166 160 182 78 
72 93 137 95 142 
55 38 58 
193 156 
17 

