140 18 152 60 146 124 22 65 43 197 
112 161 92 163 100 95 189 183 40 52 108 
4 188 184 14 64 195 33 129 141 174 74 198 
46 199 54 38 136 90 192 42 105 
149 120 166 193 151 125 114 138 101 128 10 
155 147 153 12 19 178 58 29 96 91 110 
196 145 123 131 69 31 134 126 59 
55 67 150 36 137 66 165 181 103 172 148 24 
132 57 173 94 89 175 56 144 186 179 107 75 
157 15 71 121 142 159 47 82 119 
168 26 48 162 194 118 127 83 45 
1 115 8 130 180 9 70 190 
87 41 135 80 185 17 27 61 
30 20 34 98 62 32 154 28 
158 51 5 133 109 25 116 11 97 
106 85 176 160 182 167 77 
7 93 68 21 39 37 164 191 
117 3 86 169 53 111 
72 143 139 187 171 122 170 200 
81 2 16 76 23 102 
63 44 50 99 84 78 
73 13 35 113 79 156 49 
104 6 177 
88 

