132 120 26 143 139 187 165 124 169 53 40 128 
196 145 137 176 194 90 29 65 74 10 198 108 
73 57 48 162 79 101 174 97 197 75 
30 35 8 98 62 84 138 88 183 200 105 110 
72 41 3 68 131 195 160 47 82 77 
140 13 20 94 89 175 177 91 61 
155 67 152 60 146 121 17 78 52 
4 188 184 153 54 100 136 142 159 127 102 
63 44 150 36 14 69 31 181 42 45 24 
87 51 123 113 130 156 172 148 119 
46 173 171 122 170 192 83 59 
149 81 115 163 95 39 37 164 141 70 107 
7 18 50 5 66 25 180 167 179 27 
117 135 193 151 125 114 23 22 191 190 
157 147 34 104 6 189 96 43 
112 161 92 80 64 109 182 154 28 
168 86 134 126 49 
15 71 38 178 129 
106 85 166 32 118 111 
1 2 16 76 185 103 9 
55 93 99 33 144 186 
158 12 19 58 
199 21 116 11 
133 56 

