149 44 36 3 136 192 91 197 75 
87 51 26 133 64 195 160 79 156 172 97 105 24 108 
157 67 94 100 62 90 154 174 10 198 110 
132 147 139 187 121 181 191 77 
55 50 86 131 124 185 169 53 111 107 
73 57 173 152 163 178 138 88 183 40 119 
4 188 15 153 54 12 19 6 189 23 47 59 
140 145 161 92 16 21 69 144 186 179 190 
30 20 89 194 164 141 74 52 
158 150 166 193 151 125 114 159 70 61 
72 93 199 68 165 31 170 42 45 
81 120 123 14 176 32 37 65 83 
155 18 8 99 84 39 29 96 43 
63 41 135 80 109 25 180 11 49 28 27 
106 85 113 146 122 17 200 128 
46 184 71 104 95 142 127 102 
117 137 175 134 103 101 148 
112 115 34 98 58 22 82 
196 5 66 130 116 9 
168 143 162 76 177 
13 35 48 182 167 
1 2 171 118 78 
7 60 38 126 
56 33 129 

