4 147 199 76 122 169 53 83 
72 188 68 21 130 79 11 49 28 27 
55 18 36 151 116 154 74 75 
87 67 166 89 194 118 159 47 97 105 
117 60 99 121 32 138 192 61 
63 26 143 139 162 171 134 126 78 119 
149 184 153 80 64 109 56 33 29 65 43 77 
132 57 173 152 163 98 6 189 23 70 107 108 
155 44 150 3 38 178 129 191 24 110 
1 120 193 125 114 58 22 96 82 59 
140 30 2 113 146 142 88 111 174 10 198 
168 123 48 187 165 124 164 141 52 
112 161 92 16 25 182 167 179 190 
73 145 5 66 31 181 103 101 42 197 
46 15 71 100 62 84 90 183 200 128 
196 13 20 94 12 19 95 39 37 9 
106 85 14 176 160 180 172 148 45 
7 41 86 131 69 185 156 91 
81 51 137 133 170 40 
115 8 104 136 177 127 102 
158 50 195 144 186 
157 93 135 175 17 
35 34 
54 

