87 67 150 139 187 84 118 192 148 61 75 
1 18 143 162 124 185 169 53 111 83 198 
46 85 171 122 126 172 45 
73 57 152 60 146 194 90 22 82 74 
155 161 2 163 104 178 39 37 29 96 97 52 
132 188 137 131 69 31 134 183 200 128 59 
196 30 54 12 19 17 78 105 24 108 
4 35 80 64 130 180 9 174 10 110 
140 13 20 113 21 25 116 11 70 107 197 
168 86 165 167 179 27 
149 41 36 5 133 32 177 47 77 
81 120 26 123 66 56 101 154 119 
145 115 16 38 62 58 65 43 190 
157 93 199 166 89 125 114 159 102 
63 44 3 14 195 160 79 156 49 28 
117 135 136 189 23 127 
106 173 94 175 182 164 141 91 
7 153 193 151 142 88 42 
55 50 68 176 121 181 103 40 
72 184 76 138 191 
15 71 109 33 129 186 
112 92 48 99 170 
147 34 100 95 144 
158 51 8 98 6 

