155 18 123 48 139 122 156 42 198 
44 150 3 68 121 181 40 128 75 
72 147 199 5 66 165 124 138 29 65 174 97 105 
73 13 20 109 39 22 127 102 77 
196 145 161 92 16 38 178 129 83 52 
46 15 71 80 195 130 126 172 27 61 
157 67 94 12 19 95 142 159 47 82 74 110 
1 120 26 143 14 64 56 33 144 179 107 
4 188 137 176 84 118 88 183 200 24 
106 85 21 32 164 141 191 190 
168 86 131 160 180 186 45 108 
7 50 187 171 185 169 103 192 148 119 197 
112 115 113 146 69 116 11 49 28 
140 57 166 193 151 125 101 154 59 
132 184 153 54 25 79 9 70 
149 81 41 36 31 134 53 111 10 
30 35 152 60 34 98 136 90 96 91 
87 173 163 100 62 194 23 43 
55 93 135 89 175 182 167 
63 51 8 114 58 
117 162 76 17 78 
158 99 37 
2 104 6 189 177 
133 170 

