157 188 184 34 98 194 177 127 82 74 108 
140 13 20 94 89 142 78 105 24 
7 41 36 86 165 185 17 148 119 
155 147 199 68 176 160 144 186 179 107 75 
117 60 104 62 32 118 88 111 174 97 198 110 
46 15 152 25 180 9 83 10 
87 18 135 193 151 84 138 183 27 61 
81 67 48 139 76 122 181 53 192 40 197 
63 44 50 5 133 64 109 56 33 129 164 70 
73 30 35 12 19 95 90 29 96 77 
55 93 166 125 114 39 101 154 59 
106 85 14 189 159 45 
132 150 3 113 146 121 156 42 52 
158 26 8 187 69 169 103 172 91 
149 120 51 143 66 130 182 141 43 190 
196 57 173 99 136 200 128 
168 137 80 31 170 28 
145 161 92 16 162 171 134 191 
4 71 100 6 58 22 47 
1 54 38 178 37 65 
112 123 131 195 79 126 49 
2 21 124 167 
115 163 23 102 
72 153 175 116 11 

