72 15 71 166 124 185 126 172 190 
157 50 99 62 32 90 111 10 108 
140 57 173 94 12 19 136 159 40 128 59 
120 143 14 176 165 69 181 53 91 110 
55 199 137 131 31 170 192 83 52 
63 44 150 36 5 146 121 169 103 49 
112 161 92 163 98 6 189 23 22 127 74 77 
7 93 86 64 160 79 156 42 24 75 
149 145 123 48 175 116 154 119 
87 67 3 68 80 56 33 29 65 43 197 
155 2 16 187 171 177 47 82 198 
46 188 153 135 193 151 125 114 39 101 148 45 
168 26 8 162 76 142 88 183 27 61 
30 20 152 60 34 38 84 37 9 174 97 105 
81 41 66 25 182 164 141 70 
1 18 54 100 194 118 102 
4 147 113 21 129 186 179 107 
106 85 133 109 180 167 
196 115 139 130 11 
73 13 35 195 144 28 
158 51 89 178 58 96 
132 184 104 95 138 78 
117 122 17 200 
134 191 

