149 81 51 26 8 187 171 177 47 198 
1 150 162 124 90 111 27 75 
168 92 14 175 134 126 83 52 
132 93 199 68 80 64 181 103 78 119 197 
7 18 123 104 62 84 118 29 65 70 
196 13 35 152 34 100 95 138 183 174 74 105 
46 15 184 153 133 109 180 167 28 108 
106 173 60 76 122 169 53 192 40 128 24 
63 44 50 38 136 58 22 96 82 10 
87 145 2 16 99 114 39 37 9 97 45 
140 57 139 21 165 79 156 49 91 110 
55 67 36 3 5 66 160 182 164 141 77 
72 41 54 12 19 178 129 186 179 107 
112 20 94 151 125 56 127 59 
4 188 137 176 121 142 88 148 61 
157 147 135 193 25 101 154 190 
155 120 166 31 17 42 
73 115 48 113 146 194 23 43 
161 143 131 130 116 11 172 
158 89 6 189 200 
85 195 33 144 191 
30 163 98 32 159 102 
117 86 69 170 
71 185 

