13 35 48 104 178 39 37 164 43 107 110 
132 147 199 86 64 160 116 9 74 198 108 
117 135 151 125 32 177 47 97 105 24 
140 26 123 19 33 129 141 174 83 197 75 
46 15 152 60 38 136 142 159 127 119 
7 153 80 195 130 79 156 42 61 
149 81 161 2 8 187 84 23 29 96 70 
4 93 99 121 181 103 192 40 52 
87 20 94 12 182 186 179 
158 150 139 21 69 185 17 102 77 
72 188 71 166 193 175 56 172 28 27 
155 120 36 89 194 118 88 183 128 59 
196 145 92 66 165 31 134 53 200 45 
157 67 143 34 100 6 189 22 191 190 
1 51 5 131 25 180 167 91 
112 115 16 162 171 122 169 101 154 
55 18 50 68 133 109 65 10 
63 44 3 137 176 124 138 111 
106 85 163 98 62 90 148 
73 57 173 76 126 49 
30 113 146 170 78 
168 14 114 58 82 
41 54 95 144 
184 11 

