155 147 199 137 176 165 69 17 192 42 198 
63 18 150 36 5 121 32 159 40 45 24 
196 145 161 152 171 181 172 97 52 75 
46 15 163 100 136 58 22 96 174 77 108 
72 93 86 131 25 79 154 148 119 197 
87 2 16 162 124 138 88 183 200 59 110 
4 188 184 135 133 185 169 53 111 74 105 
132 71 166 31 134 164 141 191 190 
140 13 20 60 34 38 62 194 142 47 82 10 
149 41 54 12 19 6 189 23 29 65 70 61 
73 30 35 48 113 146 84 118 101 83 
117 50 99 178 144 186 107 
1 120 26 123 139 21 182 167 179 
81 57 173 98 103 49 28 27 
7 67 143 187 122 170 128 
55 153 193 151 125 56 33 9 
158 3 14 64 195 130 180 11 91 
106 85 94 89 95 39 37 43 
112 68 80 175 90 127 102 
51 8 76 156 78 
44 104 114 177 
168 92 66 160 116 
115 129 
157 109 126 

