87 115 139 187 171 122 181 154 174 74 45 24 
140 161 2 163 100 6 189 29 96 190 75 
117 135 193 151 125 32 138 88 183 40 128 10 198 108 
30 20 152 60 99 178 101 111 91 197 
149 44 3 137 133 64 169 103 78 119 
132 92 16 21 25 79 156 42 105 110 
155 120 51 143 34 98 136 37 164 65 43 77 
157 93 199 12 19 194 23 22 47 82 52 
81 67 94 38 62 84 90 141 83 59 
1 123 48 176 130 180 167 27 61 
106 5 66 165 69 17 192 148 
63 18 50 68 80 195 160 116 11 172 97 
46 15 184 153 166 109 182 9 70 107 
196 145 35 14 146 124 39 127 102 
72 147 113 121 170 28 
73 13 8 56 33 144 186 179 
7 150 36 89 175 134 126 49 
158 54 104 114 129 191 
55 41 162 76 185 53 200 
112 86 131 118 
168 26 95 177 
57 173 142 159 
4 85 31 
188 71 58 

