72 15 86 31 134 103 172 91 197 
132 120 51 123 19 95 142 111 174 74 198 
155 71 100 62 194 177 127 102 77 108 
55 67 48 113 146 69 116 11 70 107 75 
140 145 161 92 80 195 160 182 164 83 45 24 
106 153 135 89 125 114 90 22 47 82 52 110 
196 36 3 133 32 138 88 183 40 128 10 
73 13 20 152 60 104 6 189 23 29 65 43 
7 18 166 193 151 79 156 49 28 27 61 
149 81 41 137 68 84 39 141 97 59 
1 2 16 99 178 192 200 119 
157 93 199 131 124 37 96 190 
87 50 5 66 181 53 148 105 
112 35 8 162 76 122 169 101 
168 26 143 139 21 165 185 126 78 
46 57 173 130 180 167 179 
4 188 184 94 12 56 33 129 186 
85 14 176 58 191 
30 187 171 118 154 
63 44 150 64 109 25 9 
158 34 38 136 159 
117 121 170 42 
147 54 175 17 
115 163 98 144 

