155 184 153 166 193 175 134 101 70 190 75 
4 188 137 80 109 25 180 11 172 148 61 
106 85 176 160 182 42 52 110 
132 147 199 113 114 90 29 96 82 24 108 
55 18 152 60 100 6 189 23 22 65 43 197 
81 67 150 5 146 121 17 192 40 198 
140 115 16 162 171 122 169 183 128 59 
63 41 94 89 125 103 9 174 83 105 
1 120 26 123 139 187 69 79 156 97 45 
46 57 173 76 194 141 28 27 
149 161 143 34 178 144 186 179 107 
157 93 54 38 136 58 127 102 77 
158 50 68 21 165 31 181 74 
87 92 163 104 95 39 37 164 119 
117 135 133 64 195 130 116 49 91 
73 145 86 131 124 170 200 
7 35 8 99 62 142 88 111 10 
196 13 20 12 19 33 129 191 
44 36 3 14 84 118 159 47 
30 2 98 32 138 154 
72 15 71 151 56 167 
112 66 185 53 78 
168 48 177 
51 126 

