157 188 184 14 146 58 29 96 43 197 75 
81 18 150 36 104 95 129 65 70 24 110 
63 44 3 5 114 90 88 111 97 119 108 
140 145 2 16 98 62 32 138 141 174 74 10 198 
168 26 48 139 21 25 182 164 28 61 
132 147 60 34 38 84 39 22 47 82 52 
158 166 89 180 167 179 190 
7 153 135 133 31 134 126 83 105 
30 20 152 165 124 185 169 53 192 40 59 
196 13 173 94 12 56 101 154 77 
112 161 92 8 187 171 122 181 103 172 148 
155 120 51 68 80 64 195 160 186 27 
72 15 71 19 136 189 177 127 102 
149 67 143 162 76 142 183 107 
73 115 163 100 6 159 45 
55 93 54 175 116 11 91 
4 199 86 131 130 79 156 78 
106 85 176 194 118 200 128 
1 193 151 125 37 9 
117 50 66 69 170 42 
46 57 113 33 144 191 
87 41 137 121 17 
123 99 178 23 
35 109 49 

