73 57 173 60 175 56 129 164 191 77 
81 41 94 12 189 183 40 128 24 110 
7 93 137 80 64 195 160 116 11 70 61 
158 26 143 34 98 136 58 22 65 43 
140 115 48 99 121 181 103 78 197 
132 120 152 163 104 6 159 47 82 74 45 
157 67 150 36 3 68 66 165 79 141 190 
72 188 184 166 124 185 17 192 97 59 
196 145 2 162 194 142 88 111 28 27 
149 199 5 176 122 156 172 105 
87 51 123 19 95 39 37 29 96 174 83 198 108 
106 85 21 130 180 186 107 75 
1 161 92 14 109 25 182 167 119 
30 35 8 38 62 84 118 42 52 
63 44 50 100 178 90 9 91 
168 89 125 33 144 179 
55 18 135 193 151 114 138 127 102 10 
46 15 139 187 171 134 101 154 148 
4 147 153 133 69 169 53 200 
112 20 113 146 31 126 49 
155 16 76 32 
117 86 131 23 
71 170 
13 54 177 

