157 188 184 153 166 124 170 192 40 128 
55 18 152 163 169 53 111 28 27 61 
132 2 8 162 171 142 159 82 74 77 
140 67 143 187 122 156 148 45 
149 57 193 151 32 118 96 70 190 
73 30 16 21 25 116 9 91 
106 85 94 38 136 58 29 47 105 24 
87 120 26 14 64 181 103 154 174 52 75 
4 41 36 86 131 195 160 182 167 179 107 110 
155 147 199 137 62 84 39 200 119 197 
196 145 161 92 48 139 76 194 23 65 43 198 108 
1 51 68 176 56 33 129 164 97 
46 15 71 100 95 37 141 191 
81 50 5 175 134 126 172 59 
13 20 89 125 114 138 88 183 102 10 
168 123 80 109 79 11 83 
7 35 12 19 178 177 127 
63 44 150 3 113 146 69 185 101 42 
112 115 34 104 6 189 22 
72 93 54 165 31 17 78 
117 135 133 130 180 49 
158 60 99 121 144 186 
66 90 
173 98 

