132 115 139 21 69 31 134 47 83 198 
149 145 161 92 34 104 114 138 88 183 174 97 24 110 
55 67 150 3 5 175 53 192 27 75 
1 18 50 113 62 84 118 154 28 
168 86 165 124 181 103 49 91 108 
4 93 68 176 142 159 127 102 77 
63 41 54 12 19 136 189 23 22 96 70 107 
73 30 2 8 187 180 11 172 148 119 197 
155 147 94 89 125 56 33 129 65 74 10 
106 85 135 133 64 195 160 79 101 128 52 
46 15 184 60 76 122 156 42 105 
120 51 48 99 178 39 37 164 141 59 
196 57 173 152 25 182 167 179 61 
157 188 71 166 193 151 58 29 43 45 
81 199 14 146 121 32 90 9 190 
7 26 143 162 171 185 169 78 
87 36 137 80 170 200 
140 13 20 163 100 194 177 82 
72 153 38 17 40 
112 16 98 6 111 
117 66 130 116 191 
158 123 109 144 186 
44 131 126 
35 95 

