149 120 92 163 104 95 90 192 83 105 
87 145 173 152 60 146 32 118 88 183 40 77 110 
155 93 98 62 194 138 9 174 97 45 75 
132 67 150 36 113 56 37 164 65 59 
63 51 143 34 38 181 103 101 154 148 61 
55 18 123 66 165 69 79 156 78 197 
81 50 139 187 171 142 159 70 107 108 
157 147 137 68 176 124 169 53 111 128 198 
196 30 2 8 130 116 11 172 52 24 
112 161 48 162 76 185 141 91 
158 26 100 136 189 22 96 82 10 
4 184 71 80 109 25 180 167 43 
7 199 5 114 129 186 190 
140 115 16 99 178 39 179 27 
44 3 86 131 31 134 126 42 
106 35 21 122 29 74 
73 13 20 151 125 182 49 28 
72 41 166 193 175 17 200 119 
1 135 133 64 195 33 144 191 
117 12 19 6 58 127 102 
46 85 54 160 47 
188 15 153 121 177 
57 94 89 84 23 
168 14 170 

