87 67 150 139 187 194 142 159 127 74 59 110 
155 147 199 137 80 31 17 28 27 61 
112 123 14 64 160 29 96 174 83 105 197 
46 184 71 100 114 138 164 191 190 75 
149 57 173 152 60 99 189 23 22 65 10 198 
158 54 109 25 116 42 45 24 108 
140 20 176 124 181 103 192 40 128 52 
63 44 36 3 68 133 195 130 79 156 172 148 119 
4 188 15 153 12 19 136 90 88 183 102 
132 115 48 113 146 121 129 141 43 107 
81 161 2 8 162 76 134 126 49 91 
120 51 5 131 69 185 53 200 77 
7 18 143 34 98 62 32 118 101 154 97 
72 41 163 104 95 144 186 179 
73 145 166 89 175 182 82 
157 93 86 165 169 78 
196 92 16 21 180 11 70 
1 135 193 151 125 39 37 47 
106 85 171 122 111 
117 50 38 178 9 
55 26 66 56 33 167 
30 35 84 177 
13 94 6 58 
168 170 

