63 44 5 80 64 138 88 183 174 74 105 
196 57 162 124 185 169 53 111 119 108 
7 67 48 34 98 136 164 141 70 61 75 
87 115 16 146 58 29 191 190 
155 120 36 100 95 90 96 43 77 
72 184 71 166 193 151 125 114 144 97 59 
106 85 135 89 134 192 40 128 24 110 
132 18 152 171 122 181 200 45 
1 51 26 143 113 21 25 116 49 
81 92 8 130 180 11 172 148 52 
158 150 137 66 56 37 47 82 10 198 
149 145 161 12 19 6 189 177 127 102 
4 188 15 153 54 109 79 9 83 
55 50 139 187 121 32 23 22 65 91 197 
157 147 199 104 103 101 154 28 27 
140 41 3 86 131 195 160 182 167 179 107 
73 13 20 60 99 62 84 118 42 
93 14 176 165 31 17 78 
30 2 76 194 142 159 
46 173 94 38 178 39 186 
112 35 163 126 
168 68 133 33 129 
117 175 156 
123 69 170 

