157 67 150 36 3 14 146 32 118 191 198 108 
196 145 2 176 56 192 42 105 24 110 
149 44 60 34 98 62 194 142 96 174 74 77 
132 188 139 130 180 167 70 107 197 75 
7 18 123 131 195 25 182 164 65 91 61 
4 15 184 94 89 175 134 103 101 83 52 
112 20 187 121 39 37 29 82 45 
72 147 199 5 66 165 124 159 47 97 59 
63 41 135 193 151 125 114 138 88 183 40 128 10 
106 85 21 122 156 172 28 27 
158 152 163 100 6 58 141 43 190 
155 120 51 86 64 109 33 144 186 179 
73 68 133 31 181 154 148 119 
117 50 113 160 116 11 49 
87 57 48 162 76 185 169 53 111 
140 13 35 171 90 22 127 102 
81 161 92 8 99 136 189 200 
1 115 16 38 178 23 
46 71 80 69 170 78 
55 93 166 95 9 
153 54 12 19 84 177 
168 26 143 104 17 
30 173 79 126 
137 129 

