157 123 66 165 69 181 47 74 197 75 
1 150 36 86 64 23 22 65 43 198 108 
155 18 135 193 125 32 118 192 200 128 24 
72 147 199 5 133 109 79 126 97 119 110 
7 67 54 89 194 142 88 70 107 
112 35 152 34 98 136 37 164 28 27 61 
158 51 48 100 114 58 96 82 52 
46 85 14 146 124 185 103 101 111 83 59 
196 13 80 195 130 116 11 172 148 105 
168 137 176 122 169 183 40 10 
149 81 26 143 99 121 39 141 191 190 
4 188 184 153 12 19 6 189 177 127 102 77 
87 145 161 2 8 162 76 134 156 49 
132 57 113 21 25 180 167 179 
140 20 94 151 56 33 129 186 45 
63 44 3 68 178 138 9 91 
55 93 38 62 84 90 174 
117 50 187 171 17 78 
73 115 139 160 182 154 
106 71 166 175 53 42 
15 60 104 95 29 
120 92 16 31 170 
30 173 163 144 
41 131 159 

