112 115 16 165 181 9 83 52 
155 41 3 68 176 121 170 10 
63 67 150 36 66 124 185 169 53 111 174 74 198 110 
15 71 104 62 194 142 192 40 128 24 
140 51 143 14 64 109 25 182 164 65 43 108 
73 30 35 152 60 175 56 33 129 141 191 190 
132 161 2 163 100 95 189 23 127 97 
46 188 184 153 166 193 151 118 101 70 107 197 
81 120 26 48 162 79 156 148 45 75 
7 18 50 139 187 171 90 88 200 59 
168 137 133 31 134 183 61 
149 44 135 80 195 160 116 11 172 28 27 
158 123 34 98 84 138 29 96 82 105 
55 199 54 12 19 178 39 37 47 119 
4 147 94 38 136 58 22 102 77 
196 145 86 131 130 180 154 91 
106 85 89 6 42 
87 92 8 99 114 167 179 
157 93 113 146 69 103 49 
57 173 76 122 17 78 
1 5 21 159 
117 125 32 177 
72 126 
13 20 144 186 

