158 150 135 80 32 23 22 96 174 74 59 
149 81 41 3 14 176 122 156 172 148 
106 71 12 19 114 118 82 75 
132 120 51 60 125 103 9 70 61 
7 67 143 100 6 189 183 40 128 10 198 
196 50 68 175 134 126 107 
155 161 92 48 34 98 62 194 138 47 83 105 
140 123 8 38 178 58 141 191 197 
4 93 131 69 31 17 78 24 110 
73 13 20 152 146 79 101 154 97 52 108 
157 188 184 153 54 109 25 116 11 49 27 
112 115 16 99 84 39 29 65 43 45 
87 145 2 139 187 171 181 53 192 200 119 
55 35 64 195 130 180 167 179 190 
117 36 137 21 165 124 185 169 102 77 
168 26 66 56 33 129 164 91 
72 147 199 5 133 90 88 42 
46 57 173 163 104 136 142 111 
30 113 121 144 28 
63 44 162 76 37 186 
1 18 166 193 151 159 127 
85 94 89 95 177 
15 86 160 182 
170 

