7 41 166 69 170 192 97 119 
196 123 48 162 171 122 53 148 75 
87 120 143 139 21 130 180 11 172 28 108 
117 3 5 66 25 79 156 91 
81 51 163 104 62 32 90 22 82 74 10 
106 85 135 193 151 125 114 177 127 45 
1 150 36 86 131 195 103 101 111 27 
4 15 71 80 175 118 154 52 
140 13 35 152 60 99 33 129 141 191 190 
30 173 76 39 37 164 65 43 77 
73 145 161 92 113 160 116 78 110 
149 18 137 68 176 56 29 96 174 83 24 
112 20 187 84 138 88 183 200 128 198 
132 67 94 89 178 144 186 179 61 
155 2 8 98 6 189 23 47 105 197 
157 188 184 153 54 12 95 142 159 107 
46 57 34 100 136 58 70 
72 147 199 133 31 134 126 42 59 
63 44 50 38 181 102 
55 93 14 146 124 185 169 49 
115 16 165 17 40 
168 26 19 194 9 
158 64 109 182 167 
121 

