7 41 36 137 14 175 134 164 83 119 24 
46 35 48 113 160 182 96 70 107 197 
132 18 94 38 126 172 148 59 108 
87 20 187 171 122 181 103 101 154 174 74 52 
81 120 163 104 194 118 88 102 10 198 110 
4 188 15 153 80 64 109 25 144 186 179 75 
85 135 133 69 185 169 53 192 40 
196 145 161 92 16 98 136 58 22 127 82 77 
73 13 8 162 76 23 29 65 45 
158 51 123 19 6 189 159 27 
157 184 68 131 195 130 79 156 49 28 61 
155 44 150 54 12 56 33 129 141 97 105 
140 57 173 152 60 165 124 170 200 
72 147 199 166 89 125 114 138 183 42 
149 93 193 151 180 11 91 
1 115 139 146 121 39 37 9 190 
63 67 3 86 31 17 128 
168 26 143 66 32 90 43 
106 71 100 95 142 111 
30 2 34 62 84 177 47 
55 50 5 176 116 191 
117 21 167 
112 99 178 78 

