73 13 20 89 175 56 22 127 82 74 198 110 
157 93 199 68 64 195 160 182 186 70 107 197 75 
196 145 123 66 69 31 181 103 111 77 
4 41 36 137 62 84 138 88 148 119 24 108 
132 173 152 34 100 178 90 183 40 59 
1 120 5 21 122 169 28 27 
72 188 184 153 165 124 118 65 174 97 52 
149 161 92 8 95 189 23 29 96 83 10 
140 57 48 187 121 53 192 42 61 
158 51 143 113 146 79 156 172 105 
87 18 150 3 86 131 33 129 164 43 190 
168 26 60 19 32 37 141 45 
106 85 135 133 185 17 200 128 
46 15 71 166 193 151 180 167 91 
117 50 162 171 134 9 
155 147 14 176 130 116 11 49 
55 67 54 125 114 39 101 154 
63 16 38 194 142 159 102 
81 2 163 104 6 58 191 
112 94 12 136 177 47 
7 35 80 109 25 144 179 
115 99 126 78 
30 139 76 170 
44 98 

