106 86 131 25 180 167 43 24 
157 188 5 133 64 109 182 96 83 197 
87 145 161 92 60 146 31 169 183 27 61 75 
73 30 35 152 175 56 33 129 141 174 74 77 110 
168 26 68 178 90 154 28 108 
72 147 199 135 193 151 84 138 29 82 97 45 
155 120 51 143 34 38 62 194 23 22 65 70 107 
46 15 71 89 116 11 172 148 52 
132 115 16 99 136 142 111 128 10 198 
149 44 50 14 195 130 79 126 42 59 
196 57 173 163 100 95 39 37 164 105 
112 20 94 12 19 32 118 88 40 119 
1 150 3 66 165 124 181 103 49 91 
63 67 36 137 80 69 134 53 192 
55 93 76 122 159 190 
4 85 54 104 6 189 177 127 102 
158 123 48 139 21 144 186 179 
140 13 8 187 171 185 17 78 
81 18 166 125 114 58 47 
7 41 176 121 170 200 
2 113 160 101 
184 153 98 9 
117 162 156 
191 

