140 244 217 271 361 270 397 322 390 267 291 295 224 303 311 387 334 338 305 168 
169 375 331 389 300 252 367 340 395 339 320 354 388 328 306 205 238 258 257 344 381 386 138 
68 296 11 298 46 115 33 104 34 
200 288 277 239 385 203 237 134 
60 59 50 165 5 299 378 8 27 173 29 284 35 178 193 186 80 56 38 201 276 179 
69 317 99 85 86 43 164 162 184 7 155 16 67 353 24 118 189 135 52 
76 55 124 141 90 65 39 163 154 
123 61 51 146 369 185 127 101 6 100 363 133 196 
30 355 308 302 292 282 206 79 145 199 221 121 32 
352 342 309 248 394 376 368 312 281 167 278 19 240 247 373 341 332 
243 256 223 234 216 250 231 211 226 294 93 
113 119 102 112 117 66 142 147 192 
236 316 304 343 349 330 360 400 110 
399 321 366 336 318 313 272 370 365 209 215 315 392 213 364 357 371 372 351 333 225 219 268 314 319 380 222 335 348 327 181 
22 20 128 13 15 17 106 188 132 139 255 89 379 149 111 170 
83 82 382 195 94 45 107 88 158 187 191 75 105 150 109 
71 1 31 175 114 161 297 220 129 10 4 
49 275 265 208 212 227 230 233 274 198 
337 358 323 310 396 374 301 326 207 325 204 383 345 307 171 346 
143 279 261 242 214 241 293 245 249 263 210 
148 84 62 92 2 12 103 25 97 160 120 73 
153 144 77 280 131 36 197 
57 108 48 42 180 122 126 54 78 47 183 
159 72 125 96 190 41 28 194 64 174 152 177 182 98 37 377 
157 172 74 9 116 26 136 95 3 246 44 
264 235 260 229 251 273 254 262 218 290 
63 285 398 359 350 329 287 269 266 228 232 283 202 384 253 324 286 391 
362 347 356 393 166 
130 289 259 23 
18 156 81 14 137 58 53 87 70 91 151 40 176 21 
