41 68 93 9 10 201 29 67 
89 44 2 73 91 60 290 97 101 253 24 164 125 286 273 109 269 187 
295 234 228 264 218 207 195 190 287 196 37 18 19 
231 211 294 272 256 250 226 223 215 216 219 225 243 137 
267 224 285 270 206 217 262 271 194 113 25 
255 111 150 133 161 192 78 
42 28 94 229 184 
274 296 40 62 23 191 199 209 80 142 123 38 
39 45 156 157 115 59 175 74 147 86 165 8 135 96 118 106 
193 102 
69 168 179 173 43 105 174 7 90 151 70 20 140 232 120 71 117 54 266 129 159 
249 293 284 282 280 268 241 214 263 210 213 242 279 261 
188 298 245 248 220 222 27 26 246 240 292 200 283 281 32 
259 238 300 251 237 233 100 33 178 171 181 276 257 92 
235 254 244 230 212 260 208 
180 55 112 155 127 141 
162 12 170 5 53 51 1 126 110 
130 252 289 288 291 14 134 189 132 
103 204 299 227 275 265 258 277 182 
119 31 76 83 36 46 84 138 160 21 87 185 158 146 52 64 136 35 167 278 177 
34 6 247 88 77 16 99 166 72 149 49 30 114 236 152 297 75 124 
108 85 143 3 66 4 
154 139 144 11 58 205 131 239 15 172 48 56 95 116 145 63 104 107 57 186 
98 163 65 61 81 198 176 17 
128 47 22 183 169 79 122 82 13 153 202 50 221 121 197 
203 148 
