41 68 93 62 176 97 1 174 
45 44 2 163 66 60 100 110 86 77 24 78 116 164 54 109 269 278 
295 234 228 264 218 207 195 190 201 196 64 18 19 
231 211 294 272 256 250 226 223 215 216 219 225 243 197 
267 224 285 270 206 217 262 271 194 50 25 
198 142 87 188 95 140 125 
42 168 94 99 127 
296 170 40 15 131 148 17 209 80 71 92 38 
39 103 144 179 115 59 175 9 10 113 56 145 135 132 187 106 
291 297 
69 65 102 173 43 105 70 7 90 82 36 153 192 184 199 171 124 182 266 129 159 
249 293 284 282 280 268 241 214 263 210 213 242 279 261 
247 298 245 248 220 222 29 26 246 240 292 200 283 281 32 
259 238 300 251 237 233 14 33 155 20 185 276 257 287 
235 254 244 230 212 260 208 
91 290 23 126 232 141 
162 55 205 5 53 3 84 202 85 
130 252 289 288 112 147 72 255 221 
274 204 299 227 275 265 258 277 273 
119 31 143 83 16 111 46 67 160 21 134 181 286 123 104 146 136 35 167 118 121 
12 193 108 180 73 191 229 166 161 4 49 30 158 236 152 74 76 8 
47 28 150 51 13 165 
154 139 101 11 58 157 189 239 34 172 48 133 22 27 63 117 96 107 57 186 
98 6 89 61 81 138 178 114 
128 156 88 183 169 79 122 253 151 120 75 52 37 137 177 
203 149 
