90 28 197 53 6 46 138 154 104 54 
189 43 65 157 131 45 58 9 30 191 158 110 61 148 142 94 
147 122 96 109 92 68 38 75 73 24 177 140 174 91 76 97 72 70 175 34 77 102 106 133 13 182 186 1 
132 93 152 141 124 168 103 59 192 8 145 82 156 129 4 35 153 63 114 169 50 
41 105 167 137 10 149 14 79 66 2 139 113 121 108 60 
130 5 187 184 27 123 120 199 95 
166 165 162 119 180 179 40 29 7 118 116 101 136 112 22 164 143 17 78 56 31 
198 86 155 146 69 23 20 42 126 127 99 88 151 173 125 
98 84 87 100 194 160 134 159 62 49 3 188 21 25 37 15 128 
111 55 19 32 178 150 135 200 67 115 176 52 16 193 74 181 172 47 48 89 12 171 85 51 185 26 
64 11 190 161 71 18 83 144 81 195 33 36 80 57 44 107 39 163 170 183 196 117 
