317 244 217 271 361 270 397 322 390 267 291 295 224 303 311 387 334 338 305 363 
382 375 331 389 300 252 367 340 395 339 320 354 388 328 306 205 238 258 257 344 381 386 276 
68 63 7 36 283 160 220 147 34 
297 288 277 239 385 203 237 255 
60 92 50 114 5 8 78 142 145 182 176 134 133 24 164 136 56 40 101 93 171 179 
69 55 128 130 87 15 378 41 127 126 17 139 120 150 125 104 189 135 111 
76 71 124 141 2 103 18 167 73 
123 61 51 369 172 200 184 154 187 110 186 80 89 
146 355 308 302 292 282 206 100 25 246 19 37 379 
352 342 309 248 394 376 368 312 281 188 194 284 240 247 373 341 332 
243 256 223 234 216 250 231 211 226 294 201 
113 42 131 95 158 58 199 151 168 
236 316 304 343 349 330 360 400 353 
399 321 366 336 318 313 272 370 365 209 215 315 392 213 364 357 371 372 351 333 225 219 268 314 319 380 222 335 348 327 377 
175 119 156 13 161 53 152 174 70 79 118 10 38 149 138 170 
83 82 72 9 94 45 107 88 86 27 3 75 29 192 47 
140 1 77 169 117 65 197 23 91 109 4 
299 275 265 208 212 227 230 233 274 198 
337 358 323 310 396 374 301 326 207 325 204 383 345 307 196 346 
280 279 261 242 214 241 293 245 249 263 210 
148 84 62 22 26 54 6 191 46 173 67 32 
153 144 99 122 102 96 106 
143 108 48 20 137 90 85 49 177 52 183 
159 112 180 165 12 185 28 155 16 115 278 166 98 193 116 181 
157 30 81 59 14 190 163 162 43 129 44 
264 235 260 229 251 273 254 262 218 290 
296 285 398 359 350 329 287 269 266 228 232 64 202 384 253 324 286 391 
362 347 356 393 178 
298 289 259 221 
31 57 195 74 11 66 39 97 105 33 132 35 21 121 
