41 68 93 34 77 97 1 174 
89 44 2 163 66 60 100 110 255 176 24 164 116 78 54 109 269 187 
295 234 228 264 218 207 195 190 201 196 64 18 19 
231 211 294 272 256 250 226 223 215 216 219 225 243 137 
267 224 285 270 206 217 262 271 194 71 25 
55 22 51 13 95 140 125 
42 168 94 99 127 
296 170 40 62 131 148 17 209 80 50 52 38 
39 103 156 76 115 59 175 9 10 113 56 145 135 132 278 106 
23 74 
69 65 102 173 43 105 70 7 90 82 36 153 192 184 199 165 124 182 266 129 159 
249 293 284 282 280 268 241 214 263 210 213 242 279 261 
247 298 245 248 220 222 142 26 246 240 292 200 283 281 32 
259 238 300 251 237 233 14 33 155 20 181 276 257 287 
235 254 244 230 212 260 208 
91 147 291 72 232 141 
162 198 205 5 53 3 134 67 85 
130 252 289 288 112 290 126 86 146 
274 204 299 227 275 265 258 277 273 
119 31 143 83 16 111 188 151 160 21 87 185 286 123 104 37 136 35 167 118 197 
12 193 108 180 73 191 229 166 161 253 49 30 158 236 152 297 179 8 
47 28 150 84 178 171 
154 139 101 11 58 157 189 239 15 172 48 133 29 27 63 117 96 107 57 186 
98 6 45 61 81 138 46 114 
128 144 88 183 169 79 122 4 202 120 75 92 221 121 177 
203 149 
