317 244 217 271 361 270 397 322 390 267 291 295 224 303 311 387 334 338 305 363 
382 375 331 389 300 252 367 340 395 339 320 354 388 328 306 205 238 258 257 344 381 386 276 
124 39 7 36 283 160 49 147 34 
297 288 277 239 385 203 237 255 
60 92 50 114 137 8 163 129 145 182 28 176 133 24 164 136 56 40 101 106 32 179 
69 159 128 130 87 15 378 41 127 126 17 139 120 150 85 104 47 135 111 
76 59 68 13 72 103 79 14 73 
123 61 51 146 9 95 184 187 154 110 192 80 89 
369 355 308 302 292 282 206 100 194 246 19 278 379 
352 342 309 248 394 376 368 312 281 200 220 284 240 247 373 341 332 
243 256 223 234 216 250 231 211 226 294 201 
113 42 54 58 158 125 199 151 168 
236 316 304 343 349 330 360 400 353 
399 321 366 336 318 313 272 370 365 209 215 315 392 213 364 357 371 372 351 333 225 219 268 314 319 380 222 335 348 327 377 
175 119 63 2 161 18 152 174 70 141 118 10 38 149 138 170 
83 82 156 131 94 45 107 88 86 27 6 75 33 186 189 
140 1 77 169 117 53 197 23 91 109 4 
299 275 265 208 212 227 230 233 274 198 
337 358 323 310 396 374 301 326 207 325 204 383 345 307 196 346 
280 279 261 242 214 241 293 245 249 263 210 
148 84 62 22 26 185 3 191 46 134 37 171 
153 144 99 122 102 96 93 
143 20 48 108 165 90 188 166 177 52 183 
55 112 74 5 12 172 173 155 16 115 78 67 98 193 116 181 
157 30 81 71 65 190 25 232 43 142 44 
264 235 260 229 251 273 254 262 218 290 
296 285 398 359 350 329 287 269 266 228 162 64 202 384 253 324 286 391 
362 347 356 393 178 
298 289 259 221 
31 57 195 180 11 66 167 97 105 29 132 35 21 121 
