41 68 93 296 66 201 4 67 
89 44 2 73 91 60 290 110 65 153 24 164 116 286 273 109 269 187 
295 234 228 264 218 207 195 190 97 196 64 18 19 
231 211 294 272 256 250 226 223 215 216 219 225 243 137 
267 224 285 270 206 217 262 271 194 113 25 
255 3 46 133 95 140 125 
42 28 94 99 184 
45 170 40 62 23 36 17 209 80 287 52 38 
39 103 156 157 115 59 175 138 147 56 165 145 135 104 278 106 
193 9 
69 168 102 173 43 105 70 7 90 151 174 149 192 20 120 71 124 54 266 129 159 
249 293 284 282 280 268 241 214 263 210 213 242 279 261 
247 298 245 248 220 222 142 26 246 240 292 200 283 281 32 
259 238 300 251 237 233 14 33 178 171 181 276 257 92 
235 254 244 230 212 260 208 
180 179 291 155 29 141 
162 108 76 5 53 51 1 148 13 
130 252 289 288 112 100 126 72 123 
274 204 299 227 275 265 258 277 182 
119 31 143 83 16 150 84 74 160 21 87 185 78 146 132 37 136 35 167 118 197 
12 6 188 55 77 191 229 166 161 253 49 30 114 236 152 297 75 63 
47 85 111 22 10 127 
154 139 101 11 58 205 131 239 15 172 48 86 232 27 8 117 96 107 57 186 
98 163 144 61 81 198 176 189 
128 34 88 183 169 79 122 82 202 199 158 50 221 121 177 
203 134 
