132 93 152 124 64 168 24 149 30 144 8 145 72 60 35 142 63 185 169 50 
71 41 167 105 137 10 3 33 113 118 139 79 121 164 12 
55 86 155 146 69 48 47 67 28 127 151 99 42 27 88 
11 141 190 18 161 59 83 153 170 36 195 114 158 57 192 156 107 163 106 97 186 4 
66 130 5 187 191 184 6 120 199 95 
111 19 32 177 96 58 9 103 140 115 200 176 53 171 25 21 89 74 126 39 128 51 117 26 
84 197 178 90 150 134 104 46 138 154 123 54 
198 135 65 157 43 45 131 189 148 129 81 174 110 61 196 94 
165 119 162 179 40 180 101 34 15 112 22 85 173 44 143 56 17 31 
166 98 193 87 100 49 159 160 194 78 62 29 133 147 188 52 116 181 136 37 172 
23 122 20 109 92 68 38 73 75 183 14 16 7 182 108 2 82 76 80 91 77 70 13 175 102 125 1 
