132 93 152 124 64 168 24 149 30 192 8 145 156 110 35 142 63 185 169 50 
71 41 167 105 137 10 3 33 113 79 116 118 121 164 12 
55 86 155 146 69 48 47 67 104 127 151 99 42 27 88 
11 141 190 18 161 59 83 153 170 36 195 114 76 57 108 91 107 163 106 97 186 54 
66 130 5 187 191 184 120 173 123 95 
111 19 32 177 96 58 9 103 140 115 200 176 53 171 16 174 74 89 126 39 128 51 117 26 
84 197 178 90 150 134 28 46 138 6 199 4 
198 135 65 157 43 45 131 189 148 129 81 2 82 61 196 94 
165 119 162 179 40 180 101 34 15 112 22 85 154 44 143 56 17 31 
166 98 193 87 100 49 159 160 194 78 62 29 133 147 188 52 25 181 136 37 172 
23 122 20 182 92 68 38 73 75 139 14 183 7 109 144 21 77 158 80 72 60 70 13 175 102 125 1 
