159 166 84 98 87 100 194 160 49 179 78 3 134 15 188 62 37 173 17 56 185 
132 93 152 124 11 168 103 83 170 21 8 144 36 195 80 35 4 63 196 169 50 
111 32 19 193 178 47 48 67 90 150 200 28 151 127 115 53 176 171 52 181 191 158 6 125 12 51 26 
165 119 29 162 101 40 180 133 34 7 140 116 25 112 85 128 31 
55 86 155 69 146 23 20 135 99 16 174 22 136 46 172 
9 58 131 43 189 45 148 65 157 129 121 126 110 61 142 94 
177 122 96 109 92 68 77 73 75 24 147 182 113 91 76 82 72 106 70 97 163 175 164 13 143 102 186 1 
130 5 187 42 184 27 120 199 95 
41 139 167 105 10 149 137 79 118 2 66 33 57 108 88 
198 197 104 74 89 138 154 123 54 
64 141 190 18 161 59 71 14 183 81 153 30 192 145 114 156 60 38 44 107 39 117 
