89 68 93 62 176 97 1 174 
45 44 2 163 66 59 100 99 190 165 151 78 116 164 54 109 37 32 
295 234 228 264 218 207 195 253 201 196 64 18 19 
231 211 294 272 256 250 226 223 215 216 219 225 243 197 
267 224 285 270 206 217 262 271 194 178 25 
150 142 87 188 95 140 125 
42 168 61 51 127 
296 170 40 15 131 148 17 209 79 13 92 38 
39 103 88 85 115 60 175 9 10 113 56 145 135 132 187 106 
291 297 
69 65 102 173 43 105 70 7 90 82 36 153 192 184 199 171 124 182 266 129 159 
249 293 284 282 280 268 241 214 263 210 213 242 279 261 
247 298 245 248 220 222 29 24 246 240 292 200 283 281 278 
259 238 300 251 237 233 14 33 155 20 185 276 257 287 
235 254 244 230 212 260 208 
91 290 23 126 232 141 
162 55 180 5 28 3 84 202 179 
130 252 289 288 112 205 236 255 221 
274 204 299 227 275 265 258 277 273 
119 31 143 83 16 111 46 67 160 21 134 181 286 123 104 146 136 35 167 118 121 
12 41 108 147 73 191 229 166 161 4 49 30 158 72 152 74 76 8 
47 53 172 110 71 96 
154 139 101 11 58 157 189 239 34 198 48 133 22 26 63 117 80 107 57 186 
98 6 193 94 81 138 50 114 
128 156 144 183 169 122 77 86 27 120 75 52 269 137 177 
203 149 
