125 60 62 50 180 8 127 65 66 254 3 28 166 40 98 353 24 118 133 274 218 181 179 
83 169 116 63 117 54 157 142 198 138 
337 358 323 310 396 374 301 326 259 207 325 204 345 97 129 160 85 70 391 346 
130 123 81 14 26 11 58 39 191 163 167 107 75 120 221 383 139 155 147 110 149 44 
69 355 48 90 51 5 72 184 187 100 154 16 91 177 176 21 135 171 111 
298 289 137 41 150 
352 342 309 248 369 376 308 281 209 200 220 231 394 368 312 240 283 247 284 379 373 341 332 
143 108 112 113 13 102 92 164 78 101 174 145 105 134 
148 61 82 9 131 141 95 27 158 194 173 161 115 239 192 168 189 121 170 
119 172 297 302 316 282 304 343 349 330 360 400 104 
71 382 18 122 109 
59 1 74 277 84 94 45 46 153 106 126 79 64 33 152 19 255 10 4 38 73 183 
236 275 265 262 29 178 67 
399 321 370 366 378 365 272 315 234 392 364 351 333 215 219 268 314 380 222 348 372 357 371 327 32 
30 68 99 124 76 57 165 136 12 49 188 36 47 
362 347 385 199 356 393 23 
244 217 359 271 291 270 361 350 329 287 334 390 269 267 266 387 228 384 363 303 212 224 233 227 230 232 202 338 253 324 286 
55 128 242 213 279 261 214 226 293 241 245 263 210 
42 375 331 389 300 252 367 340 395 339 320 354 328 306 388 205 258 238 344 381 386 276 
175 296 159 87 185 2 190 7 31 295 25 6 186 307 56 52 93 34 
140 156 77 299 114 43 88 103 80 
22 20 96 15 280 195 86 146 53 132 182 273 193 37 89 377 
398 288 229 251 203 237 257 
317 285 397 336 322 318 313 243 206 144 162 17 225 311 319 335 305 
292 256 223 216 278 246 249 294 201 196 
264 235 260 250 208 211 197 151 35 290 
