90 28 100 176 6 46 138 154 104 54 
9 58 65 157 131 45 43 189 30 148 158 191 110 61 142 94 
177 122 96 109 92 68 38 73 75 24 147 118 174 91 76 72 60 106 13 133 164 182 70 22 175 102 186 1 
132 93 152 141 124 168 103 83 183 144 36 170 145 80 44 35 4 63 196 169 50 
41 105 167 66 10 149 14 79 113 2 139 137 121 108 88 
130 5 187 184 27 123 120 199 95 
166 165 162 119 29 179 40 180 7 140 116 101 34 77 136 112 143 17 56 78 31 
198 86 155 146 69 23 20 48 150 127 97 172 85 173 125 
98 84 193 197 159 49 160 194 3 134 62 188 21 25 15 37 128 
111 32 19 55 178 99 135 200 67 87 47 151 16 115 53 181 171 74 42 126 52 89 12 185 51 26 
64 11 190 161 18 59 71 33 81 8 192 153 114 57 82 156 129 163 195 107 39 117 
