193 169 41 62 82 175 171 151 
45 44 2 139 61 185 176 24 84 48 145 34 116 97 75 37 109 187 
295 234 228 264 218 207 195 253 201 196 269 290 266 
231 211 294 272 256 250 226 223 215 216 219 225 243 197 
267 224 285 270 206 217 262 271 194 3 286 
149 142 22 49 87 164 132 
42 77 115 91 182 
296 170 7 51 131 184 17 179 59 46 174 38 
162 103 6 85 40 60 134 9 10 113 104 14 1 56 32 106 
291 297 
69 65 47 55 43 105 70 188 66 133 13 153 95 120 117 79 80 127 19 129 159 
249 293 284 282 280 268 241 214 263 210 213 242 279 261 
247 298 245 248 220 222 29 209 246 240 292 200 283 281 278 
259 238 300 251 237 233 198 205 229 232 202 276 257 287 
235 254 244 230 212 260 208 
16 148 23 78 140 141 
31 173 147 189 28 4 72 158 71 
130 252 289 288 112 239 236 255 221 
274 204 299 227 275 265 258 277 273 
119 39 101 172 94 53 126 67 160 21 33 190 146 123 36 25 136 35 167 118 121 
12 168 144 183 73 191 178 166 161 122 181 30 68 92 26 74 76 8 
102 99 93 100 15 96 
154 163 156 11 58 110 5 180 192 125 124 135 165 63 18 81 114 107 57 186 
98 89 88 155 83 138 50 152 
128 143 108 90 86 20 111 199 27 157 54 52 64 137 177 
203 150 
