193 169 41 139 82 175 171 49 
45 44 2 62 61 185 176 116 84 48 145 34 24 40 75 37 109 187 
295 234 228 264 218 207 195 253 201 196 269 290 266 
231 211 294 272 256 250 226 223 215 216 219 225 243 197 
267 224 285 270 206 217 262 271 194 296 286 
149 142 22 15 151 190 132 
42 77 80 92 63 
3 170 7 51 131 184 17 192 35 46 174 38 
162 103 6 85 97 60 134 9 10 54 104 14 1 56 32 106 
291 297 
69 65 47 101 43 105 70 188 66 133 78 74 95 120 18 79 91 127 19 129 159 
249 293 284 282 280 268 241 214 263 210 213 242 279 261 
247 298 245 248 220 222 199 209 246 240 292 200 283 281 278 
259 238 300 251 237 233 198 205 229 232 202 276 257 287 
235 254 244 230 212 260 208 
16 148 23 13 140 141 
31 173 147 189 28 4 165 158 71 
130 252 289 288 112 239 236 255 221 
274 204 299 227 275 265 258 277 273 
119 39 55 172 110 53 126 67 160 21 33 164 146 123 36 25 8 117 167 118 121 
12 168 144 183 73 191 178 166 161 122 181 30 68 115 26 153 155 136 
102 99 93 87 124 96 
154 163 156 11 58 138 5 180 179 125 100 135 72 182 59 29 114 152 57 186 
98 89 88 76 83 94 50 107 
128 143 108 90 86 20 27 81 111 157 113 52 64 137 177 
203 150 
