125 60 62 50 180 299 127 136 66 97 16 28 166 40 29 101 24 133 105 274 218 47 179 
83 169 144 63 5 54 157 160 198 138 
337 358 323 310 396 374 301 326 259 207 325 204 345 152 129 41 79 118 391 346 
130 123 81 8 26 11 58 39 191 106 254 72 91 120 221 383 139 43 132 110 149 44 
69 355 48 90 51 185 126 184 187 100 154 3 177 46 176 21 135 171 111 
298 289 137 53 150 
352 342 309 248 369 376 308 281 209 200 220 231 394 368 312 240 283 247 284 379 373 341 332 
143 108 112 113 102 172 92 164 36 155 107 145 151 134 
148 61 82 9 131 141 95 27 158 194 78 161 142 35 192 168 189 121 170 
20 74 297 302 316 282 304 343 349 330 360 400 353 
71 382 18 190 109 
59 1 122 277 84 94 45 88 153 163 70 33 64 85 19 104 255 10 4 38 73 183 
236 275 265 262 49 178 193 
399 321 370 366 378 365 272 315 234 392 364 351 333 215 219 268 314 380 222 348 372 357 371 327 377 
30 68 99 124 76 57 165 65 12 173 128 98 181 
362 347 385 199 356 393 239 
244 217 359 271 291 270 361 350 329 287 334 390 269 267 266 387 228 384 363 303 212 224 233 227 230 232 202 338 253 324 286 
55 146 242 213 279 261 214 226 293 241 245 263 210 
42 375 331 389 300 252 367 340 395 339 320 354 328 306 388 205 258 238 344 381 386 276 
175 296 159 87 117 2 13 7 31 17 25 188 186 307 56 52 93 34 
140 156 77 14 114 167 174 23 80 
22 119 96 15 280 195 86 6 103 67 182 273 147 37 89 32 
398 288 229 251 203 237 257 
317 285 397 336 322 318 313 243 206 116 162 295 225 311 319 335 305 
292 256 223 216 278 246 249 294 201 196 
264 235 260 250 208 211 197 75 115 290 
