42 10 111 60 112 72 
245 220 222 246 54 283 19 
130 252 247 170 3 81 44 51 131 148 189 191 152 164 78 120 46 109 159 
69 168 102 173 43 66 105 122 1 134 48 74 56 95 83 26 52 64 117 177 
128 188 298 289 248 255 135 
98 204 172 77 169 133 90 181 
259 224 99 183 277 244 86 
295 235 254 230 227 218 80 165 185 208 
274 238 300 288 258 251 237 205 229 232 236 202 276 257 146 
103 34 76 233 184 84 82 36 27 30 114 38 
12 89 55 157 94 29 199 142 221 
267 293 297 291 282 201 206 262 271 118 25 
119 31 41 143 28 22 100 49 20 192 280 196 37 200 127 
154 6 156 144 176 5 17 4 147 287 123 104 18 240 278 129 186 
163 2 11 58 174 15 149 171 194 50 124 145 141 106 
162 180 198 150 138 67 160 21 87 190 286 113 71 79 14 8 63 136 167 137 32 
39 101 108 139 40 61 110 97 93 121 24 92 187 132 57 
231 249 294 284 268 241 214 292 263 213 210 209 215 219 225 216 242 197 281 279 261 
203 272 211 226 243 250 256 223 273 
296 265 234 299 285 275 270 207 195 153 228 217 264 253 269 290 266 
47 53 68 115 126 96 
16 59 239 161 33 212 140 158 116 75 182 35 
179 65 9 85 91 155 23 151 178 125 
193 45 88 7 73 175 166 13 70 260 62 107 
