132 93 152 141 124 168 192 8 145 103 76 156 35 4 129 153 63 114 169 50 
167 105 71 41 137 10 14 79 66 2 108 113 121 139 60 
198 86 155 146 69 23 20 127 126 42 99 88 151 173 125 
64 11 190 161 59 18 83 144 81 195 33 36 80 107 44 57 39 163 170 183 196 117 
149 130 5 187 184 27 123 120 199 95 
111 55 32 178 150 135 200 67 115 176 16 19 74 181 172 89 171 51 12 47 48 85 185 26 
193 90 28 197 52 53 6 46 138 154 104 54 
189 43 65 157 131 45 9 58 30 110 158 191 61 148 142 94 
165 162 119 180 40 29 7 118 116 164 136 112 22 101 143 56 34 31 
166 98 84 87 100 194 179 160 134 159 62 49 25 3 188 21 37 78 17 15 128 
147 122 96 109 92 68 73 75 38 24 177 140 174 91 82 97 72 70 13 133 77 102 106 175 182 186 1 
