69 67 100 62 89 46 138 6 95 54 
9 58 65 157 43 45 131 189 148 191 158 30 110 61 142 94 
177 122 96 109 92 68 38 73 75 24 147 7 174 91 82 195 60 106 13 97 163 175 70 164 125 102 186 185 
132 93 152 124 11 168 103 83 153 8 129 170 57 36 44 35 4 63 196 169 50 
41 105 167 66 10 149 14 79 118 2 139 137 121 108 88 
130 5 187 42 184 27 126 199 172 
166 165 162 119 29 179 40 180 34 133 101 113 116 77 136 112 22 17 56 143 31 
23 86 155 146 48 178 135 150 28 194 140 21 85 12 154 
98 84 193 197 159 49 87 160 3 134 52 188 78 25 15 37 51 
111 32 19 55 198 99 20 47 90 200 151 127 115 176 53 104 171 16 181 120 74 173 123 1 128 26 
64 141 190 161 18 59 71 33 183 81 144 192 114 145 76 156 72 182 80 107 39 117 
