337 68 396 55 378 87 39 172 167 151 394 237 387 125 334 348 109 186 257 307 226 3 97 89 183 
271 63 156 252 84 276 138 
399 352 128 366 298 5 41 165 250 175 199 353 380 
323 54 187 
74 48 365 213 173 29 263 110 192 28 335 164 
209 76 228 26 146 287 343 136 193 338 319 
65 99 77 277 322 144 238 6 349 326 314 127 219 240 194 85 220 149 
81 309 17 274 121 170 346 
18 264 289 130 369 162 58 208 312 43 16 242 166 126 233 133 120 
143 317 22 384 92 60 216 114 350 295 51 281 279 269 180 251 315 31 364 79 374 224 214 328 155 147 25 40 225 305 91 218 293 24 105 141 134 379 93 212 4 400 304 171 286 324 210 111 181 
140 59 296 123 236 280 292 62 185 370 288 45 94 61 246 306 195 142 302 203 239 345 10 176 98 294 201 373 135 232 32 245 
248 90 42 117 329 301 137 397 112 318 88 278 13 371 44 
148 355 108 131 347 174 372 
243 235 231 325 227 7 150 
342 217 382 320 308 27 188 21 118 101 360 222 154 34 311 
169 285 96 361 270 82 339 12 9 158 36 53 115 215 392 284 357 19 267 191 261 381 33 47 196 132 106 163 391 
30 159 83 259 310 122 102 340 64 283 390 2 23 268 205 
71 398 375 299 67 
69 119 50 49 197 207 303 344 330 75 327 73 37 
198 
359 153 331 57 358 234 376 336 116 103 78 211 200 356 86 70 265 14 139 273 161 363 182 262 255 393 184 145 160 80 190 241 386 253 290 206 316 168 179 332 
1 20 124 389 223 362 367 204 247 72 383 351 178 202 
321 260 11 256 8 15 95 368 152 100 177 35 129 56 258 230 52 
244 291 113 300 229 313 272 66 107 395 282 275 266 297 388 354 221 254 333 341 157 104 189 385 38 46 377 249 

