76 264 235 248 289 119 223 180 57 300 243 318 336 15 280 215 370 26 267 295 25 211 279 194 249 356 376 53 153 354 344 214 190 258 187 98 351 333 40 94 160 107 227 305 19 225 311 118 316 373 220 191 134 56 327 377 127 168 116 201 4 126 319 138 332 181 263 226 
113 71 55 99 18 11 117 266 58 45 172 308 142 146 282 228 163 345 97 129 381 306 328 132 304 212 78 164 364 49 7 31 242 101 155 141 205 166 5 27 104 110 150 343 173 350 33 3 353 386 93 24 121 47 245 120 52 206 391 183 338 
317 169 359 271 156 375 82 331 124 277 329 361 204 301 13 292 2 86 63 159 81 88 400 322 275 12 6 394 46 51 278 64 145 17 91 232 387 41 147 273 193 200 268 372 265 218 241 335 67 154 35 72 186 80 233 136 157 171 371 89 385 32 240 286 170 324 73 
60 337 108 358 270 123 84 62 50 74 8 229 208 185 281 302 125 334 291 66 175 188 399 100 283 238 79 325 390 269 115 360 151 330 178 293 109 303 103 202 106 29 363 224 383 14 10 174 149 176 161 192 198 379 357 290 230 222 135 210 348 179 85 199 111 
148 30 236 362 347 216 252 260 114 320 339 195 165 162 392 262 315 251 246 197 284 239 70 43 23 167 105 384 314 133 219 158 255 182 177 257 189 274 380 254 34 196 38 294 261 44 37 253 346 
342 22 209 355 20 112 309 90 96 128 272 54 65 287 234 313 87 61 393 297 349 75 326 237 247 139 184 221 21 28 341 203 307 276 
321 140 59 256 77 1 48 369 92 131 288 378 259 231 9 137 39 207 374 368 16 152 388 
42 68 285 143 397 299 122 250 95 367 36 312 365 
69 217 244 366 298 352 144 340 395 102 
130 83 382 398 310 396 213 
296 323 389 

