20 130 48 153 84 62 207 65 340 216 288 378 112 370 315 336 213 279 70 107 239 2 23 284 41 105 333 49 225 133 128 363 150 327 160 380 171 163 179 72 311 138 183 232 346 
113 42 125 355 165 260 280 66 264 86 251 152 178 238 132 177 253 
71 323 140 87 50 81 301 92 17 9 312 281 219 224 187 307 118 357 263 120 147 258 116 319 
83 375 82 309 277 367 131 229 61 161 27 7 231 356 103 390 359 180 228 237 262 372 129 344 109 303 19 254 126 206 56 3 80 189 4 34 294 324 38 32 377 335 338 104 
60 289 11 398 141 396 397 26 144 162 45 6 368 159 79 374 18 115 174 100 211 220 241 97 134 28 190 175 360 110 255 33 257 334 371 198 201 13 196 305 245 290 199 73 
217 331 148 99 51 172 369 362 95 185 209 5 58 275 12 88 295 326 247 273 345 218 387 276 353 44 332 
30 55 342 236 124 269 74 31 267 297 137 361 205 195 142 184 194 394 376 197 200 268 139 155 157 330 193 293 203 186 43 37 249 176 222 135 350 274 227 164 286 101 111 47 170 
57 59 382 156 15 366 272 96 266 204 291 53 102 8 339 64 169 36 343 25 364 383 114 221 78 67 29 202 214 226 40 210 230 
248 235 68 292 223 122 54 399 250 308 63 259 392 39 16 351 10 393 391 
271 256 270 358 318 234 146 302 90 243 158 395 208 349 14 91 381 278 306 246 385 182 127 341 240 316 21 168 233 35 145 192 212 373 154 136 85 166 52 106 149 
317 76 244 337 119 123 298 215 94 252 329 384 322 400 365 287 325 313 167 282 354 328 283 386 388 242 75 46 151 188 314 265 173 98 348 379 191 24 121 261 93 304 89 181 
69 1 285 143 108 300 389 320 
321 352 22 310 117 
296 77 299 
347 

