399 119 310 396 165 146 2 144 11 295 46 51 213 266 155 349 240 282 3 365 6 394 376 125 390 70 214 381 306 208 116 387 91 178 133 47 220 268 110 145 344 276 274 327 357 134 373 52 226 210 44 170 227 286 163 73 126 
342 42 229 243 336 15 366 159 108 169 300 389 340 367 65 62 207 101 397 262 230 114 251 86 330 275 190 334 238 361 35 25 267 311 400 173 43 40 49 174 94 237 212 353 360 202 293 24 363 232 383 224 254 186 338 161 157 34 348 136 129 147 391 80 290 319 85 371 166 183 
130 248 99 124 76 384 329 252 122 96 250 128 215 231 9 172 8 127 206 322 335 7 269 180 12 368 28 142 115 100 278 105 345 139 325 233 372 192 303 225 103 120 167 160 21 255 164 10 188 141 205 307 350 132 176 379 154 37 245 97 196 168 386 201 316 249 263 305 111 
317 271 68 74 256 77 1 204 301 13 18 72 289 272 281 302 209 315 318 234 26 81 36 331 39 79 197 247 41 106 326 29 177 359 75 218 193 109 5 98 56 19 241 343 182 4 258 385 393 199 33 93 121 149 171 377 32 222 294 138 179 332 181 135 304 
292 382 83 82 375 156 60 264 185 175 90 63 228 66 339 291 27 53 200 242 211 246 162 392 314 374 364 31 23 265 273 341 203 104 187 158 257 189 118 67 14 324 38 380 194 261 253 191 89 346 
30 236 148 113 20 87 370 347 95 297 288 57 112 313 17 64 84 283 356 54 153 184 221 152 354 388 107 151 328 219 78 150 198 
217 285 244 337 270 358 277 216 259 92 61 137 260 58 45 279 195 88 16 284 239 351 333 
71 69 355 48 143 50 55 369 362 131 280 378 287 320 102 312 
140 59 235 123 309 299 308 395 
352 398 22 117 
296 323 298 223 
321 

