195 57 147 22 106 31 55 129 
28 6 132 14 63 149 172 197 141 60 1 8 175 
117 23 32 38 108 56 45 114 86 81 194 
3 180 43 124 15 18 190 27 167 198 61 70 
136 48 131 183 51 91 111 95 116 178 
153 49 47 200 103 110 7 179 68 44 90 
182 161 119 98 16 40 133 41 158 
84 199 127 105 118 137 123 75 13 97 
21 139 143 188 29 166 82 
140 54 88 87 69 176 113 191 58 134 174 
100 37 177 128 125 189 160 109 157 33 66 
142 126 80 145 148 83 36 
24 156 102 196 184 152 169 72 
59 65 168 99 94 151 53 192 101 74 52 
89 9 12 155 121 115 144 11 71 17 
4 92 173 165 85 50 112 107 154 
159 26 122 77 10 170 19 146 93 39 
42 5 62 181 35 164 104 25 193 73 120 
187 130 34 76 2 185 96 
67 30 64 
150 163 171 78 162 138 46 20 186 135 79 
