96 42 197 5 159 46 138 135 120 162 78 187 
107 165 160 53 101 192 50 85 114 81 
4 57 133 147 40 154 134 58 17 97 174 
172 62 10 25 104 77 20 186 149 63 79 132 28 
48 180 43 90 103 146 170 19 193 73 93 200 153 
26 122 35 164 181 141 185 2 
131 156 102 7 179 18 15 36 39 49 
142 152 184 190 51 145 148 80 196 24 
84 199 176 69 105 137 123 75 127 113 191 
100 37 12 59 143 188 29 21 89 67 
140 121 155 115 144 11 71 87 30 64 
72 161 22 70 106 41 195 
82 139 177 65 99 94 151 112 86 55 194 
47 136 3 178 110 44 83 95 116 68 183 124 
150 163 6 14 171 130 
54 88 118 13 8 60 1 76 34 175 
169 167 27 91 111 198 61 126 
182 119 98 16 129 92 
45 56 108 38 32 117 23 74 52 31 158 
66 9 128 168 125 189 109 157 33 173 166 
