267 224 285 270 206 217 262 271 145 
204 102 172 112 155 110 131 20 56 92 146 132 136 269 141 
119 180 85 73 36 138 84 160 86 24 95 50 124 52 278 177 129 
249 293 284 282 280 268 241 214 263 210 213 242 279 261 159 
98 103 47 61 81 195 176 17 49 87 164 
274 296 40 66 23 191 126 209 185 158 25 
162 2 12 55 170 5 46 51 62 151 178 153 116 71 63 109 182 35 
41 68 93 10 60 29 166 72 13 140 113 223 187 
193 163 299 227 256 265 258 277 
31 139 143 3 15 201 194 75 135 54 200 32 
154 144 168 11 58 83 205 148 239 107 
255 111 133 97 4 254 149 80 
179 43 9 94 105 14 1 33 232 120 123 18 167 137 266 
39 45 156 157 225 59 175 74 147 21 165 8 125 96 118 106 
259 238 300 251 237 233 48 30 192 276 257 186 
295 234 228 264 218 207 190 287 196 37 19 
42 28 229 199 184 189 142 152 27 104 
128 65 22 91 183 169 79 122 82 202 221 121 127 38 57 
231 211 294 272 250 226 171 215 216 219 243 
188 298 245 248 220 222 246 240 292 283 281 
235 244 230 212 260 208 
69 44 101 108 76 198 275 99 70 174 290 161 253 286 273 197 
89 6 53 7 150 100 134 67 
130 252 289 288 291 114 26 117 64 
34 247 88 173 77 16 115 90 236 297 181 
203 78 
