267 224 285 270 206 217 262 271 113 145 
98 103 204 122 20 153 287 136 141 
119 180 85 102 138 17 160 282 177 129 
31 249 293 284 280 268 241 214 263 210 213 242 279 261 159 
179 44 229 81 36 4 82 48 86 24 164 
274 296 199 66 23 191 151 209 185 158 25 
162 2 12 55 170 5 62 176 46 84 67 194 181 116 71 109 35 
41 68 93 10 60 79 166 72 13 140 56 92 
193 163 299 227 265 258 277 
108 139 143 3 22 15 201 132 
144 168 11 58 205 189 239 95 146 37 107 
255 111 133 97 14 220 207 80 
89 43 94 61 105 70 1 232 275 54 200 266 
39 269 156 157 225 59 175 74 147 21 29 8 125 96 118 106 
259 238 300 251 237 233 87 276 257 186 
295 234 228 264 218 149 190 196 
203 198 7 174 51 142 152 27 120 123 104 
128 65 76 83 172 183 169 131 148 202 221 121 137 38 57 
231 211 294 272 256 250 226 223 215 216 219 243 
188 298 245 248 33 161 278 222 246 240 292 283 187 
235 254 230 212 260 208 
69 244 101 73 195 112 290 40 253 286 273 197 
154 45 9 6 53 99 150 100 134 171 49 165 26 63 18 167 19 
130 252 289 288 291 114 50 124 117 64 
34 247 88 173 77 16 115 90 236 297 281 78 182 127 
42 28 47 91 155 110 184 126 178 30 192 75 135 52 32 
