6 241 224 285 270 206 217 262 271 145 
204 102 173 112 70 131 148 178 56 75 146 132 136 269 141 
119 180 85 73 155 110 138 84 160 116 26 63 54 200 278 177 129 
249 293 284 282 280 268 267 214 263 210 213 242 279 261 159 
259 143 40 172 169 228 194 164 
274 296 66 195 81 33 209 25 
162 2 12 55 170 36 176 46 51 126 13 153 71 37 182 35 
41 93 10 60 14 29 166 72 48 140 181 113 223 118 167 187 
193 163 299 238 265 258 277 171 49 78 
31 139 68 3 22 62 105 79 17 20 87 185 256 201 109 137 38 
154 144 168 11 58 83 205 189 239 107 
255 111 133 97 235 4 254 149 80 
179 43 94 61 199 191 232 120 123 18 266 
39 45 156 157 225 59 175 74 147 21 165 8 125 96 23 106 
89 227 300 251 237 233 30 192 276 257 186 
295 234 297 218 207 190 287 196 
42 28 229 5 184 151 142 152 27 104 
188 76 91 99 183 1 122 82 202 221 121 57 
231 211 294 272 250 226 215 216 219 243 19 
69 44 298 245 248 220 222 246 240 292 283 281 127 
128 65 88 77 174 15 244 230 212 260 208 
101 108 198 275 290 161 253 286 273 197 
98 9 53 7 150 100 134 67 
130 252 289 291 114 158 124 117 64 
34 103 47 247 16 115 90 236 264 135 52 32 
203 288 86 24 95 50 92 
