69 6 47 241 224 285 270 206 262 271 145 
204 102 173 77 66 60 131 148 72 178 30 192 116 37 136 269 141 
119 180 85 73 155 110 138 84 160 56 75 26 63 54 200 278 177 129 
249 293 284 282 280 130 267 214 263 210 213 242 279 261 159 
272 143 40 172 174 169 228 164 
274 296 195 81 14 33 209 25 
162 2 12 55 170 36 176 51 126 67 153 24 71 182 35 
41 93 10 112 70 29 166 217 223 118 167 197 
193 163 299 238 265 258 277 171 49 140 113 92 
31 139 68 3 22 62 105 79 17 13 20 87 185 256 201 109 137 38 
154 144 168 11 58 88 205 189 239 107 
255 111 133 97 235 4 254 149 80 
179 43 94 61 199 191 232 120 123 18 266 
39 45 156 157 225 59 175 74 147 21 165 8 125 96 23 106 
89 227 300 251 237 233 276 257 186 
295 234 297 218 207 190 287 196 
42 28 229 5 184 151 194 142 152 27 104 
188 53 91 99 183 1 122 82 202 221 121 57 
231 211 294 259 250 226 215 216 219 243 187 
44 298 245 248 220 222 246 240 292 283 281 19 
128 65 83 15 46 244 230 212 260 208 
101 108 76 275 290 161 253 286 273 127 
98 9 198 7 150 100 134 48 86 181 78 
268 252 289 291 114 158 50 124 117 64 
34 103 247 16 115 90 236 264 135 52 32 
203 288 95 146 132 
