752 620 434 793 37 300 800 281 290 325 733 687 
927 947 930 309 623 513 761 610 
790 358 763 879 334 579 130 750 118 40 
487 891 497 67 735 975 20 809 989 601 
544 654 156 758 449 625 51 
881 713 82 173 
306 799 744 856 99 641 479 909 408 
848 123 995 727 548 182 239 527 
209 54 991 241 711 56 613 105 
984 508 904 892 232 149 952 55 311 709 
394 212 193 187 49 778 181 955 163 244 
117 944 754 737 367 958 375 59 481 3 549 
53 126 226 41 482 785 320 541 
377 337 58 583 258 588 179 867 331 92 452 
122 289 305 719 248 863 315 647 416 638 528 323 
712 164 783 862 745 159 639 168 195 602 357 
152 929 950 405 420 355 833 612 65 278 
802 621 537 743 559 
410 786 488 507 227 221 314 317 270 
616 934 731 781 330 948 256 176 505 658 87 
655 890 617 683 740 31 503 39 441 338 383 214 
139 477 169 797 611 204 343 874 861 716 370 883 
967 536 910 304 70 821 162 1 147 
697 96 374 78 437 451 183 925 97 569 
908 457 669 776 11 913 615 253 
928 250 590 540 618 333 171 923 340 981 
462 178 878 24 121 468 888 918 461 898 
74 133 672 236 146 217 431 951 469 175 391 237 
260 675 691 98 189 424 836 392 586 
873 738 203 779 425 102 413 12 466 192 626 
223 696 188 714 906 347 933 682 310 
858 335 45 742 543 259 151 69 2 
14 773 686 47 286 941 108 257 
708 597 199 442 959 71 307 366 137 643 
496 263 977 956 9 585 426 759 205 551 166 455 
960 679 924 444 627 976 980 
986 555 644 124 280 749 907 261 567 851 
407 
650 230 91 652 454 870 510 789 594 6 421 
706 64 115 587 564 542 815 387 398 472 993 
46 575 94 756 397 4 186 996 570 810 
213 788 265 829 666 715 591 529 665 
489 148 593 813 279 798 81 362 805 
77 901 184 576 360 689 674 780 106 
582 243 211 520 274 919 369 
932 718 651 630 328 572 646 13 61 
854 971 914 917 965 114 85 7 662 
849 903 622 389 150 321 284 285 177 23 16 762 
247 60 787 827 589 
235 905 395 663 484 518 62 525 382 832 940 
979 210 884 880 380 659 32 769 349 860 
313 435 400 500 997 516 
911 127 741 93 475 523 44 381 751 
110 645 458 185 824 143 428 
703 361 502 388 134 791 483 10 847 101 
136 677 843 145 596 404 830 430 
804 820 160 495 363 18 42 384 
983 533 631 994 109 399 826 119 
80 50 324 167 886 566 571 707 135 231 
128 949 825 219 215 196 939 43 72 301 530 255 
339 273 368 329 491 801 197 966 336 945 84 664 
692 936 684 600 720 524 900 353 238 926 474 671 
276 511 229 294 25 509 554 648 83 288 
819 38 599 396 962 332 245 318 172 845 
775 299 943 814 180 419 287 806 266 233 730 
1000 29 401 493 350 498 246 443 240 795 
885 964 312 220 681 859 224 688 670 837 436 850 619 
673 262 103 842 499 634 
155 402 552 556 857 636 144 866 
808 379 52 48 882 393 990 855 521 
704 700 897 757 946 293 57 19 649 694 
138 629 553 748 563 755 723 792 942 200 385 895 865 632 
26 517 841 608 504 574 982 961 768 693 539 840 501 
21 198 764 438 922 734 512 887 916 
702 628 107 111 275 316 604 27 614 699 
656 161 817 412 432 972 5 565 104 831 
486 417 154 605 974 17 535 839 782 506 422 
141 372 269 812 868 562 592 131 889 
86 345 765 386 218 202 869 676 560 568 633 
89 116 322 125 678 8 561 894 297 
463 725 988 538 598 359 376 291 968 465 
68 680 595 120 157 158 30 356 603 
140 165 471 921 153 344 864 90 112 
308 453 418 342 531 174 480 75 450 
448 573 222 113 341 685 777 698 739 88 264 
28 835 920 550 228 191 912 722 828 
893 581 440 760 34 705 578 771 957 794 319 
73 816 190 717 902 446 896 298 807 79 63 
667 447 473 846 403 194 577 492 242 609 985 729 796 
992 249 875 476 251 390 22 423 721 478 
872 732 736 100 978 467 295 456 
746 637 657 364 534 999 701 252 354 938 
695 876 973 170 351 406 935 267 
838 640 254 464 766 871 661 348 584 
515 963 624 271 660 668 494 987 129 767 
899 216 969 207 822 490 526 522 282 15 371 844 753 
558 818 953 268 326 36 378 414 76 823 
726 411 853 770 302 915 547 532 
459 35 607 811 132 852 772 485 142 877 
66 365 234 208 439 327 545 352 470 346 272 445 
606 937 373 206 460 690 834 
433 95 409 296 225 724 33 429 784 546 653 580 277 
201 931 292 774 642 303 427 415 514 747 519 
710 557 803 954 998 728 635 283 970 
