143 26 21 123 185 31 165 
155 67 36 5 3 117 160 180 182 75 
92 48 121 34 62 194 142 128 59 105 
57 173 178 23 22 65 191 144 186 179 190 107 
147 199 93 135 166 125 114 19 95 177 6 189 102 10 
157 72 188 15 56 175 9 39 174 37 
8 171 16 115 162 170 122 42 53 101 
106 85 43 129 164 
4 184 193 71 153 64 130 11 116 25 61 49 27 
112 30 20 98 163 136 100 159 104 84 90 83 97 
89 94 12 82 47 58 127 77 198 74 108 
81 134 69 119 
14 120 176 51 126 156 172 79 197 
149 1 113 168 139 187 78 148 
87 181 169 124 103 154 
146 161 76 2 17 40 200 192 
46 54 151 141 96 29 110 
140 13 38 32 138 52 45 
18 158 50 66 131 86 195 133 109 167 33 70 
132 63 44 68 137 150 55 7 
41 80 28 91 
35 145 111 
196 73 60 152 99 88 183 118 24 
