49 14 200 103 178 36 
4 92 195 31 45 85 165 177 128 99 94 151 160 112 50 33 157 
24 196 183 18 184 72 161 22 106 55 81 107 66 
142 152 169 40 133 147 108 56 65 168 53 32 117 129 41 158 
28 6 132 78 170 25 77 122 174 
100 37 9 12 59 143 188 173 86 114 52 74 101 192 194 154 
163 162 63 149 26 62 5 89 139 29 21 166 82 
140 54 155 88 191 113 58 134 97 75 64 
42 172 197 181 35 164 104 10 20 159 46 138 186 79 39 
84 199 127 118 105 176 69 87 17 30 67 
182 57 16 98 119 190 27 51 111 198 91 145 80 116 126 70 
153 47 43 124 180 136 3 110 44 95 90 73 135 34 76 1 60 2 120 146 83 148 
48 131 156 102 15 179 7 68 167 61 23 38 109 189 125 144 71 137 123 115 121 11 13 8 96 93 19 193 141 185 175 
130 171 187 150 
