100 37 9 12 59 143 173 65 168 53 101 192 50 157 
89 139 188 29 21 166 82 
4 92 195 31 45 165 85 56 108 117 52 74 33 66 
182 57 133 147 40 16 98 119 129 41 194 158 
142 152 167 61 23 38 32 112 109 189 125 144 71 137 123 115 121 11 13 8 76 2 185 141 19 146 39 
153 47 63 149 159 62 26 20 10 77 122 46 138 186 135 96 34 1 60 75 30 67 
163 162 42 172 197 5 181 35 164 104 25 170 110 178 36 
140 88 84 199 127 118 105 176 69 87 17 174 64 
28 6 49 14 200 103 90 44 95 116 83 148 
169 72 161 22 106 70 
131 156 102 15 179 7 68 18 183 180 136 79 73 93 193 120 
48 124 43 3 132 78 171 130 187 150 191 113 58 134 97 175 
54 155 177 128 99 94 151 160 114 86 55 81 107 154 
24 196 184 190 27 51 111 198 91 145 80 126 
