81 55 158 36 66 122 53 78 10 198 110 
46 123 60 95 84 39 154 74 97 197 
63 150 92 34 99 189 177 127 96 82 24 108 
196 145 73 135 114 178 37 29 186 43 190 
112 143 8 162 187 142 138 183 128 119 45 
188 41 117 68 14 25 160 130 11 156 172 61 
20 173 13 152 113 165 69 124 101 164 174 107 
149 155 67 44 3 171 181 185 42 200 77 
140 87 15 54 193 89 125 56 144 167 179 70 
30 57 163 98 100 136 6 58 23 22 47 65 
168 26 51 5 64 109 134 103 40 83 
157 147 153 71 94 12 19 118 159 111 27 
4 48 16 76 116 182 148 91 75 
72 85 176 146 31 170 52 59 
7 18 120 50 86 131 195 33 129 141 191 
1 161 115 139 121 194 88 9 
184 93 199 166 38 62 90 32 192 102 
132 35 2 175 79 126 49 28 
106 137 80 133 169 17 105 
151 180 
104 
21 

