73 81 44 99 76 118 22 107 
72 147 41 163 100 136 90 29 191 77 
20 2 95 189 138 91 
157 184 135 71 193 151 175 23 148 110 
112 161 123 146 130 25 101 154 75 
57 35 187 6 88 111 102 
55 63 18 3 133 122 53 127 24 
7 36 150 66 80 69 103 134 9 28 
15 85 106 94 180 172 42 
132 5 117 19 32 39 96 141 27 
30 48 162 31 182 164 65 174 83 45 
158 12 89 38 58 47 97 119 
4 153 104 62 121 159 183 40 52 
196 13 113 34 178 192 190 
145 1 68 131 21 170 128 
149 50 26 14 64 109 56 129 167 179 
51 16 139 176 160 11 70 198 
155 46 166 54 125 181 126 78 
87 140 143 60 124 165 185 37 82 61 
168 92 115 8 98 84 186 43 108 
120 67 137 86 195 79 116 156 200 59 
188 152 171 194 142 177 74 10 105 197 
93 169 17 
199 114 33 49 
173 144 

