81 18 36 135 193 175 134 103 101 174 74 198 108 
140 46 44 113 165 79 116 180 182 128 110 
132 155 55 67 150 176 187 169 156 78 148 105 
73 145 1 60 76 178 88 40 83 45 
7 199 137 99 104 84 32 90 138 183 111 119 24 197 
196 13 20 30 146 21 17 42 97 59 
63 117 3 50 38 194 39 96 82 65 190 
149 87 112 16 139 160 11 126 49 107 75 
157 41 93 68 66 195 33 167 186 179 61 
71 153 54 94 12 6 142 47 77 10 
161 92 123 98 136 95 189 127 22 43 
57 35 2 34 163 62 23 58 29 141 70 52 
106 85 15 80 69 124 185 170 172 91 27 
184 188 72 5 14 109 56 37 154 
4 120 143 131 25 130 9 164 
168 26 8 162 171 122 121 181 192 200 102 
158 51 86 133 64 129 144 28 
147 166 151 125 89 114 118 53 
173 152 19 100 159 177 
115 48 31 191 

