184 5 171 39 154 97 
158 2 16 21 165 79 11 49 28 
55 41 93 71 109 56 129 144 167 179 45 
145 143 51 34 136 90 177 128 
132 63 44 50 3 121 159 40 200 
140 115 113 25 23 22 47 65 198 77 
46 188 85 94 31 185 103 88 83 70 197 
155 18 120 26 66 64 130 116 156 126 78 42 52 108 
87 81 168 163 100 98 142 194 118 138 29 141 
4 72 153 133 80 181 37 164 191 190 
196 57 166 151 12 95 32 174 74 119 24 
149 1 35 14 131 69 124 127 82 10 
7 92 8 60 38 114 178 183 111 105 75 
147 150 137 36 68 187 122 101 102 59 110 
13 20 173 176 134 53 17 148 91 61 
67 117 135 193 182 33 96 43 107 
73 112 161 89 19 6 189 27 
106 48 139 162 76 169 170 172 
123 125 175 58 186 
30 152 146 104 84 192 
157 199 54 195 180 9 
15 99 62 
86 160 

