196 50 21 113 185 181 17 78 
1 51 151 19 103 101 70 
155 55 135 5 64 79 25 9 10 
137 139 134 124 96 
106 86 122 126 156 172 77 
41 150 3 34 98 142 183 200 128 
20 30 8 16 162 165 170 53 190 
188 93 199 100 194 138 179 108 
132 145 112 31 116 65 61 
35 60 109 160 192 110 
184 153 133 125 114 22 186 105 
87 117 36 76 84 49 27 
18 71 130 107 
4 44 104 58 159 97 
81 152 94 178 189 174 119 52 
115 195 11 167 28 75 
68 136 
140 161 143 66 69 37 144 74 
85 54 166 89 177 148 
7 123 176 180 164 102 
168 26 187 171 141 127 59 197 
72 13 121 62 154 83 198 
63 120 158 14 99 169 39 82 47 43 45 
73 173 193 175 118 90 29 91 
92 48 163 6 23 42 
57 80 56 182 129 
67 157 147 12 32 191 
2 131 33 
149 46 15 146 38 95 88 111 40 24 

