132 155 157 147 94 12 114 95 189 177 200 77 
20 112 163 99 121 169 181 29 83 97 59 
67 93 66 176 21 165 126 78 42 105 
188 106 60 162 76 142 159 47 43 
87 1 168 48 89 125 58 22 179 190 
149 145 30 16 124 185 79 116 172 49 91 
4 15 184 14 133 109 25 180 11 148 24 198 
140 2 152 19 104 100 136 6 118 183 102 45 
73 115 38 98 62 84 138 39 164 141 74 10 
81 161 26 131 64 195 33 144 186 65 107 197 
7 150 50 113 139 171 122 170 17 40 119 
196 18 143 37 110 
57 173 54 151 175 32 82 127 174 75 
199 117 5 86 182 103 9 70 27 
158 44 135 166 178 88 111 192 52 108 
55 120 92 8 130 160 101 154 28 
72 85 34 69 31 134 96 61 
41 51 68 80 56 129 128 
46 13 146 187 167 191 
63 36 3 137 194 90 23 
153 71 193 156 
35 53 
123 

