73 188 34 98 163 136 95 90 138 22 74 75 
120 26 3 5 194 142 183 192 91 27 
71 85 94 89 125 56 180 11 148 45 52 
155 7 150 1 143 100 6 23 141 70 77 
147 199 135 166 193 64 182 37 96 82 83 119 197 
87 149 4 15 165 176 121 101 111 174 43 198 108 
196 112 57 152 60 21 25 79 97 107 110 
132 63 44 117 137 68 131 66 160 33 144 186 179 
50 123 16 162 187 122 185 40 24 
145 2 48 19 114 178 32 118 88 102 59 
140 81 92 35 12 181 200 42 61 
55 158 8 146 76 169 53 154 128 105 
67 41 72 54 109 195 116 156 172 49 28 
168 115 99 38 62 84 177 127 47 65 190 
13 173 20 175 124 103 134 9 10 
46 106 184 80 133 69 31 126 78 
157 18 36 86 39 159 29 
30 14 151 58 164 191 
161 51 139 171 129 
93 153 104 167 
113 170 17 
130 
189 

