155 117 5 100 194 32 39 9 141 83 
67 73 21 25 130 160 116 186 179 
4 199 135 68 185 53 82 97 52 108 
140 184 153 71 151 175 182 79 11 119 45 24 
26 123 60 95 90 23 29 91 75 
196 41 36 66 80 64 33 167 65 61 
112 2 89 19 178 127 27 
46 35 92 8 146 62 17 101 128 
87 188 106 14 58 159 107 
55 93 54 170 192 10 
137 163 104 189 183 190 
81 85 169 103 126 156 78 
168 99 76 174 70 
149 147 166 124 134 129 77 
44 152 125 84 22 197 
161 51 38 114 111 200 110 
13 143 162 171 122 177 43 
57 173 193 191 
15 3 133 69 165 144 198 
132 63 16 176 31 37 47 
157 50 113 109 180 172 148 105 
145 1 94 12 136 6 118 40 
30 115 139 121 164 96 102 
20 48 34 98 181 88 42 59 
72 150 86 131 142 74 
7 18 158 120 187 56 154 49 28 
195 138 

