196 173 35 80 64 25 11 156 78 97 24 108 
149 81 67 199 135 124 69 116 182 172 148 27 
7 106 166 104 136 95 22 23 47 82 65 43 197 
140 46 15 5 146 122 53 183 28 61 
112 161 16 115 139 121 118 138 129 191 
55 18 44 3 117 86 66 56 33 167 179 107 
63 143 123 48 99 178 37 39 101 119 198 
132 1 168 92 125 169 103 42 128 110 
145 71 151 175 134 29 141 74 52 
73 147 137 68 131 170 17 91 
155 41 93 94 12 19 114 58 177 83 10 105 
51 26 8 60 98 142 194 90 88 111 102 
4 184 21 187 185 165 31 126 174 
120 158 34 100 38 181 40 200 45 59 
72 157 153 133 109 195 160 180 79 70 190 75 
87 2 113 189 6 159 127 77 
13 57 85 193 32 84 154 
188 150 36 176 171 9 96 
30 20 54 89 62 49 
50 14 130 144 186 
152 163 76 192 
162 164 

