149 112 173 151 79 156 42 40 200 24 
157 152 48 165 170 192 82 45 
104 198 
55 67 1 8 98 6 189 58 23 128 
188 72 5 171 122 181 103 101 97 
168 51 113 60 124 69 185 169 183 70 108 110 
140 20 94 89 121 138 32 90 96 74 77 
50 3 68 86 195 64 180 129 174 119 197 
18 63 44 158 34 163 178 118 29 65 105 
73 123 137 80 31 144 59 
87 15 4 135 193 142 177 
41 150 93 133 134 17 78 61 
196 57 143 139 187 76 159 127 47 
13 30 35 38 136 95 53 52 75 
81 147 85 19 12 37 9 141 43 
120 92 2 99 100 84 39 111 83 91 
132 145 161 14 62 194 88 22 107 
184 36 131 21 130 25 11 172 49 27 
155 7 153 166 54 125 175 182 116 154 10 
115 176 146 56 33 167 179 186 190 
16 109 160 148 28 
106 46 71 126 102 
199 117 66 114 164 191 
26 162 

