168 161 48 92 130 25 11 156 49 75 197 
145 106 85 54 165 177 127 102 108 
30 112 35 131 160 103 78 119 59 110 
157 184 14 104 136 142 82 141 65 
63 143 1 60 163 98 167 186 27 
18 120 158 135 19 58 22 23 107 
140 73 196 20 113 176 79 39 200 24 
123 26 34 121 170 53 111 
150 36 3 117 68 137 133 182 47 43 
13 173 99 100 84 194 17 42 128 
87 41 5 66 185 138 183 101 190 
7 72 12 62 114 154 40 52 
115 8 139 162 171 122 118 88 83 61 
81 16 2 146 76 32 37 174 70 
188 86 195 109 180 116 172 148 28 
155 51 187 21 124 33 164 97 
149 44 152 38 95 189 6 159 96 91 
55 67 199 93 166 125 89 178 129 144 179 45 
57 71 193 69 134 169 9 10 
132 4 46 80 64 175 90 192 74 105 
15 147 153 94 181 29 191 198 77 
50 151 31 126 
56 

