63 150 41 143 113 99 181 185 126 49 91 
120 26 123 51 48 146 76 79 11 190 
155 149 44 86 133 109 56 182 200 128 
67 137 14 89 125 159 111 148 61 75 
4 15 188 147 34 38 104 194 90 192 40 
18 54 166 151 189 22 127 52 105 
20 30 16 121 178 88 83 10 
50 5 98 95 186 27 
112 68 176 124 39 78 42 
196 152 8 53 17 97 
13 85 12 175 25 116 
168 92 2 139 165 32 23 
71 135 195 164 47 
157 55 199 160 130 156 101 154 74 
7 158 36 100 136 118 96 119 24 
106 35 21 122 142 183 82 65 108 
73 145 1 163 6 58 177 174 107 
72 3 117 64 80 114 37 129 179 197 
93 153 193 134 169 103 172 28 
81 57 173 171 167 70 141 45 
46 184 94 60 33 9 102 77 198 
132 161 66 131 31 69 138 191 110 
140 87 115 187 162 62 84 43 29 59 
19 170 
180 144 

