87 5 14 76 31 11 10 
157 15 135 104 100 136 167 43 
20 13 54 142 32 22 96 74 119 
36 166 109 159 183 198 
143 123 139 99 178 101 40 24 
67 18 1 19 33 47 107 91 
132 145 8 162 116 126 105 
173 80 64 156 111 200 
150 120 177 141 70 61 
81 30 180 182 179 
3 86 144 29 
55 117 34 98 170 28 
106 21 169 185 127 
7 158 152 95 194 39 
149 151 175 114 23 9 52 
155 168 2 146 181 17 174 97 77 
4 68 176 56 103 154 172 45 
115 48 189 118 27 
133 195 160 129 186 191 
199 72 89 69 124 88 78 
140 161 131 66 25 79 37 108 
41 153 71 193 84 49 
63 113 121 82 
73 196 44 171 122 134 65 
51 35 60 165 90 
57 12 163 62 
46 184 188 147 137 38 192 42 128 197 
26 50 6 58 164 190 75 
112 92 16 187 130 102 
93 85 94 125 138 53 148 83 59 110 

