18 150 93 193 151 180 9 70 43 77 
132 57 54 166 189 177 52 75 
199 153 38 19 84 142 47 83 59 
50 117 187 122 79 154 
157 15 163 34 62 32 39 159 127 
87 26 68 5 131 66 134 22 96 141 107 197 
30 20 8 165 69 116 103 111 
168 123 143 133 109 64 160 11 128 
63 55 85 89 100 104 178 90 138 183 148 
196 158 36 136 6 58 82 174 119 105 24 
46 106 35 48 139 124 185 53 28 
155 81 1 152 125 25 156 49 
188 184 147 72 113 121 118 101 78 91 
120 2 60 175 169 192 40 200 42 198 
73 41 135 80 195 33 37 164 29 190 
4 71 176 31 182 172 10 108 110 
112 145 51 99 98 23 65 191 61 
140 13 173 94 12 170 17 102 45 
149 44 3 137 146 171 181 126 97 74 
161 92 14 76 194 88 27 
16 115 21 130 167 179 186 
7 67 86 56 129 144 
162 114 
95 

