120 50 26 162 76 31 134 79 49 105 197 
140 196 117 68 133 32 39 29 82 47 75 
155 173 54 151 178 177 65 43 70 
57 14 176 95 90 183 40 83 59 
168 143 139 21 171 156 11 172 119 107 
20 112 35 60 165 175 101 103 154 28 91 
188 93 34 124 185 169 192 200 128 10 
73 161 92 152 104 38 6 118 111 74 
46 15 184 72 135 166 180 25 182 9 190 
81 13 193 125 84 142 42 61 
132 67 63 18 48 8 113 116 144 186 179 108 110 
55 150 187 146 121 194 58 22 96 141 97 
149 7 157 64 195 109 56 33 167 174 45 24 
87 158 89 12 19 114 189 23 127 102 77 
145 115 16 163 100 62 138 37 164 191 198 
147 4 106 94 130 126 148 78 52 
2 66 69 170 27 
41 199 137 5 131 181 53 88 
85 153 71 136 129 
1 44 36 3 86 80 160 
51 123 99 98 17 
30 122 159 

