7 106 94 89 165 53 183 102 83 24 108 110 
18 158 35 60 187 122 185 169 42 40 200 128 198 
73 57 13 16 31 134 79 70 141 10 
149 132 147 199 135 80 133 195 160 130 25 182 101 197 
140 30 112 8 113 124 69 138 111 174 91 107 
87 4 66 176 32 90 39 164 29 74 52 59 
67 55 44 123 139 121 38 84 58 127 82 
188 15 71 163 62 194 142 88 47 65 75 
117 143 34 136 6 189 159 96 97 119 45 
196 145 161 152 146 171 170 172 49 28 27 
157 46 137 14 114 178 23 37 22 105 
1 120 51 50 131 21 33 144 186 179 190 
63 150 92 48 99 19 95 118 154 77 
155 41 36 166 193 109 180 116 156 148 61 
168 26 86 64 181 103 78 
20 173 162 76 17 192 
72 184 153 85 54 151 175 56 177 43 
93 3 5 68 125 129 191 
81 2 12 104 167 
115 98 100 9 
11 126 

