18 150 93 193 151 125 39 53 40 128 198 110 108 
73 1 36 64 182 103 9 83 74 
140 51 123 162 62 90 142 82 119 
15 188 184 147 165 146 194 23 22 29 59 24 
7 50 5 76 134 126 78 
132 81 67 54 25 169 172 
168 2 60 99 98 37 47 96 
157 158 143 48 139 56 33 167 43 
26 86 176 170 17 192 
4 46 153 100 178 58 129 
87 161 16 38 104 136 118 154 42 
173 113 124 177 127 65 105 
72 137 131 66 21 69 144 
85 80 175 180 200 
120 92 8 122 102 
13 57 152 14 109 101 141 174 52 
106 71 166 195 160 79 11 190 75 
155 199 94 181 88 183 148 91 
63 3 68 187 121 138 186 179 
30 34 84 28 
196 112 115 130 116 164 191 70 107 
55 41 35 163 95 19 114 32 159 45 97 10 77 
149 145 20 12 89 6 189 111 61 
44 117 135 133 31 185 156 49 27 197 
171 

