81 63 152 130 160 116 172 174 74 83 45 
106 184 72 133 64 69 31 181 138 82 47 77 
157 199 153 166 89 125 114 178 189 22 59 24 
149 140 67 3 66 175 58 177 127 97 110 
57 20 30 16 76 124 134 185 53 192 119 
155 168 26 68 165 122 17 148 78 105 197 
73 112 2 115 187 176 79 182 96 65 27 
132 145 35 92 113 146 38 84 32 39 29 141 107 198 108 
7 150 117 36 99 121 194 90 9 70 43 
87 18 120 51 143 139 171 142 183 200 91 61 
4 46 41 14 137 131 195 33 144 179 186 75 
196 85 94 12 98 169 111 154 128 52 
50 158 48 21 170 103 101 10 
147 15 54 34 62 104 23 37 164 28 
1 161 60 19 100 156 42 
93 135 71 193 151 56 11 49 190 
55 44 123 162 25 180 167 
188 13 163 95 6 136 118 88 40 
5 86 80 109 129 191 
173 8 159 102 
126 

