184 44 21 113 160 180 141 91 197 
7 18 135 19 178 39 129 144 186 27 75 
149 87 112 30 13 99 134 79 172 156 10 
168 123 51 60 175 58 47 191 70 
140 145 1 143 131 31 25 42 24 110 
161 54 109 182 116 96 174 77 
67 16 163 32 84 23 40 
50 36 137 38 169 88 183 
115 48 34 100 6 189 179 
188 72 86 133 185 126 107 
73 158 146 130 9 49 
4 57 94 56 103 101 111 97 
63 120 92 125 17 78 148 
20 2 8 187 162 171 122 164 
15 150 14 89 151 53 192 45 119 105 
199 5 66 80 64 11 82 52 
81 196 35 195 33 22 65 43 
106 173 176 124 90 138 127 74 
132 147 68 136 95 159 200 61 
93 12 62 121 181 154 83 
157 55 166 193 69 170 28 
46 85 152 165 118 37 29 128 198 
155 41 117 3 104 142 194 177 102 59 108 
26 98 114 167 190 
71 153 76 
139 

