140 188 184 72 76 146 124 118 40 77 
132 55 147 71 62 32 177 127 52 108 
112 161 35 69 121 138 183 88 28 27 61 
41 199 93 135 193 12 103 192 42 97 
149 1 2 16 8 99 136 189 29 141 119 197 
15 117 137 133 195 33 129 167 179 186 107 110 
158 174 
30 57 152 163 95 38 114 9 74 59 45 
18 5 86 176 185 122 170 17 
13 20 94 151 19 84 90 172 148 
81 168 92 14 175 53 49 
46 85 106 54 64 25 160 180 11 91 
145 115 109 182 39 111 128 198 
7 153 166 80 165 31 156 126 78 75 
73 4 68 125 37 23 22 102 10 
150 36 113 139 130 116 154 70 105 24 
50 123 48 187 79 134 101 47 
196 173 89 100 142 194 159 82 43 
155 87 34 98 104 6 58 191 
157 120 26 162 171 169 181 164 65 
67 63 44 51 143 21 56 144 96 83 
3 66 131 200 
60 178 190 

