87 81 168 26 113 109 182 126 78 128 198 
18 35 54 151 95 142 183 47 74 110 
7 63 150 86 176 69 165 103 111 174 83 
132 4 184 188 76 62 84 39 154 97 77 
149 155 3 50 5 66 130 134 156 49 28 108 
115 152 99 31 88 118 127 105 
140 120 123 48 104 6 23 82 102 59 
44 158 193 79 25 116 11 107 119 75 
46 106 8 38 32 114 22 29 65 43 191 24 
145 20 60 162 171 185 169 181 192 200 40 
55 93 135 89 12 125 56 33 167 141 70 45 197 
73 2 92 100 178 138 37 164 179 190 
57 85 71 64 129 96 91 27 
1 51 14 80 133 195 90 52 10 
196 13 30 187 139 21 170 42 61 
15 157 72 137 68 131 160 180 101 148 
67 41 117 36 175 58 159 
112 161 143 146 122 194 9 
147 94 19 98 144 186 
199 153 166 124 121 53 172 
173 163 34 136 189 177 
16 17 

