140 145 86 131 160 180 126 128 52 
147 72 153 54 89 19 62 194 159 183 70 45 
149 155 157 4 60 34 146 17 101 74 10 197 
120 26 92 8 162 76 84 129 141 82 108 110 
73 30 20 13 12 94 104 32 138 39 96 61 
117 143 21 95 37 179 190 
81 161 51 100 178 177 65 107 
15 71 122 142 88 111 200 105 
87 112 57 113 165 25 79 167 186 198 
18 67 41 5 68 14 189 23 22 97 
196 2 16 139 175 90 118 102 
173 193 109 116 182 164 29 83 59 
63 44 152 163 98 121 169 192 91 
188 106 187 171 156 154 43 77 
132 7 36 135 151 11 172 78 75 
55 150 50 137 66 69 31 103 9 174 27 
168 123 133 80 134 124 181 42 148 24 
46 184 199 93 166 125 185 53 119 
158 1 48 176 64 33 49 28 
115 99 38 56 144 191 
85 136 114 58 127 47 
3 6 40 
35 195 170 
130 

