67 120 158 143 163 98 84 177 127 43 45 108 
157 36 166 109 64 130 116 182 167 28 27 
196 87 86 31 121 53 88 40 59 
155 188 66 56 159 65 70 107 75 
55 150 44 60 99 38 194 118 39 101 83 52 
73 57 30 139 187 185 142 82 47 97 198 
140 93 199 68 131 69 79 172 156 119 105 24 
1 168 2 8 171 170 192 154 128 110 
46 15 153 54 19 134 126 148 91 61 
161 35 113 76 146 141 129 96 174 74 197 
132 41 152 162 122 181 17 183 200 10 
106 71 135 125 178 95 90 138 190 
149 145 92 123 14 195 160 25 180 186 77 
112 16 115 34 104 32 37 22 29 
13 5 133 124 169 103 78 42 
4 173 165 175 33 164 102 
7 63 18 94 89 114 58 23 
117 3 50 176 62 191 
81 26 51 48 21 144 179 
147 184 85 193 12 9 49 
72 137 80 11 111 
20 151 136 189 
100 6 

