46 120 139 113 176 160 148 78 110 
196 20 16 162 76 146 138 23 22 82 174 52 
106 36 66 175 118 159 43 190 
168 161 152 163 95 178 84 90 32 65 141 
4 150 50 131 121 170 42 91 
55 188 15 34 165 156 126 45 
13 57 80 58 29 47 102 10 
18 63 44 158 60 38 19 136 189 
140 184 85 94 99 142 183 192 59 
67 199 5 137 133 109 182 180 49 108 
7 35 143 130 33 167 191 70 
123 151 134 53 83 77 
68 14 62 194 37 164 179 
73 147 54 98 6 154 24 
41 26 171 169 186 
115 104 100 17 61 
145 71 193 25 79 116 11 172 28 75 
132 93 3 69 39 101 96 119 197 
81 51 8 48 187 122 144 97 105 
117 135 166 125 89 114 129 9 27 
112 2 12 56 111 200 40 
149 87 173 64 31 88 107 
155 157 72 153 21 124 181 127 
1 92 86 195 185 103 128 74 198 
30 177 

