196 18 150 36 64 133 80 79 11 156 91 75 108 
87 81 168 60 104 163 62 194 118 32 101 154 174 198 
132 73 112 13 152 175 114 138 23 22 29 70 107 197 
188 85 187 165 134 169 148 45 97 83 110 
15 57 146 160 25 116 141 65 77 
46 1 68 14 122 181 192 200 
140 20 8 139 130 103 42 105 24 52 
145 161 26 100 136 6 142 183 128 10 59 
4 147 184 166 54 151 19 33 129 43 27 
155 7 55 158 51 66 131 195 182 180 167 186 179 190 
93 199 71 125 89 58 164 96 82 74 
149 157 41 72 193 69 31 185 40 102 
120 50 5 38 178 95 88 111 119 61 
30 35 113 162 171 124 39 47 
106 153 94 12 84 17 78 
115 176 21 76 90 28 
67 63 44 143 109 56 37 144 191 
2 16 48 99 98 189 177 127 
92 34 121 170 172 49 
117 3 135 159 
137 86 53 9 
123 126 
173 

