72 184 147 66 21 31 165 124 183 40 119 
7 157 135 38 104 100 62 142 118 174 27 
106 173 176 121 53 9 61 
20 2 187 139 194 88 10 
51 123 143 60 160 126 49 28 
46 47 
73 87 3 68 137 125 101 96 107 
71 153 98 178 23 58 29 102 
188 85 14 64 79 180 186 179 
149 132 57 152 122 185 103 167 91 197 
196 81 1 120 109 25 156 154 83 97 
168 151 19 114 138 39 111 200 59 45 110 
140 112 115 16 8 34 136 95 22 82 127 198 
55 41 93 199 5 131 130 169 192 190 
155 67 150 166 94 12 32 37 129 70 74 75 
18 44 26 113 162 171 76 172 148 77 108 
13 30 35 80 195 116 182 65 141 24 52 
63 158 36 54 89 189 164 191 43 
117 193 175 134 181 78 42 105 
15 4 86 69 170 17 128 
50 48 99 6 177 
145 161 92 146 56 33 144 
163 84 90 159 
133 11 

