15 147 135 93 19 178 84 118 183 88 47 105 
67 7 41 199 14 109 160 130 11 126 200 198 
1 92 161 2 34 104 6 32 138 22 82 83 45 197 
13 20 30 176 165 124 33 96 174 97 59 108 
157 188 184 72 89 69 182 167 141 70 24 110 
132 155 55 36 44 3 66 131 195 56 39 29 107 75 
87 26 143 123 64 25 180 116 154 101 61 27 
140 46 4 106 85 54 122 181 103 42 128 
149 196 112 35 152 60 151 125 79 172 49 
153 71 94 12 136 95 37 164 43 190 
57 16 187 21 121 53 111 77 
158 150 5 68 86 134 129 186 119 
63 8 162 76 142 194 23 191 52 
168 163 38 100 62 58 127 102 74 10 
81 145 73 166 193 175 114 90 9 65 
18 50 117 133 80 31 169 185 40 91 
115 48 113 146 189 177 148 
120 51 98 170 192 28 
173 139 171 156 
137 99 144 179 
17 78 
159 

