196 57 30 62 114 23 58 128 105 75 
155 1 150 137 66 21 129 144 65 
67 7 147 135 14 109 156 126 148 28 
15 35 162 76 118 53 192 78 
20 193 125 95 111 27 
50 5 99 124 96 174 
153 175 172 200 
18 112 89 185 141 70 91 61 
51 158 68 151 191 45 59 108 
140 173 8 113 116 154 43 
72 41 166 6 142 42 40 24 
73 85 34 90 101 102 198 
120 3 117 86 133 130 79 167 186 
4 152 12 98 17 83 
92 131 181 127 
13 171 122 31 11 190 
184 106 38 136 194 39 22 52 77 
63 44 36 54 146 169 170 
132 168 80 165 69 138 159 110 
26 16 187 176 160 182 29 119 
55 157 188 64 195 25 180 103 82 
46 81 94 19 189 32 88 183 74 10 
145 2 115 48 121 56 33 49 
93 199 163 100 104 177 47 97 
71 60 178 84 37 9 
149 87 161 123 143 139 134 164 179 107 197 

