158 120 143 195 32 9 174 97 107 
112 3 175 56 103 200 74 198 
63 44 36 150 113 139 146 84 142 43 
155 168 92 48 109 11 148 172 28 
157 72 153 71 54 89 121 138 42 27 
147 67 68 14 104 136 118 159 70 190 
106 15 93 165 31 122 170 53 
20 30 8 16 162 171 181 79 
85 137 176 69 169 167 179 
149 81 161 151 33 40 75 
57 13 187 134 182 154 
41 199 34 99 114 29 164 83 77 
94 98 100 129 186 191 
131 80 126 49 
193 19 23 183 
66 124 116 59 
38 189 91 
123 133 37 
4 163 101 61 
55 7 51 21 185 65 82 119 110 
196 145 115 25 156 45 105 
132 73 173 152 130 180 78 108 
18 26 50 86 22 177 128 24 
184 35 60 12 178 141 144 
1 117 125 194 17 192 10 
135 166 62 90 39 
2 76 58 
46 6 95 88 111 102 
87 140 188 5 64 160 96 47 127 52 197 

