81 30 13 175 56 182 148 83 52 
63 44 67 98 100 104 95 189 23 47 107 108 
155 93 21 76 185 103 78 128 
15 199 12 25 186 190 
188 184 143 162 121 181 169 53 200 105 198 
4 150 113 14 64 160 79 156 77 
87 26 86 80 69 31 134 96 59 
20 187 180 126 49 
132 145 68 5 176 122 118 111 40 
55 158 92 125 114 129 164 29 43 
196 72 147 89 124 170 42 
112 50 146 84 142 88 101 119 
41 8 34 99 62 90 37 82 102 
36 38 116 154 
1 18 94 19 33 144 167 179 110 
73 140 106 85 151 17 192 174 24 
168 161 2 139 39 65 127 97 45 
57 35 54 178 58 159 61 
120 166 193 6 177 91 
46 157 137 60 165 32 183 74 10 75 
173 152 171 141 9 28 
71 153 135 133 195 109 11 191 
7 117 3 66 131 138 172 27 
149 51 123 48 163 136 194 22 70 197 
115 16 130 

