155 7 199 93 54 89 79 156 148 28 27 61 
41 150 3 117 137 146 58 127 107 91 
44 1 48 8 162 31 134 116 11 
149 112 20 60 109 25 186 141 97 105 197 
145 158 143 113 121 178 90 118 183 119 
46 147 184 85 12 19 104 136 142 159 40 128 77 
87 26 51 50 68 21 169 82 75 
196 173 35 187 165 69 9 164 191 198 
67 55 15 166 64 195 160 130 126 42 200 110 
140 168 92 163 100 38 84 53 52 
63 36 193 175 182 33 129 179 190 
72 153 98 6 189 22 43 59 45 
57 14 76 122 32 23 29 10 24 
4 73 13 152 185 170 192 111 70 
188 157 135 94 62 138 37 65 47 83 108 
81 132 18 120 139 176 56 39 101 154 74 
30 2 16 171 194 88 78 
161 115 124 180 174 
123 125 151 103 172 49 
106 5 66 131 144 96 
71 34 95 177 102 
80 133 181 17 
99 114 167 
86 

