46 4 150 68 176 171 90 22 70 197 
87 188 15 184 54 94 12 136 6 138 42 105 110 
147 157 41 14 66 160 25 33 167 179 186 190 
149 73 106 166 80 109 180 11 154 97 
81 35 137 131 130 116 79 40 119 24 45 
1 92 123 51 60 62 39 29 127 128 198 
63 55 67 36 151 89 114 189 159 83 74 75 
13 30 195 64 56 78 148 61 
7 72 199 93 135 122 170 111 52 59 
145 112 16 21 124 185 182 43 77 
18 143 152 34 104 100 142 32 23 82 47 174 107 108 
155 153 71 146 121 181 103 101 91 27 
132 120 163 99 38 169 53 192 200 10 
44 158 26 187 139 113 84 37 9 65 
140 3 5 117 86 133 129 144 141 
196 57 173 193 178 58 164 96 
85 76 118 194 17 102 
168 161 48 8 162 69 134 31 183 28 
50 125 175 88 191 
115 2 98 19 95 177 
20 165 126 156 172 49 

