161 123 48 165 21 69 47 
87 188 106 94 12 98 194 32 23 
147 67 5 131 64 118 141 82 
168 115 163 84 39 101 74 70 107 110 
15 36 3 86 79 138 40 200 
7 85 54 19 95 178 142 177 43 
30 173 146 171 121 90 183 102 59 
143 14 176 175 126 172 198 
55 26 139 113 130 33 144 191 75 
196 145 2 109 56 37 127 119 52 
153 60 99 114 129 167 179 27 
57 133 169 181 17 42 61 
155 63 158 152 34 122 9 65 24 
72 105 
4 184 199 93 66 53 103 49 28 197 
140 20 16 136 189 22 29 96 174 83 
81 149 44 50 137 125 58 159 128 10 
120 18 166 193 116 11 156 45 77 
112 92 35 38 124 185 170 148 91 
132 51 8 100 104 62 192 154 108 
46 41 150 117 68 80 195 160 180 78 97 
157 73 13 76 134 31 88 111 
1 135 89 151 182 25 186 190 
187 6 164 
162 
71 

