112 196 135 64 103 65 97 52 105 197 
44 18 137 187 180 167 27 
63 190 
149 7 93 193 151 118 88 111 183 148 
106 5 142 159 47 82 70 45 
1 92 115 60 104 95 144 186 107 
145 173 152 125 17 53 192 42 128 
147 3 86 80 182 126 172 83 
132 57 166 12 19 189 96 191 198 
155 161 2 8 21 185 122 169 74 174 
188 157 4 146 113 84 9 179 110 
46 85 15 14 176 31 121 138 22 43 77 
87 20 35 139 165 124 39 37 164 141 91 
81 120 26 16 162 171 134 79 156 78 
55 41 199 89 98 194 32 90 28 61 
67 117 36 99 38 136 58 23 127 29 119 108 
72 50 66 109 195 160 25 11 49 75 
184 153 71 100 62 200 102 10 
140 73 143 123 131 130 116 129 59 
30 13 94 175 114 177 40 
158 150 68 133 69 170 101 154 24 
168 51 48 76 56 33 
54 163 178 
34 6 
181 

