184 199 93 89 151 95 118 183 83 45 198 
20 173 60 152 121 56 82 102 
73 135 137 133 25 130 182 172 97 61 
46 41 99 19 144 179 186 43 
87 15 5 80 124 53 119 
168 86 177 
149 63 26 123 48 175 37 138 
155 157 50 66 176 31 79 167 191 24 
106 188 34 76 90 159 74 52 59 197 
196 145 30 13 94 6 129 108 
115 16 2 125 11 148 
18 51 92 100 104 136 49 28 27 
193 109 160 156 128 10 
35 8 98 163 194 142 22 70 
147 21 165 122 169 181 88 200 42 
140 187 171 134 185 103 192 91 
36 158 3 68 64 195 116 65 96 107 
85 54 12 178 78 105 110 
150 166 114 39 101 154 111 
44 117 146 113 69 164 127 75 
1 72 131 33 9 174 
153 71 58 40 
67 57 170 17 77 
7 4 84 47 
132 112 180 126 
55 81 120 14 38 189 141 
161 143 139 162 62 32 23 29 190 

