15 173 60 19 194 142 101 154 128 52 110 
87 140 81 8 187 139 122 156 9 174 74 198 108 
73 150 5 131 66 84 164 65 141 83 24 45 
132 155 72 48 176 21 165 79 11 148 197 
1 26 51 133 64 195 109 182 116 172 70 107 
63 158 120 152 34 100 178 189 23 47 82 102 
4 46 188 89 136 58 177 22 127 77 
157 117 36 68 86 185 39 28 91 
149 115 16 113 160 25 129 191 97 
93 153 71 94 125 114 144 186 179 190 27 
112 20 13 12 163 98 32 118 192 42 40 105 
55 7 147 199 135 193 151 175 56 138 183 10 59 
18 92 2 162 76 62 17 78 119 75 
67 44 50 143 14 121 181 169 103 200 
57 35 54 69 33 167 43 61 
168 161 104 38 124 134 29 96 
196 41 166 95 6 159 111 
106 184 137 80 130 180 49 
145 85 146 90 37 
3 171 31 170 53 
123 99 88 
30 126 

