81 18 166 64 195 129 167 186 91 75 
7 41 44 143 139 176 69 79 40 59 
67 157 137 131 146 185 103 88 45 61 
168 51 14 80 130 37 164 174 74 77 
15 184 54 19 95 6 189 29 22 96 70 
145 5 86 175 39 159 27 
92 50 68 109 182 144 179 43 
161 1 60 100 104 17 101 154 190 
132 85 71 193 125 181 169 183 
73 26 89 172 42 108 
72 57 94 151 126 49 
93 117 114 178 32 118 47 65 
140 147 187 171 121 142 200 
106 35 16 124 25 9 
20 173 62 23 177 107 
199 135 66 31 192 102 
158 120 8 136 138 90 111 28 
188 48 33 191 24 
2 115 194 
133 180 
113 99 84 128 
150 3 163 58 82 97 
46 76 56 52 
153 38 116 
149 155 63 123 34 98 141 127 197 
4 13 12 165 170 148 78 105 
87 55 36 21 160 134 53 83 119 
196 30 112 152 162 122 156 11 10 198 110 

