132 155 63 123 162 76 194 129 97 119 198 
20 193 125 138 90 183 111 101 83 52 
196 137 68 86 69 31 185 42 107 
4 147 14 133 160 169 53 40 10 
168 115 34 104 95 84 47 102 
67 158 26 139 21 176 121 181 172 
157 93 71 166 109 182 37 148 
188 85 106 165 124 180 9 141 
7 51 66 64 56 29 22 91 
145 150 3 175 156 126 154 174 77 
140 30 2 38 163 114 23 58 65 82 
41 44 50 99 122 88 127 105 108 
46 57 94 12 151 178 39 186 179 190 
87 13 173 152 187 146 134 11 61 
15 184 153 60 19 103 49 28 27 
199 72 54 100 98 144 59 110 
117 89 62 32 159 177 
55 120 16 113 118 17 
36 5 171 164 96 74 45 24 
149 81 135 131 116 167 191 197 
1 18 92 48 8 189 142 200 128 
112 73 35 143 80 195 130 25 79 70 43 75 
161 136 6 78 
170 192 
33 

