178 142 149 38 166 102 140 11 177 199 73 100 41 90 146 122 161 17 75 79 159 53 105 173 
137 184 99 35 9 132 153 13 133 89 56 92 81 130 163 85 135 58 25 187 148 
136 42 30 188 126 118 39 8 78 12 32 174 179 69 24 4 121 82 26 21 106 83 129 176 114 
28 67 180 115 191 182 3 128 48 145 175 155 96 141 181 160 158 101 91 1 66 52 14 34 
104 192 76 119 152 162 143 33 131 22 84 139 185 37 80 54 120 109 6 61 144 134 
167 110 59 94 183 172 18 57 113 16 50 46 62 127 5 47 200 55 125 44 51 157 64 68 40 
171 107 198 164 98 116 77 60 108 49 193 71 195 194 123 117 43 154 170 165 111 
70 2 138 15 189 150 27 103 19 190 87 147 88 95 23 
63 86 72 65 169 20 97 112 156 197 186 36 
196 93 29 45 31 124 168 
151 7 74 10 

