192 110 164 70 2 9 15 128 108 133 175 89 145 5 31 124 112 120 125 109 61 95 129 187 72 
196 188 107 139 65 140 116 177 144 84 150 195 97 81 160 55 180 79 159 157 34 176 114 
136 167 63 94 38 166 138 143 3 189 132 16 155 179 62 141 181 158 17 7 135 51 83 14 186 99 
152 104 119 59 102 98 153 13 131 73 10 74 56 185 37 123 174 101 90 6 151 58 66 52 105 191 
28 142 198 86 183 35 45 100 60 4 27 20 71 127 25 161 54 82 39 88 26 1 111 115 64 149 30 
178 49 122 184 93 118 182 18 8 126 32 193 103 200 146 80 147 75 156 154 21 41 168 172 43 134 
42 171 40 29 162 46 77 113 169 22 50 96 69 24 92 121 87 163 44 47 106 148 23 36 173 
67 137 57 199 12 76 19 11 53 117 91 197 170 165 68 
33 48 194 190 130 85 
78 

