64 118 148 89 24 197 
178 196 126 94 183 65 26 60 48 189 84 99 200 97 31 161 54 90 145 170 165 58 52 187 132 61 
167 137 198 38 166 29 138 153 113 169 16 150 20 71 181 80 151 75 44 30 23 105 176 174 
28 142 6 184 93 72 98 3 128 108 133 172 185 19 92 81 91 7 4 111 95 129 173 46 
191 180 59 102 192 15 131 139 152 50 62 127 141 123 87 163 17 154 79 159 186 14 9 10 
136 110 107 119 40 70 45 77 57 13 73 27 96 179 5 146 190 122 82 34 115 1 51 66 49 114 188 
67 104 25 86 140 116 33 12 149 32 100 43 69 76 37 121 160 101 156 21 106 144 36 11 41 
42 74 63 168 2 18 78 199 22 155 193 103 194 47 130 112 120 125 109 53 157 134 39 68 
171 164 162 35 143 177 175 56 158 147 85 88 135 195 83 
182 8 117 124 55 

