34 99 4 166 40 168 18 8 78 108 32 153 61 151 146 90 191 120 145 106 159 132 129 187 114 
192 104 46 184 29 65 26 77 131 180 39 89 41 5 121 87 147 156 197 44 95 173 176 47 
167 196 63 198 93 35 15 113 76 84 27 49 30 103 141 92 81 130 112 149 109 74 152 72 36 144 188 
115 137 64 186 140 45 134 177 199 189 193 20 179 25 6 160 101 125 154 51 58 14 105 122 
28 178 171 107 59 162 98 57 60 169 22 155 43 185 9 53 55 82 88 170 200 23 83 148 10 
67 42 110 195 86 182 138 128 12 73 175 96 62 97 31 123 124 91 7 165 111 174 157 68 11 
136 142 119 164 70 2 116 3 13 139 126 56 24 194 161 117 163 17 135 1 66 52 172 
100 94 38 102 143 33 48 16 150 71 127 19 181 54 75 85 79 21 
183 118 133 50 69 37 190 80 158 

