35 33 131 62 37 101 120 165 
42 70 197 7 
151 188 
119 99 82 
137 166 199 
196 142 34 38 46 102 98 18 187 61 145 16 155 56 153 123 121 76 125 159 191 52 68 39 
28 167 59 86 182 25 78 84 20 71 103 194 130 55 88 170 1 168 
2 57 12 133 175 150 97 80 54 75 156 44 106 114 
122 65 154 135 
67 107 184 94 93 143 15 13 180 27 192 195 141 146 161 4 163 40 43 111 74 144 126 
22 127 23 
104 110 72 29 162 116 60 177 169 193 89 41 200 181 81 147 26 21 152 149 53 
100 138 77 3 48 50 69 185 190 117 17 109 95 14 176 174 
9 132 183 118 45 73 124 87 91 51 105 
11 8 158 112 
113 186 49 179 5 115 
136 171 63 198 108 31 148 83 36 
164 96 92 66 90 
178 30 10 172 140 173 134 128 189 32 139 47 24 19 160 64 85 6 79 58 157 129 

