172 66 
136 167 142 183 70 25 15 60 169 73 56 41 188 160 117 55 195 79 1 58 23 
178 171 100 94 38 166 140 78 113 131 133 89 127 24 121 124 147 17 170 21 51 114 
67 192 144 184 200 138 143 199 48 115 96 179 146 181 101 120 125 165 14 36 105 40 
26 137 63 29 162 45 57 108 175 27 69 46 191 4 54 88 106 68 
196 42 174 168 102 182 77 3 180 32 50 20 76 190 130 139 7 135 134 49 173 132 
59 86 2 18 33 16 150 71 19 5 194 80 87 75 154 126 30 
64 164 93 118 35 8 12 99 74 53 185 97 92 123 163 82 109 159 11 83 6 
28 104 198 119 145 65 47 187 13 189 193 61 141 31 161 158 91 148 197 44 90 52 122 34 
149 72 107 39 152 98 116 128 22 155 103 37 81 112 151 95 129 176 186 
110 177 62 43 156 10 111 157 
84 85 153 9 

