28 136 171 168 188 98 116 77 13 34 22 175 155 43 172 145 80 148 101 4 170 135 66 105 53 
167 42 107 90 140 64 78 177 199 16 32 151 5 92 123 55 197 76 51 83 126 149 
10 180 164 29 65 45 128 48 133 150 192 97 194 117 112 44 79 21 191 134 176 122 
178 25 132 94 2 18 8 174 173 84 27 89 141 24 190 158 75 88 165 106 14 52 49 200 
26 104 119 153 86 93 143 113 108 100 193 20 127 19 37 130 91 156 154 40 111 157 115 11 
9 196 142 184 38 118 182 33 60 12 73 187 61 62 69 31 195 161 41 85 7 99 39 95 36 30 
186 144 47 166 183 72 57 3 189 46 139 96 71 146 181 160 163 125 109 152 23 129 114 68 
67 110 63 59 70 35 138 131 169 50 56 185 6 81 124 82 74 1 58 
137 198 102 162 179 103 121 87 120 159 
15 54 147 17 

