178 142 110 49 38 138 77 113 22 73 32 132 139 103 19 188 174 124 55 88 135 1 26 66 52 105 151 
42 137 94 93 102 144 199 169 175 46 71 37 180 112 39 40 165 111 23 14 186 72 
10 171 76 61 65 35 191 3 12 84 193 25 24 146 134 54 101 91 156 4 99 157 64 176 122 
136 167 168 164 187 118 18 15 131 30 133 152 53 185 194 190 161 163 85 7 170 58 129 200 41 11 
104 63 172 166 70 182 8 78 177 189 150 155 9 127 92 181 87 147 17 109 159 83 36 173 68 
67 196 59 86 183 2 57 60 108 34 50 90 179 149 121 130 153 79 154 21 51 195 47 126 
28 74 198 43 140 98 45 33 13 192 115 27 62 145 31 81 100 120 125 148 106 95 6 
119 184 29 162 116 128 48 16 89 20 5 123 160 117 82 197 44 114 
107 143 96 56 97 80 158 75 
69 141 

