148 47 110 93 29 35 3 191 174 84 193 62 46 30 161 117 41 156 72 21 186 14 6 145 
9 142 74 49 183 200 132 195 151 188 100 50 69 187 146 80 54 147 88 109 58 66 105 176 61 
42 137 198 192 34 70 25 15 199 172 32 180 56 194 168 122 39 134 44 1 111 129 149 10 
173 171 107 11 53 162 116 33 13 189 27 89 127 24 81 121 112 120 79 51 43 52 99 4 
153 67 59 38 182 45 152 57 113 26 22 20 103 141 37 160 124 55 17 170 115 64 23 36 126 
167 104 63 164 118 98 8 128 73 133 40 96 19 5 190 158 82 75 154 165 76 157 139 68 
136 28 144 184 166 138 143 78 177 169 16 179 97 31 181 123 130 85 135 106 159 83 114 
196 178 119 94 86 140 18 77 12 108 175 155 71 90 92 87 101 91 197 95 
65 2 60 48 150 185 163 125 
102 131 7 

