178 104 137 64 74 93 100 18 13 169 32 175 56 185 168 190 158 147 156 90 51 126 105 68 
136 26 198 184 102 182 45 48 108 84 144 71 19 76 160 124 55 174 115 39 191 43 14 186 6 
196 42 107 59 2 138 116 15 60 53 34 89 179 103 24 81 54 82 153 109 1 111 157 176 114 46 
99 67 110 9 41 166 98 57 113 10 139 152 192 127 47 92 80 163 75 172 154 106 159 83 36 122 11 
188 171 63 164 29 140 143 12 22 16 20 141 149 134 121 173 40 187 165 58 66 129 30 49 
28 167 142 72 183 65 162 77 78 199 189 27 69 97 37 123 161 112 120 125 25 95 132 195 
180 151 86 70 35 8 3 131 73 50 193 145 148 194 4 117 87 85 88 170 21 23 52 61 200 
119 38 94 118 33 128 133 150 96 62 31 181 101 91 197 44 79 
177 155 5 146 130 17 7 135 

