104 110 184 11 122 99 18 77 131 22 76 34 127 74 134 117 124 180 7 154 58 157 129 176 188 
115 30 152 86 102 143 15 177 12 150 27 97 31 92 153 9 149 109 1 172 52 105 174 
39 162 91 79 68 
28 196 198 59 65 140 8 57 64 73 32 175 6 144 26 4 46 187 125 132 106 51 14 186 139 
200 137 41 166 70 182 78 13 133 84 155 89 69 194 80 130 197 156 165 111 192 53 40 
67 42 119 38 94 49 45 3 199 189 16 90 56 24 121 147 101 88 135 61 66 151 191 43 
136 142 63 164 93 118 2 60 128 48 145 50 179 71 19 146 161 158 163 85 44 148 83 126 25 173 
167 178 10 183 29 35 116 113 108 195 193 20 185 37 160 87 112 120 170 21 47 36 72 114 
171 107 98 33 100 169 168 96 62 103 123 54 55 17 159 23 
138 141 190 81 82 75 95 
5 181 

