167 63 198 94 93 35 60 13 22 150 103 181 123 117 120 1 191 40 176 68 
42 137 6 183 102 98 8 33 189 175 195 179 145 5 121 34 4 91 197 106 58 23 100 
192 59 9 172 39 57 177 131 20 141 19 80 54 82 125 109 152 111 180 74 
196 164 2 48 12 16 69 160 112 85 7 52 14 
171 119 166 118 113 108 84 155 62 185 146 161 55 88 43 157 
86 10 134 45 27 47 158 101 64 11 139 168 
28 178 110 65 162 18 77 46 148 97 200 81 149 17 75 154 41 144 105 49 
38 70 138 78 3 133 153 115 53 26 92 37 124 61 188 170 79 83 36 
89 56 87 163 
136 76 128 71 31 130 147 135 159 129 
174 142 25 187 140 173 143 199 99 193 96 72 194 132 151 30 156 165 51 66 114 
67 104 107 184 29 182 116 15 169 73 32 50 122 127 24 190 186 126 90 44 21 95 

