136 28 142 152 145 29 2 57 131 108 133 150 191 179 127 19 146 144 130 17 4 106 157 26 176 76 
167 196 198 119 166 70 72 151 128 189 175 50 185 31 172 161 117 82 85 170 165 51 66 52 105 49 
116 21 9 149 
168 171 63 184 183 118 182 8 30 10 32 20 103 37 181 160 120 197 79 159 6 14 186 134 
67 107 164 86 162 138 143 60 73 193 96 71 92 80 54 101 91 109 1 95 129 153 188 
132 126 110 25 90 35 99 15 3 177 84 53 122 187 5 194 64 40 43 135 180 174 23 36 41 
42 11 94 93 102 18 77 12 173 39 192 56 97 24 123 115 163 75 156 44 58 83 148 195 
178 104 137 59 34 140 45 78 169 22 16 155 89 69 74 81 124 47 154 111 100 139 114 46 
38 65 98 33 113 27 62 141 61 190 158 147 7 88 200 68 
199 48 121 87 55 125 
13 
112 

