172 83 
11 46 171 94 115 182 153 78 177 108 22 193 62 31 195 161 54 147 91 156 79 41 23 14 186 61 
136 178 137 6 4 102 134 8 199 48 16 150 56 174 152 25 74 112 197 47 58 49 52 105 34 
167 42 63 200 70 118 57 33 169 73 64 76 185 145 190 126 158 9 154 135 1 99 187 176 40 
104 107 184 183 65 35 151 77 13 189 175 50 69 39 146 130 82 75 170 21 51 173 129 30 68 
132 142 119 38 29 2 138 116 128 12 32 20 103 37 123 160 55 163 7 106 111 157 72 122 188 
196 110 100 59 86 168 180 53 131 43 191 27 90 71 127 148 81 101 125 109 165 66 139 149 
28 67 198 164 166 140 45 143 10 133 192 84 89 179 194 181 124 120 88 159 95 36 26 
93 162 98 18 113 155 96 144 19 92 121 87 17 85 44 114 
15 3 60 97 24 80 117 
141 
5 

