72 67 132 10 153 59 81 130 112 120 125 109 149 152 129 60 94 99 
167 40 119 38 166 78 102 98 76 8 150 43 163 87 51 41 21 35 195 47 101 161 44 197 146 83 19 9 89 179 136 
188 186 159 48 145 127 71 5 20 193 25 90 126 128 143 138 42 139 96 103 141 74 100 86 93 118 182 95 30 173 
28 196 14 106 91 158 80 190 194 189 199 3 183 65 154 168 75 172 181 69 31 97 151 191 22 134 177 200 
105 160 70 162 34 137 174 157 176 82 117 66 
171 63 108 133 45 77 33 13 12 50 73 32 16 61 24 92 52 
187 104 64 198 164 57 113 131 169 192 18 115 124 1 88 39 170 165 58 
122 62 184 110 148 29 2 6 144 36 
107 116 155 175 147 54 156 79 15 4 23 11 142 
178 7 17 135 85 55 37 27 84 53 56 185 180 140 26 123 121 111 114 46 68 49 
