72 67 50 13 12 33 10 153 59 100 74 141 103 139 96 132 36 
187 104 64 198 137 174 164 57 113 131 169 192 18 84 27 53 56 185 180 37 123 121 124 1 135 88 39 17 68 
184 148 29 25 90 126 143 2 6 144 42 138 128 48 145 159 146 83 186 14 19 188 136 
116 4 155 175 147 54 9 89 179 23 11 142 196 28 
178 167 40 119 38 166 102 8 78 134 22 191 150 43 163 87 177 51 41 168 154 21 200 
122 62 110 106 91 158 80 190 194 20 193 71 127 5 101 161 197 44 47 195 15 107 
66 117 82 7 170 165 58 
99 70 162 94 60 45 182 77 86 93 81 130 112 120 118 125 109 149 152 95 129 30 173 
171 63 108 133 73 32 16 61 24 92 52 
105 160 49 46 114 176 34 157 111 115 26 140 55 85 98 76 97 151 69 31 181 172 75 199 189 156 79 3 183 65 35 
