132 155 41 188 153 166 125 89 19 118 39 110 65 198 
51 86 31 21 165 101 138 148 107 
117 35 113 176 160 130 172 156 78 42 59 
87 161 123 168 139 146 124 25 182 179 167 70 119 45 
50 115 16 8 38 181 128 102 24 108 
18 150 157 199 64 53 185 103 154 97 83 74 
15 85 99 145 121 134 79 169 192 111 105 197 
149 63 3 158 1 60 122 171 183 88 27 
112 36 137 104 136 178 114 22 174 29 141 10 
72 67 5 175 12 58 23 32 37 75 
196 81 187 48 76 2 98 62 84 159 82 96 
73 13 20 133 195 180 49 28 61 91 
184 93 135 193 151 17 142 127 52 
106 46 4 147 7 14 95 191 164 77 
120 26 68 66 131 109 56 33 129 43 186 190 
55 57 54 94 100 194 40 200 
44 92 143 162 170 69 126 
140 71 116 80 11 9 47 
173 30 152 34 163 90 6 189 177 
144 

