92 187 51 176 116 160 9 129 141 65 198 
184 155 55 7 137 68 195 56 33 77 108 105 
106 149 35 60 113 171 138 84 40 42 59 45 
46 112 30 163 62 34 181 31 185 134 174 70 197 
41 132 14 1 100 122 126 156 148 119 110 
63 4 151 191 
188 135 147 166 89 38 99 111 169 103 101 107 
26 143 120 18 64 165 124 172 79 192 128 24 
81 36 86 193 22 23 127 47 29 82 
158 150 16 115 98 194 183 32 88 10 83 97 
57 13 20 161 136 104 159 39 96 43 186 190 
15 153 85 54 12 125 175 164 74 102 52 
71 93 199 133 180 130 69 53 17 91 
123 3 5 95 6 177 58 27 
140 87 168 114 90 118 154 37 28 61 
67 196 73 48 66 25 182 11 78 75 
72 145 2 162 139 121 167 179 
173 152 76 8 146 142 189 200 
44 157 80 117 109 144 49 
50 131 21 178 
94 19 170 

