155 150 15 4 93 101 88 84 83 105 97 174 45 
149 30 145 35 116 25 129 
73 168 26 123 34 142 104 189 29 82 
157 68 36 137 147 135 109 169 102 10 
13 106 85 71 58 191 167 190 91 
46 133 117 5 3 195 49 77 
161 92 143 16 187 21 185 53 183 
81 12 165 186 128 108 
72 20 139 39 144 27 
112 8 146 76 162 124 11 119 59 
1 44 86 64 151 22 127 65 43 70 197 
132 153 166 193 54 94 194 32 192 75 
67 2 60 38 134 90 159 
199 14 51 113 31 171 103 164 198 
184 80 69 37 17 
48 99 114 62 6 177 23 47 141 74 
55 18 89 163 98 100 154 9 61 
115 66 130 160 33 179 
125 56 181 138 200 24 
176 131 126 170 78 
120 136 19 178 96 40 
188 140 173 95 182 172 148 
87 41 63 158 50 175 111 118 42 52 
7 196 57 152 121 180 79 156 28 107 110 
122 

