81 26 51 92 146 48 38 111 159 154 27 
188 113 161 145 181 124 114 192 200 128 
63 16 171 162 134 182 116 9 43 119 197 
132 13 4 19 178 95 23 33 129 186 179 190 
155 147 41 55 3 117 131 66 69 40 70 107 75 
71 184 160 156 39 37 96 198 74 59 45 108 
30 73 173 98 167 172 148 105 
44 18 67 50 185 31 169 121 183 118 32 138 83 174 
140 149 87 46 72 165 139 79 180 49 28 
196 106 85 15 93 109 64 25 11 29 82 24 
112 8 123 21 125 56 141 65 22 102 
57 152 54 193 151 175 84 127 52 
157 153 135 199 80 195 133 101 103 78 42 110 
1 7 166 12 136 194 142 47 91 
115 2 187 122 76 177 189 164 10 
168 143 120 5 68 14 130 53 61 
94 34 62 104 163 100 6 90 97 77 
20 35 60 176 17 191 
150 158 137 36 86 126 170 88 
89 99 58 144 

