87 67 3 68 143 194 189 47 29 65 190 
63 26 48 115 187 134 118 70 61 75 
120 132 146 99 104 84 98 88 83 74 127 198 197 
188 7 176 16 165 116 11 172 45 110 
46 4 93 153 71 195 130 25 148 78 42 
57 20 152 35 21 169 159 138 141 77 108 
44 168 1 38 19 23 114 58 22 10 128 59 
140 73 196 94 85 175 109 167 186 179 144 82 107 
161 155 41 80 14 69 124 154 181 156 49 27 28 
157 15 184 135 117 86 180 185 103 105 119 
18 55 147 166 193 79 126 111 192 40 52 
158 150 72 106 125 89 95 39 37 191 91 
149 50 51 123 66 131 101 200 102 24 
145 173 60 100 121 76 53 142 97 174 
81 36 137 151 178 90 33 129 
199 54 31 113 62 177 96 43 
112 13 30 2 8 122 162 139 170 164 
92 5 64 133 160 56 9 
12 163 34 136 6 32 
171 182 183 
17 

