93 147 135 169 146 121 53 154 75 27 
161 1 18 86 131 66 79 185 9 97 
26 123 168 76 125 56 33 148 119 
92 139 50 21 170 172 11 77 
7 117 158 120 176 122 194 62 177 191 
46 85 173 60 98 111 65 179 24 
106 145 196 162 187 116 78 42 
155 51 143 35 89 37 134 103 141 107 
4 14 38 84 163 104 100 6 189 82 96 
184 36 113 195 180 182 167 49 91 
157 199 137 99 95 136 127 23 74 83 61 
112 2 133 64 109 39 138 88 174 105 59 
140 30 57 175 118 142 181 192 102 45 108 
55 3 94 12 114 19 178 47 70 110 10 198 
132 67 63 44 41 150 68 69 124 22 52 197 
81 115 48 31 130 160 156 101 28 
188 15 80 5 165 171 126 200 40 128 
149 73 87 72 153 166 151 159 183 32 43 190 
13 54 193 71 25 164 129 186 
16 8 152 34 90 58 29 144 
20 17 

