140 72 147 188 54 94 122 170 148 78 107 
196 8 16 187 21 66 130 70 179 91 45 108 
157 26 162 146 180 82 97 119 24 
153 150 68 175 39 178 114 84 10 52 174 74 197 
161 99 98 104 100 19 136 177 22 191 77 198 
41 3 50 168 139 76 194 183 159 192 75 
87 158 18 44 5 117 131 169 111 156 61 27 28 
173 48 151 125 32 118 29 65 141 105 
149 155 46 15 135 71 109 164 23 127 83 
132 7 92 171 134 176 126 172 154 101 42 
81 145 35 67 193 160 11 116 167 59 
199 55 63 80 64 195 25 103 138 90 128 40 110 
57 112 152 2 34 62 38 189 58 96 190 
123 51 86 31 79 33 129 43 
73 30 20 60 6 163 95 142 88 102 
1 120 36 133 93 124 185 53 200 
13 106 4 89 12 56 9 37 144 186 
184 85 166 14 69 165 181 17 
143 137 113 121 182 47 
115 49 

