149 140 51 123 165 146 171 122 183 191 107 
196 173 152 125 25 160 130 79 9 61 
41 93 63 14 69 189 42 200 10 
145 143 1 18 80 114 194 40 45 105 
26 120 95 136 6 177 164 110 82 52 
199 147 54 133 182 103 31 169 154 198 
161 67 150 155 116 39 138 192 
4 44 158 176 2 98 142 58 102 77 
46 5 86 139 76 37 70 28 
85 8 16 162 187 156 11 91 190 
157 81 115 38 159 178 23 32 65 119 197 
153 55 117 68 180 134 78 148 
87 73 13 20 30 60 170 101 118 97 108 
72 137 104 62 19 127 88 128 24 
184 15 135 71 94 56 22 96 29 141 74 59 
92 168 48 50 66 126 185 181 49 27 75 
112 132 35 100 34 99 53 17 
7 3 36 131 64 195 33 167 172 83 
57 106 188 193 166 109 175 90 84 111 174 
113 121 163 47 129 43 186 
21 124 144 179 
12 89 151 

