73 35 2 16 48 76 98 58 47 61 
72 71 153 135 172 154 105 45 
86 51 187 170 185 116 97 74 198 
46 4 184 85 175 165 146 17 138 88 83 77 
161 143 150 80 147 114 142 183 111 91 
44 57 94 19 95 6 118 148 75 
140 120 14 38 121 124 103 182 179 52 
55 41 15 193 166 12 90 189 29 191 24 
173 30 8 162 194 62 9 40 128 
132 7 18 112 139 25 79 126 156 10 
81 67 36 158 68 39 56 141 164 144 186 190 
199 93 3 66 64 109 181 169 78 28 
26 92 152 104 100 163 136 159 178 23 37 
1 117 133 50 195 180 160 130 11 27 49 197 119 
188 157 87 60 145 134 31 69 53 101 174 82 59 
196 13 168 123 176 167 129 33 43 65 
63 137 54 125 89 99 84 177 96 70 107 
155 149 5 131 113 21 122 192 42 102 
20 115 171 32 22 200 110 108 
106 151 127 
34 

