4 93 3 165 146 124 192 47 190 
157 120 36 133 134 126 148 49 61 28 
55 7 158 64 169 76 181 37 110 97 
63 140 71 160 130 180 27 70 45 24 
112 29 
87 73 13 35 168 113 121 114 39 9 128 
26 92 16 62 163 136 6 189 58 127 82 191 
46 85 153 166 14 103 154 138 118 42 75 
132 68 137 199 195 109 182 90 78 119 108 
51 48 161 8 171 115 32 84 129 144 186 179 
57 152 60 155 12 164 101 200 10 52 
147 67 18 131 66 50 176 31 25 156 83 105 59 
94 106 151 54 19 178 111 53 174 77 
123 162 21 185 17 142 183 107 
72 135 184 188 99 34 194 98 159 88 74 96 
41 149 15 193 125 89 56 33 22 23 102 197 
150 117 5 80 175 79 116 11 141 65 43 198 
30 139 187 38 95 177 167 91 
81 145 196 173 2 170 40 
1 20 104 100 122 172 
143 44 86 69 

