132 155 120 143 14 18 1 122 139 156 111 102 108 
149 87 140 57 173 20 145 114 23 164 144 186 24 
63 67 72 153 135 180 134 37 9 97 59 
161 92 163 98 181 146 88 142 154 197 61 
196 193 12 19 95 58 40 42 148 52 45 
44 150 68 3 50 66 165 175 56 33 179 174 10 
4 41 55 54 84 99 194 189 47 43 141 198 
30 106 89 151 125 160 126 78 105 
81 94 2 171 76 53 101 28 27 75 
51 36 117 131 176 31 185 79 172 116 70 119 
112 16 115 121 104 38 138 32 39 183 128 77 
85 113 21 178 90 22 65 83 110 
26 137 60 34 100 136 177 127 29 96 82 107 
158 187 168 48 162 69 118 192 91 
13 46 166 80 195 64 25 49 74 
73 15 184 147 199 93 133 182 11 167 190 
123 152 62 169 124 170 17 200 
188 157 7 71 109 130 191 
35 5 86 103 159 
8 6 129 

