173 20 152 35 60 146 187 139 31 148 101 97 
150 117 51 143 165 99 62 138 22 37 164 70 
161 26 5 68 180 64 195 33 144 167 141 75 
87 41 120 158 155 14 79 25 126 200 74 45 
149 81 50 176 162 23 118 183 128 198 108 
67 44 36 66 80 38 178 114 159 127 82 10 
57 13 54 122 170 90 174 65 83 
73 193 55 134 169 32 58 43 105 197 
140 168 48 34 121 181 185 69 103 49 190 
157 147 72 188 184 15 4 94 12 175 47 186 59 
115 8 123 136 6 142 111 42 24 
196 145 112 18 137 130 56 39 84 96 110 77 
132 63 92 171 76 163 104 194 40 17 192 119 107 
46 106 85 71 166 125 116 11 156 78 61 
7 86 131 88 98 189 102 52 91 
30 2 16 113 21 124 9 29 27 
153 199 93 135 151 89 95 177 154 28 
1 133 3 160 182 129 191 179 
19 100 53 172 
109 

