140 132 18 168 99 163 127 88 74 45 110 
55 67 63 54 89 94 6 136 114 84 159 59 
117 5 86 66 139 124 103 111 91 24 
199 93 184 12 146 169 181 183 10 82 107 
188 72 193 187 170 122 148 156 197 97 52 108 
87 92 51 131 69 165 129 37 96 47 198 
145 149 14 60 38 98 104 189 90 138 70 119 105 
158 81 155 113 182 116 130 11 83 174 77 
7 135 153 166 76 194 23 22 65 75 
30 16 115 2 185 31 134 43 144 141 
120 68 36 80 125 151 175 79 167 179 190 
35 73 8 161 48 176 160 180 25 164 27 
46 4 57 13 152 62 39 118 53 42 
157 147 143 1 64 109 56 29 186 28 
15 71 85 106 19 178 95 58 32 128 40 200 
112 20 173 162 17 121 154 172 61 
3 44 137 150 195 133 126 101 9 191 
41 50 123 100 177 142 102 
196 26 21 171 192 49 
34 33 78 

