67 41 188 173 138 104 95 114 148 
149 155 44 55 54 6 62 
139 51 131 86 64 109 128 200 110 
30 35 113 50 79 185 90 105 70 
93 120 38 19 78 91 
123 115 176 25 84 102 74 
26 3 68 136 58 29 186 190 
152 133 129 144 33 75 
85 166 71 151 100 96 59 61 
168 34 172 49 108 
187 130 195 103 107 28 
46 158 143 121 99 159 47 23 65 174 45 
112 132 48 124 134 182 180 116 156 24 
73 14 125 98 178 37 154 
13 57 76 181 122 88 118 101 111 198 
81 16 56 126 192 40 
135 36 147 160 11 
1 53 164 167 
4 145 162 175 32 43 191 10 
18 7 5 2 177 9 27 
161 20 163 89 189 127 22 77 197 
157 63 117 80 193 31 169 42 119 
184 153 60 146 17 194 82 141 
196 106 15 72 66 165 69 39 179 
87 92 8 94 12 170 97 
140 199 150 137 21 171 142 183 52 83 

