16 123 51 113 136 61 28 
140 120 68 137 84 19 95 189 22 127 82 108 
132 155 55 46 4 145 146 69 79 164 29 190 
149 199 36 80 131 66 116 134 148 192 40 45 
81 161 143 158 5 195 185 53 101 111 174 198 
150 67 87 35 60 114 104 100 62 183 159 47 10 83 105 
30 48 12 125 56 167 33 186 144 70 107 91 75 
157 153 166 178 38 118 121 103 156 172 119 
196 73 26 50 130 160 25 64 180 182 179 141 110 197 
41 63 44 14 168 187 171 122 169 88 32 138 97 27 
188 94 85 54 175 151 37 9 39 96 
139 86 165 142 154 24 52 74 
2 8 112 99 163 194 98 181 65 59 
18 3 117 147 135 193 11 78 42 
106 152 76 162 31 90 58 43 191 
15 184 71 89 6 17 200 128 102 77 
1 72 93 133 109 129 
57 13 7 176 21 124 170 
92 173 34 23 177 
20 115 126 49 

