4 112 54 138 118 31 169 111 119 74 198 
1 51 26 176 66 131 164 9 70 29 105 107 
188 184 147 41 55 68 195 175 114 90 174 47 45 197 
155 158 14 48 146 34 84 39 37 82 110 108 24 
149 72 135 199 153 71 193 151 56 182 167 144 179 
35 13 20 152 60 69 181 122 78 200 40 128 
7 87 115 162 16 98 62 183 43 97 52 
50 5 64 12 19 177 189 58 127 83 75 
73 140 173 94 109 116 79 11 61 27 
132 67 120 143 168 187 32 136 22 88 10 77 
196 57 30 113 139 171 76 17 42 102 59 
81 15 106 85 125 89 23 104 53 101 154 
46 36 86 3 130 103 141 96 
150 63 92 161 8 194 99 142 159 91 28 
145 2 123 21 124 134 165 180 190 
18 117 44 137 80 38 6 65 186 
157 93 166 100 121 185 126 156 172 148 
133 25 160 170 192 
163 178 95 33 129 191 
49 

