10 110 15 93 78 140 137 32 162 142 89 175 20 71 181 11 152 
196 67 118 148 48 169 76 53 185 117 80 101 160 163 79 23 36 
119 200 6 183 199 133 96 177 57 84 123 112 124 68 
86 52 
8 105 
41 164 182 99 77 61 33 192 107 191 37 139 62 194 91 19 147 195 66 17 34 149 129 176 
26 28 187 45 64 128 90 179 72 22 100 74 172 106 125 88 58 157 114 
59 39 38 134 132 3 102 46 131 151 127 54 81 186 69 130 109 7 
167 29 40 153 126 138 103 122 49 43 189 170 1 85 168 154 44 83 159 
166 97 
141 
198 136 173 174 98 184 70 113 145 25 193 9 12 146 158 161 31 121 120 165 75 
63 178 65 18 115 30 144 60 180 35 47 155 92 27 150 190 87 156 55 21 111 
42 104 188 94 171 143 2 116 50 73 13 16 108 56 5 24 82 135 51 4 197 14 95 

