116 146 49 190 121 
196 99 118 35 189 187 177 113 134 18 84 181 71 161 91 81 24 147 31 154 11 197 106 83 14 
64 166 76 93 182 94 73 133 56 43 151 155 32 186 96 139 125 163 170 149 135 21 23 105 52 
200 188 119 107 6 30 13 46 191 22 150 193 179 62 97 5 100 112 165 88 195 111 157 176 114 
63 144 67 198 59 12 45 131 60 48 199 127 47 92 117 61 90 74 55 37 180 54 4 51 129 
148 162 70 39 38 42 2 33 27 192 169 69 103 20 80 130 101 156 158 7 58 75 1 68 
28 98 178 29 174 142 138 77 8 16 175 19 89 172 168 160 44 120 95 34 66 36 159 
136 137 102 57 143 41 184 10 128 25 15 9 72 185 124 123 82 122 85 79 152 
153 173 110 140 78 3 183 65 108 86 53 145 141 50 194 87 17 109 
171 104 164 40 167 26 115 132 126 

