174 94 70 63 119 41 177 142 143 30 187 12 72 89 191 117 27 82 49 92 120 125 129 157 111 21 58 66 
200 166 148 6 2 57 199 169 86 25 145 175 190 90 122 163 160 130 109 52 159 36 51 105 
136 59 164 38 93 45 32 118 33 77 113 43 37 97 150 31 180 121 195 158 83 1 135 88 170 68 
99 171 28 65 184 115 162 50 128 134 179 5 103 186 9 19 87 81 80 147 7 114 165 176 34 
144 29 39 198 46 35 107 60 131 133 155 151 61 127 74 56 181 172 44 156 75 168 154 4 11 
196 67 137 182 8 104 102 26 192 78 73 16 185 146 189 17 24 54 106 91 101 197 14 95 
188 183 110 10 153 48 15 98 3 193 69 53 139 124 123 112 149 79 23 152 
178 167 132 18 140 76 108 42 138 126 13 84 62 100 96 71 194 161 85 55 
40 64 173 22 116 47 20 141 

