42 29 57 148 136 153 145 9 113 73 92 123 168 197 121 135 17 
94 38 173 2 182 128 108 141 161 91 112 
41 64 137 93 104 77 45 47 169 20 194 97 117 19 4 66 163 75 195 147 152 
26 49 87 160 88 95 
164 6 134 
192 
178 162 76 40 119 8 115 48 78 179 22 103 139 185 81 100 74 130 149 37 111 154 51 21 
110 35 133 116 16 5 71 24 12 186 101 124 85 159 
18 175 
39 67 188 184 196 191 143 33 96 187 43 150 146 7 
120 
140 200 144 30 50 106 156 157 14 
28 60 53 89 44 58 
198 99 59 13 82 158 79 165 11 105 36 
174 138 63 126 72 84 109 180 
127 80 54 56 170 
166 107 15 10 131 70 167 102 199 151 25 181 122 90 125 52 23 83 176 
177 3 55 189 
98 
142 132 118 171 46 65 183 86 32 193 62 69 155 190 61 27 172 31 129 68 1 114 34 

