104 144 35 65 30 45 187 198 103 194 72 158 66 91 44 79 58 
42 110 177 200 171 107 108 139 53 24 80 90 49 50 163 7 85 129 
67 28 189 64 102 132 47 169 148 62 141 69 112 161 83 
41 93 121 120 165 181 111 75 149 
29 76 115 10 140 3 145 48 185 100 197 54 95 
162 70 164 155 32 134 179 176 14 
6 191 150 96 37 25 147 125 52 17 23 
13 109 
46 146 68 
142 196 119 26 94 15 126 12 153 61 84 131 56 20 172 71 106 1 124 159 51 
63 167 166 174 38 60 143 133 175 18 5 27 97 117 19 114 105 11 36 
188 178 156 
182 22 99 78 127 74 81 160 34 123 21 154 
31 101 195 157 
199 118 
137 43 89 9 16 92 190 88 152 170 4 
136 39 184 59 77 192 186 
40 138 
98 33 193 57 168 
86 183 173 8 113 2 128 116 73 122 151 130 55 82 87 180 135 

