198 10 144 93 73 113 27 26 76 22 15 179 90 69 190 122 54 19 130 109 152 34 111 1 176 52 
41 67 99 178 46 137 126 102 89 199 175 155 97 161 168 101 165 85 157 88 135 75 159 106 
107 29 86 39 177 140 128 70 132 50 16 24 92 56 185 172 154 160 121 55 17 170 51 36 83 129 
196 63 104 183 143 30 200 116 169 84 9 5 20 189 62 71 158 44 87 58 21 11 147 91 149 105 
136 42 148 65 119 94 134 13 153 133 96 61 32 181 43 49 194 112 81 68 82 195 114 95 4 
28 6 110 188 142 2 77 182 18 180 57 193 48 145 146 127 186 139 74 120 125 156 79 7 66 23 14 
171 59 162 38 115 78 64 138 25 131 150 47 141 103 80 117 163 31 37 197 
40 166 167 118 35 8 3 98 191 174 192 108 12 72 151 124 123 100 
164 187 173 184 60 45 33 53 

