67 42 35 29 196 76 102 47 96 162 57 37 43 20 80 106 9 49 82 1 120 159 23 170 52 
86 153 104 18 98 65 128 12 72 15 169 5 193 181 195 117 124 121 34 156 21 91 83 154 
28 99 166 26 38 73 13 77 138 16 113 89 177 24 62 103 74 122 161 85 168 111 149 95 114 
142 64 118 2 93 182 187 46 116 41 90 92 53 185 97 123 125 112 129 109 157 176 152 68 66 105 
40 173 110 70 119 198 108 33 45 71 145 50 194 141 100 172 160 197 101 79 44 88 58 11 
200 137 164 39 6 148 48 184 133 8 191 179 155 30 84 180 87 189 19 147 158 75 7 165 135 51 4 
63 171 183 178 10 59 143 126 134 78 139 22 25 151 31 17 186 190 54 55 14 36 
144 136 94 132 174 107 167 60 131 27 56 175 150 61 32 69 146 81 130 
188 115 140 199 3 192 127 163 

