2 190 117 80 186 1 111 
10 173 63 166 57 30 13 27 78 20 150 127 74 194 9 49 55 11 79 168 75 170 4 
86 29 171 134 73 46 138 175 113 155 69 151 97 19 31 7 195 54 14 52 95 
8 189 99 61 25 48 169 84 24 177 146 81 101 156 85 58 21 83 
64 110 39 115 93 118 90 128 12 179 122 145 185 172 165 121 135 23 36 
178 153 94 148 183 104 126 143 5 53 123 91 37 51 
119 72 
188 98 76 167 38 65 60 182 133 70 174 71 92 158 89 88 180 112 120 147 105 114 157 
196 162 35 28 187 102 131 137 33 132 15 96 181 56 130 160 197 125 129 66 
67 59 184 140 198 77 3 47 22 199 193 103 124 100 161 17 109 152 176 159 
144 164 40 6 107 42 26 43 192 142 191 139 32 87 68 82 
136 18 45 200 50 116 41 62 16 108 141 106 44 154 163 34 149 

