10 116 64 200 153 35 151 141 50 149 68 159 
136 124 190 
26 18 9 92 160 23 114 
96 86 5 
78 184 187 175 192 193 130 129 
110 28 13 25 77 43 162 62 145 49 103 180 7 135 21 
29 178 131 113 3 20 108 84 168 
167 99 196 128 117 17 105 52 
70 164 38 45 2 42 33 16 90 154 172 82 79 
142 65 183 41 39 189 22 72 132 155 24 158 191 44 161 66 157 58 83 95 176 1 
198 67 107 6 148 63 166 133 56 47 127 185 37 31 54 101 163 51 147 152 
144 188 57 182 93 8 143 122 179 15 181 89 74 81 85 36 
94 146 19 112 109 111 170 
119 138 177 100 
171 173 76 46 59 12 199 126 48 150 27 30 121 97 123 75 80 197 11 
40 115 60 102 169 186 120 
61 
140 134 71 69 87 
104 118 174 73 98 137 32 139 53 194 91 125 195 156 34 55 88 165 4 14 106 

