64 39 10 171 148 181 
70 137 115 193 151 31 100 160 163 
61 98 24 121 9 56 55 14 83 
45 198 140 116 69 78 129 1 75 101 44 68 
119 188 196 8 94 32 76 71 128 155 190 5 180 82 66 154 152 149 88 
132 29 65 187 59 108 142 138 143 48 122 133 53 134 96 127 91 194 17 120 95 168 105 114 
136 57 173 13 153 192 27 117 186 112 135 109 23 
184 177 178 189 15 81 130 139 74 156 170 
164 41 28 2 191 199 150 50 72 172 
200 166 46 131 126 25 33 113 169 20 89 97 147 49 
104 63 93 182 18 141 159 165 
11 111 
26 60 118 107 179 162 175 43 
183 145 42 37 30 157 125 52 106 
12 3 174 77 84 16 124 103 123 80 195 158 21 36 51 
144 110 167 73 90 146 54 87 197 161 85 
62 185 58 
6 67 40 38 35 86 102 99 47 22 92 19 79 34 7 4 176 

