126 25 77 16 60 134 127 49 
61 198 12 107 151 154 9 160 156 
173 67 94 174 2 3 187 27 31 189 179 90 158 172 112 
28 178 35 118 102 191 64 116 15 197 129 176 58 
142 196 99 78 155 103 
48 166 97 51 168 
42 128 182 180 185 101 114 1 
98 6 138 18 200 45 150 24 108 133 122 161 121 181 66 109 7 52 157 
29 63 119 38 115 145 65 26 72 139 84 32 43 71 85 79 21 83 106 36 
137 171 147 62 
69 8 20 100 4 130 120 165 
40 188 110 93 143 113 41 146 193 123 81 37 68 195 159 
46 141 
162 144 39 153 59 30 135 
140 183 50 33 47 74 125 149 163 88 
22 87 
184 131 73 199 70 89 57 53 91 186 194 19 190 44 54 152 
86 148 104 167 132 56 124 34 82 11 75 95 105 
76 164 177 13 136 10 175 192 169 96 5 80 55 17 117 92 14 111 170 23 

