166 137 173 42 63 189 27 177 187 90 193 69 122 96 139 49 117 91 80 158 101 106 88 170 105 
144 183 184 39 41 94 131 86 99 22 5 48 71 161 146 19 100 112 163 154 79 54 23 11 176 114 
25 7 66 168 
200 29 6 38 164 191 65 8 107 175 155 151 20 172 55 130 24 180 135 195 147 36 58 52 
171 67 110 196 28 143 2 3 26 77 12 9 179 56 185 74 61 92 156 85 37 95 125 83 4 
104 98 188 182 113 148 45 60 32 169 47 190 62 50 160 121 68 17 82 111 129 51 21 157 
174 119 35 178 118 128 46 18 76 162 15 108 73 72 123 181 87 44 197 159 75 165 1 34 
167 59 40 57 93 13 126 10 134 150 89 31 127 103 186 81 109 120 149 152 14 
136 64 142 140 138 145 78 132 16 192 30 53 84 43 124 194 
102 198 115 116 153 133 70 199 141 
33 97 

