39 110 126 77 138 3 56 141 81 4 44 7 135 21 14 165 
86 144 137 33 60 31 169 124 139 79 83 105 75 
122 177 100 106 52 
70 128 147 
162 107 184 121 50 
104 18 102 90 143 25 182 133 131 37 16 9 151 130 129 156 152 195 1 
115 45 98 43 54 36 
118 28 180 108 142 
67 65 119 38 174 15 78 57 96 199 92 72 193 62 82 88 95 
63 10 136 192 12 17 125 
46 2 161 58 68 11 
188 164 148 29 73 76 47 116 69 13 145 127 146 181 117 149 51 170 34 111 176 
171 196 153 134 48 64 175 61 27 194 190 186 172 87 112 157 114 
198 53 155 5 120 163 109 66 
166 132 178 140 189 191 8 84 26 113 19 97 20 179 74 80 91 168 23 
173 167 150 41 187 185 123 85 
183 
59 42 6 30 99 55 154 159 
200 94 40 93 32 22 35 24 89 103 71 101 158 197 160 49 

