171 142 67 119 93 73 108 107 3 199 98 12 19 62 49 124 154 9 156 44 80 101 159 21 95 105 
118 10 57 32 60 193 122 15 53 179 81 194 170 85 152 
188 182 48 128 133 33 16 100 91 129 197 37 
189 59 2 126 64 56 150 24 134 87 147 165 114 
40 200 94 164 140 155 22 74 186 161 1 92 163 
65 198 138 132 89 30 51 
136 184 18 173 45 104 153 169 175 76 131 5 75 195 106 121 149 109 34 68 88 58 176 
99 35 8 115 191 187 116 127 90 20 117 69 27 112 130 79 52 36 
26 71 96 139 145 97 181 82 17 
39 13 102 151 84 103 158 168 160 
6 63 178 38 61 78 47 143 148 146 141 14 
46 25 29 54 43 
167 23 135 
86 183 
42 41 70 196 177 190 120 157 
28 144 110 162 137 166 113 77 180 192 174 50 72 185 172 123 55 125 31 111 7 4 11 83 66 

