28 198 200 41 39 64 26 199 47 139 25 108 151 69 19 146 17 121 55 195 111 149 
136 137 184 29 65 143 145 33 192 150 13 73 193 71 123 160 87 31 156 23 36 
144 70 40 178 102 78 140 32 90 180 53 74 37 158 5 91 88 7 117 168 51 11 83 159 
42 107 18 164 138 50 27 166 177 155 48 22 75 97 127 81 85 58 106 197 44 68 34 
174 110 15 183 118 167 116 153 20 103 175 181 72 163 122 135 109 129 54 21 157 114 
104 196 119 57 30 113 187 133 86 16 128 24 189 43 134 56 186 172 154 82 170 52 152 95 105 
188 10 63 6 2 94 12 126 77 8 84 131 185 62 96 147 194 190 161 80 101 14 176 1 
67 76 132 59 115 99 162 169 35 148 142 61 179 49 89 9 92 112 124 120 125 66 165 4 
98 173 38 171 46 60 182 45 3 191 141 100 130 79 
93 

