107 10 153 38 164 137 60 30 174 77 86 13 31 22 191 122 103 130 55 125 152 95 111 34 44 11 
67 6 59 57 148 167 138 50 69 20 181 97 117 146 49 124 168 159 54 58 165 170 176 
136 142 110 198 70 116 8 26 33 175 192 24 19 193 139 100 81 121 1 149 129 114 4 23 105 52 
41 173 63 178 18 189 61 3 78 128 48 9 84 37 27 120 163 180 85 17 7 68 66 21 157 
162 183 188 15 28 115 113 131 187 45 43 133 16 108 72 32 194 127 190 92 82 197 195 147 75 154 14 
196 104 64 182 93 134 140 102 98 177 179 155 145 25 74 141 172 87 160 161 106 80 101 91 83 36 51 
171 99 184 119 39 12 42 143 126 29 199 5 62 53 71 123 112 109 79 88 135 
166 65 40 132 118 46 200 47 96 73 169 90 89 151 186 158 156 
76 2 35 144 150 56 185 
94 

