28 196 142 116 47 189 199 3 168 163 87 7 82 117 66 
178 167 40 39 119 38 166 185 56 53 84 27 180 37 55 123 121 1 49 160 105 
171 63 173 60 187 73 32 12 100 74 141 103 24 
177 43 191 150 151 97 31 69 181 172 75 154 21 51 
67 132 10 153 96 139 128 90 193 20 5 71 127 19 17 88 85 135 124 111 157 34 149 152 129 
107 35 65 183 15 155 175 9 89 179 23 11 
200 41 134 22 102 98 76 8 78 170 165 58 
61 108 133 16 72 122 62 146 190 194 80 158 101 106 159 36 
59 86 93 118 182 77 45 104 64 131 113 169 192 57 176 114 68 52 
99 70 162 94 30 50 13 33 81 130 112 120 125 109 95 
137 174 26 140 115 18 164 198 46 92 
136 188 184 148 29 2 143 138 126 25 48 145 91 161 197 44 54 147 195 156 79 4 
144 42 6 110 186 83 14 
