168 99 94 22 115 96 120 196 15 
152 7 86 91 25 19 73 148 
100 46 146 95 30 174 187 
8 55 101 87 13 76 185 150 173 
182 177 32 80 70 162 144 
140 54 48 3 27 157 17 121 24 175 
28 197 35 122 134 137 123 194 92 93 
155 38 112 50 183 184 61 106 178 49 
4 169 98 188 29 21 145 158 82 2 
6 180 111 16 69 10 34 
199 159 138 60 191 36 110 167 56 
57 40 51 129 195 42 62 26 
14 130 104 20 143 64 
165 66 52 74 200 132 77 78 
172 181 102 179 44 131 113 141 119 
37 59 114 23 68 189 
5 164 90 116 83 108 67 89 
47 43 136 139 192 11 97 166 
88 65 107 79 193 161 
147 190 72 198 81 85 41 
163 171 58 126 103 117 
12 45 151 124 170 71 75 
149 105 39 
153 156 18 186 109 125 33 
142 1 127 176 84 63 135 154 9 31 160 133 
128 53 
118 

