197 172 164 20 104 193 25 84 13 76 120 24 102 
152 156 188 86 133 89 119 70 108 106 125 
61 167 72 162 62 77 26 185 75 175 
4 165 160 94 65 112 137 123 42 122 49 124 
1 118 21 192 177 66 71 127 150 131 183 
37 190 161 129 85 50 96 200 64 107 
142 47 5 138 90 79 48 68 95 55 
54 88 29 41 178 181 154 189 157 56 
140 199 176 134 135 92 149 30 
163 98 74 52 145 126 36 2 146 93 
100 45 168 191 170 10 97 
169 43 111 198 99 143 153 148 179 
103 159 46 186 91 184 16 139 9 87 
53 38 83 116 19 
155 58 78 115 11 69 27 195 
82 194 32 151 80 158 166 105 60 34 63 
6 18 3 136 22 109 81 15 113 
12 59 23 101 114 144 141 73 
57 182 147 40 51 196 44 28 17 173 39 
110 7 180 171 187 174 121 117 33 8 67 132 
128 31 
14 130 
35 

