28 66 59 65 144 137 123 62 141 73 41 
142 169 147 188 1 191 174 77 185 124 68 167 
182 133 40 82 87 134 8 49 184 95 85 
88 121 179 90 63 132 78 56 15 24 
166 92 51 198 22 145 195 102 200 69 
89 114 94 112 161 61 126 193 64 96 153 
4 155 177 52 154 109 33 189 148 
152 7 43 27 110 83 178 183 116 119 34 10 25 
37 118 127 176 58 150 79 158 107 9 71 42 
6 117 23 129 160 99 50 104 122 2 
54 12 187 171 196 31 113 39 149 93 
163 47 14 29 21 192 11 105 84 97 26 
156 130 138 186 80 70 106 173 16 103 
128 32 38 86 101 81 20 181 60 175 
135 172 197 5 159 46 44 17 76 75 
57 180 190 111 115 120 162 146 
140 199 194 157 108 13 143 55 74 
100 165 53 151 91 36 48 131 125 139 
98 72 170 19 67 
164 35 30 
18 3 136 
45 168 

