63 42 60 58 102 80 183 16 120 26 170 
24 156 169 190 92 157 117 160 33 144 113 200 
154 14 48 180 198 74 108 76 185 104 193 175 
142 127 118 8 195 178 103 146 49 67 107 173 
184 152 18 61 85 50 89 36 10 25 77 
155 130 110 90 95 83 31 99 56 114 150 28 
4 100 37 98 119 66 126 191 64 71 87 
54 128 168 94 21 15 153 84 34 2 20 
172 181 164 138 131 145 70 82 97 105 1 
47 40 133 27 148 73 179 194 189 
163 132 174 176 124 79 13 122 41 
140 9 12 125 23 52 22 116 177 109 
182 57 147 3 51 62 135 141 166 
88 149 44 68 161 81 55 143 
45 53 32 129 167 106 187 75 69 
78 6 197 5 159 46 134 137 115 11 162 39 196 
139 59 65 151 112 101 121 93 30 96 
7 43 111 91 17 19 
165 188 29 86 192 158 
199 171 186 123 
136 72 
38 
35 

