42 197 93 194 50 177 76 64 67 154 
182 12 29 144 62 170 183 184 161 
7 3 136 51 95 196 145 80 181 185 75 60 
142 147 40 160 151 157 115 135 30 41 
163 149 164 134 79 36 114 71 
6 14 171 198 91 195 26 
100 43 107 123 11 
156 188 90 
37 59 65 23 109 120 
174 69 121 21 129 125 66 105 84 78 200 24 48 124 
165 56 53 94 117 61 167 119 191 113 8 1 2 
57 168 99 112 22 110 131 189 49 
152 169 98 16 72 44 103 63 96 20 25 193 73 
88 118 186 137 17 13 143 55 31 85 
155 176 15 83 116 133 108 106 178 
28 190 52 101 192 81 33 97 122 77 
172 5 130 58 82 126 70 27 146 
54 199 34 138 127 9 173 74 166 
140 87 32 89 179 92 39 10 
104 35 159 46 148 68 150 19 187 175 
4 47 102 180 86 139 158 141 162 132 153 
45 128 
18 111 
38 

