100 107 165 189 65 69 105 66 194 97 62 149 
142 60 46 26 181 25 96 183 91 148 95 178 
54 168 38 23 112 166 113 185 141 184 24 
47 1 138 104 103 179 200 49 28 131 41 55 
88 118 139 157 121 33 92 120 193 146 
182 57 147 188 29 58 137 123 125 82 119 195 
10 5 159 73 186 80 70 108 173 110 68 
48 156 98 16 111 167 158 78 135 170 
89 37 109 32 153 79 13 87 27 36 
4 163 6 3 180 51 198 115 132 67 15 
154 53 94 86 192 99 84 42 20 162 161 
40 9 134 191 160 117 85 63 122 77 
7 43 21 101 50 81 133 124 150 64 
12 59 56 31 74 187 17 11 127 8 34 174 175 
172 35 164 196 83 126 76 2 39 93 
140 102 136 129 114 144 143 106 61 
45 128 177 52 22 145 116 19 71 
199 176 90 75 
152 169 18 190 72 44 30 
14 171 130 
155 151 
197 

