195 107 157 38 108 80 179 89 87 105 1 174 
197 5 25 26 46 170 63 34 160 153 
199 72 177 70 120 84 
88 118 22 79 135 64 
100 165 45 32 44 158 74 75 
172 164 35 159 20 123 48 194 196 
150 168 23 189 173 115 11 69 96 95 
18 136 104 28 131 19 
59 188 58 56 33 82 39 
155 94 112 13 
62 176 134 49 77 76 68 
130 143 103 110 
54 12 113 90 145 141 36 
7 9 101 99 117 106 102 
85 17 
43 129 
57 147 97 
92 53 126 27 78 
166 154 98 61 192 127 8 175 
14 161 116 
191 
47 83 119 41 31 167 184 162 144 121 
140 37 128 65 151 86 148 10 146 60 
6 171 21 16 178 124 66 30 
156 29 55 137 71 73 183 
152 169 3 111 181 139 67 
4 40 138 186 193 15 149 114 109 125 
163 132 190 51 198 50 81 2 185 200 
142 182 180 133 52 91 24 187 42 122 93 

