199 127 60 46 138 179 116 91 109 71 
4 6 131 18 136 48 157 70 133 56 61 
82 147 94 145 80 183 15 146 26 73 
152 85 23 90 79 93 19 181 8 150 
172 197 35 164 96 87 137 115 139 102 175 153 
92 57 180 186 191 170 104 141 77 62 
154 118 176 36 55 117 107 9 97 75 
31 188 83 95 158 162 149 120 39 166 
156 49 130 171 58 123 13 119 167 196 178 
47 98 112 99 126 64 
54 38 129 22 24 103 122 67 121 
163 14 20 134 34 124 16 173 143 30 
132 169 148 111 198 17 105 185 187 200 
7 184 27 161 86 125 81 66 113 135 
37 165 45 32 52 41 195 50 189 
190 101 11 76 193 68 
142 43 3 72 
40 51 44 114 177 89 42 
88 155 29 21 106 
140 100 12 160 144 1 84 69 174 78 2 10 25 
182 59 65 151 74 192 194 33 108 110 28 63 
128 168 53 
5 159 

