182 168 21 55 115 76 26 27 
156 95 91 111 90 81 150 166 85 157 
128 94 114 133 119 200 187 120 96 69 71 
163 169 98 154 129 143 9 126 185 67 
37 59 117 151 80 162 63 62 170 10 77 104 181 
177 53 112 24 148 19 73 146 178 36 49 
110 7 84 58 134 174 78 79 132 48 16 139 121 127 
6 43 180 82 56 125 105 60 1 64 68 
57 45 72 42 158 161 194 39 184 
4 147 40 3 136 15 28 17 13 30 
140 54 14 183 198 122 135 97 66 173 
35 5 159 46 138 25 193 167 70 195 99 113 
102 152 18 190 101 160 50 31 41 107 8 2 
100 89 165 188 29 22 108 189 191 144 20 
47 164 186 137 92 106 124 83 
155 32 23 52 86 11 34 153 131 196 
142 149 171 130 103 44 145 116 93 141 75 175 
88 199 118 87 109 192 33 74 61 179 
12 65 123 
172 197 176 
51 
38 

