142 54 171 130 20 10 17 41 119 133 31 
37 146 8 123 13 71 113 84 97 174 191 132 
140 155 144 105 134 60 62 104 25 95 179 162 78 49 153 
24 152 180 111 198 74 108 33 143 75 175 
88 26 138 122 93 70 167 91 83 178 154 
47 38 23 56 22 115 11 166 107 125 189 85 
182 7 18 183 86 50 158 196 110 148 193 
4 199 181 80 116 141 92 161 
114 165 168 94 109 195 102 126 48 149 2 1 
163 43 190 51 44 103 73 42 28 121 30 
82 147 16 98 188 21 87 157 160 117 66 67 63 
34 35 159 46 186 15 145 124 61 131 39 
100 194 59 32 52 192 55 139 184 135 77 
89 128 53 151 101 81 36 170 
156 14 3 129 150 79 69 76 120 96 9 
187 6 176 58 137 127 177 99 64 68 
172 5 197 27 90 200 19 173 
57 40 136 72 106 185 
12 45 65 
169 29 112 
164 
118 

