54 109 94 65 113 127 33 125 41 161 91 95 
4 24 18 186 150 107 99 191 97 174 34 
193 10 63 28 48 179 62 103 178 196 195 166 66 
140 130 60 105 84 177 31 106 119 110 132 
144 2 93 102 162 122 30 173 92 
37 12 53 112 86 16 13 71 87 1 25 
57 147 85 56 114 55 184 77 78 120 8 153 
163 169 188 21 124 145 27 83 187 39 15 
133 182 40 111 198 189 117 75 175 
88 155 151 101 108 139 81 158 64 
199 159 138 46 96 131 126 76 149 170 
142 197 164 104 42 137 123 11 89 9 157 160 49 
47 7 68 190 136 129 167 61 70 200 146 
168 128 29 90 79 26 185 67 194 
154 100 143 59 69 176 58 82 115 135 36 
156 14 3 72 44 148 80 20 181 121 
6 38 32 74 52 183 116 73 141 
172 5 35 134 17 19 
152 43 180 51 22 50 
165 98 192 
45 23 
171 
118 

