197 193 25 122 69 121 91 119 106 31 194 
54 53 32 23 86 68 158 28 157 125 
143 12 92 174 162 27 95 133 24 39 63 149 
4 150 42 191 66 160 82 26 200 103 179 
169 180 190 72 131 173 85 70 109 177 117 49 
128 168 151 112 144 123 13 97 30 183 
20 181 77 164 138 186 84 79 48 16 108 9 
88 130 192 99 74 195 71 105 113 
78 163 43 18 136 132 167 102 116 83 73 19 139 
142 40 147 38 52 101 189 115 11 8 185 153 196 
100 166 165 29 90 148 126 55 56 96 2 
152 7 187 58 134 137 87 17 89 120 67 34 
6 14 111 198 81 107 33 114 135 93 
35 5 110 178 44 145 76 1 60 127 75 
140 155 188 41 129 22 50 154 62 64 175 
156 36 171 46 184 10 104 141 170 146 
172 3 124 15 61 80 161 
182 57 45 65 
199 118 21 
37 159 
47 98 51 
59 94 
176 

