45 53 125 86 56 119 133 24 178 15 95 83 73 42 
187 164 60 132 49 154 9 177 97 174 150 
57 40 27 72 196 115 76 75 139 
182 18 21 55 79 149 63 179 131 109 157 
47 113 127 121 108 17 11 120 96 135 20 28 
167 46 138 26 200 103 48 91 184 61 16 107 153 
100 118 160 192 50 158 82 71 64 8 1 
88 155 29 52 31 85 189 117 70 36 39 93 193 
152 147 114 32 23 148 80 126 41 173 66 69 87 
54 43 130 22 145 181 141 122 34 
140 78 14 136 102 198 183 116 62 146 170 25 2 
128 168 188 90 162 77 185 105 89 166 
163 172 5 159 10 191 81 33 99 144 
4 156 7 180 124 68 137 123 13 104 194 
142 12 65 94 74 101 110 19 161 92 
6 143 58 134 106 84 30 67 
37 190 195 129 175 
169 98 111 44 
199 171 186 
165 112 
197 35 
59 38 
3 51 
151 
176 

