41 147 180 136 200 44 95 91 80 167 56 157 139 174 150 
60 25 170 146 77 181 113 84 127 96 39 187 89 
132 197 193 159 166 107 115 76 2 63 73 28 
74 65 177 85 86 16 31 70 83 178 15 106 
54 171 72 184 17 9 105 75 
57 133 99 94 112 121 123 11 154 149 93 
140 66 176 90 110 102 158 195 120 78 24 124 
156 151 126 161 27 68 48 189 125 
165 45 188 29 117 52 160 50 196 148 179 153 34 42 
182 152 43 51 61 198 145 116 19 104 20 62 
26 172 5 122 186 79 119 109 67 
4 155 108 129 22 49 144 97 131 36 
169 98 55 114 87 183 173 30 8 1 
199 130 134 137 71 162 185 141 194 
128 168 38 23 101 81 33 143 69 64 
47 6 18 92 82 191 13 135 10 103 
142 35 164 46 138 175 
37 100 59 12 32 21 192 
163 40 58 
7 190 3 
111 
118 
88 
14 
53 

