117 99 168 23 137 123 97 30 67 
164 46 186 71 158 139 106 16 
140 54 160 52 22 82 183 131 95 103 135 
100 147 32 129 121 115 125 64 162 
142 25 138 161 144 39 1 
37 165 45 65 20 181 42 174 191 34 175 
36 7 171 28 44 116 27 89 124 
96 197 35 77 145 141 75 
92 108 53 94 177 109 127 193 185 120 149 
163 59 188 157 112 74 105 87 132 91 24 
143 40 51 179 15 102 153 126 194 189 
12 128 29 166 13 
156 18 196 72 198 
14 180 133 90 68 200 187 76 66 
172 159 8 134 195 104 
88 155 151 101 192 11 
184 152 43 55 173 50 119 2 113 69 
78 6 136 80 85 
4 9 38 21 41 
110 58 81 33 62 10 48 
57 182 169 130 93 49 79 73 114 
199 118 84 176 154 83 19 60 
47 98 31 56 86 70 146 170 
190 3 17 
5 178 167 148 61 107 150 26 122 63 
111 

