47 35 159 46 166 41 126 24 36 120 122 
150 7 43 3 130 82 200 148 31 114 157 160 
140 54 128 94 112 86 50 81 107 2 103 102 
153 6 163 96 181 138 149 71 13 77 196 184 
45 85 108 58 134 137 11 189 30 119 
179 183 73 26 110 28 9 139 117 124 167 
57 147 40 98 188 29 192 16 70 106 61 67 
172 63 136 91 80 158 195 74 154 191 
37 100 12 65 151 144 1 76 185 141 161 
197 5 164 146 79 162 27 89 143 
152 68 190 194 101 177 69 105 42 131 
87 118 84 186 135 123 66 55 56 99 109 
182 59 38 23 52 129 125 17 78 48 62 
165 168 32 22 133 145 95 170 121 
156 14 171 21 132 115 127 8 60 34 104 25 
142 169 18 15 193 93 178 116 83 19 39 187 49 
88 199 176 92 113 33 173 174 20 175 
4 180 51 198 44 90 10 97 75 
53 64 
155 72 
111 

