156 82 194 110 16 108 120 135 77 122 
4 132 48 124 180 3 178 153 193 34 174 10 1 127 
31 133 69 67 
142 54 139 66 176 134 28 126 36 141 167 
102 98 161 148 44 145 116 76 97 85 
57 165 109 32 86 101 173 113 13 149 95 68 
172 197 35 170 49 80 157 106 107 166 150 
191 88 29 89 22 119 11 144 71 84 8 2 
78 63 73 130 186 42 24 83 103 15 92 195 
12 128 94 65 87 154 179 185 30 105 
47 7 46 26 137 33 99 74 41 9 
182 169 147 40 117 23 189 192 50 160 70 25 187 
37 45 114 38 21 61 27 91 146 200 175 
140 155 177 151 52 125 55 196 183 162 62 96 
6 18 190 111 90 79 104 93 19 143 
168 188 129 56 121 17 60 64 131 
152 14 171 20 138 81 158 184 39 181 
5 164 159 123 75 
163 43 136 51 115 
100 59 72 198 
199 118 58 
53 112 

