105 29 85 101 117 184 102 113 97 16 41 
54 199 1 103 178 80 148 185 39 175 
172 171 72 129 125 194 78 96 8 2 62 
100 168 53 151 112 82 115 34 141 124 
154 40 36 110 170 71 193 162 132 
73 130 138 90 79 19 67 69 
4 128 32 145 60 75 
163 6 161 23 52 192 50 81 49 150 120 167 
142 156 14 136 22 11 195 61 
5 197 159 134 58 93 200 106 166 
37 12 98 86 55 66 160 173 119 149 25 
190 83 95 183 15 9 144 143 107 64 174 191 
187 147 188 21 31 177 189 114 157 121 153 42 
140 84 118 127 68 158 133 122 10 24 
26 77 135 28 56 99 109 33 89 196 
182 169 43 3 179 137 123 76 20 104 181 
45 165 94 65 87 92 126 70 91 131 
47 35 164 46 186 139 17 13 30 
152 7 18 180 63 146 116 74 108 27 48 
88 155 44 
57 51 111 
59 38 198 
176 

