24 196 66 36 11 109 157 117 195 119 161 
142 197 164 181 174 189 34 39 178 68 183 
100 53 32 112 167 15 42 105 191 87 144 
47 6 143 107 74 125 194 124 104 170 146 
140 37 59 173 106 198 61 133 81 179 95 103 148 
163 5 159 26 138 90 145 141 60 
169 18 190 27 72 116 19 127 71 
199 89 29 85 108 187 17 185 120 67 
4 156 171 150 135 69 123 76 97 62 78 
131 41 55 23 114 22 126 70 177 166 153 149 
132 96 172 193 46 77 63 158 31 99 9 28 49 
139 12 113 176 58 134 79 13 93 110 102 184 
152 43 130 186 20 137 162 48 64 30 
165 128 65 21 86 192 160 50 33 16 83 91 92 
14 3 180 136 129 56 115 84 121 1 8 82 
88 155 151 101 2 10 25 122 75 175 
154 182 57 147 40 188 52 80 200 73 
54 45 38 94 
7 98 51 44 
118 
35 
168 
111 

