187 200 189 101 195 174 96 135 77 63 73 149 
42 10 35 138 46 2 80 15 184 185 75 87 
140 9 59 130 144 105 13 8 122 193 146 179 
131 147 119 23 108 194 115 11 85 30 48 
165 56 94 99 151 114 123 117 148 183 
28 153 6 113 69 176 90 79 82 161 66 157 109 
124 156 36 103 167 24 91 95 102 106 160 125 
31 98 72 198 55 93 19 170 62 26 
168 188 29 139 21 166 143 71 17 175 
4 133 169 180 3 110 44 178 27 74 127 
54 155 186 92 154 107 33 97 64 
152 40 136 150 41 81 158 1 121 191 
84 199 20 137 34 141 120 67 
100 37 177 58 134 126 70 83 
47 7 43 129 22 145 116 76 39 
162 49 14 112 86 192 50 60 
182 12 173 32 52 
172 197 5 164 104 25 
142 57 16 51 111 
163 68 196 190 
132 78 171 
45 128 65 
88 118 
159 
53 
38 
61 
18 
89 
181 

