100 59 188 101 192 55 81 105 135 184 
47 6 14 119 114 86 157 50 107 76 83 148 
147 195 98 16 139 143 123 13 77 39 15 
4 169 173 21 90 79 26 93 63 187 67 
54 84 176 144 115 109 85 108 106 124 
163 7 43 3 24 95 122 170 141 185 113 121 
172 72 166 102 183 36 34 1 10 73 149 
181 5 159 25 186 179 110 167 70 74 125 191 174 
162 118 69 87 194 41 17 8 60 120 62 175 
140 168 65 94 151 189 117 80 82 154 66 2 
153 156 196 180 136 51 22 91 96 97 161 
142 35 164 104 46 138 145 193 19 27 92 
131 152 89 44 48 126 158 127 64 30 
37 9 177 38 32 23 160 116 71 75 
155 99 112 52 11 146 
28 200 78 132 171 130 58 134 137 33 
182 133 31 29 129 178 
57 18 190 111 198 
42 197 20 
12 45 56 
165 128 53 
199 150 
49 103 
68 61 
88 
40 

