199 118 176 69 145 15 73 185 92 
197 5 104 159 20 138 113 17 13 76 83 95 
156 169 188 29 117 178 74 67 
133 147 3 72 129 41 93 141 71 
6 49 190 111 106 33 87 143 
4 152 132 78 27 63 79 62 2 24 
182 14 46 44 126 96 1 26 77 
155 32 23 22 81 154 
131 40 119 21 70 125 195 48 
142 162 43 51 198 36 10 34 
84 25 122 186 115 11 174 39 110 183 
57 56 99 85 52 158 82 127 75 
47 98 16 139 86 108 66 124 135 64 175 
28 164 35 58 134 191 137 121 187 161 
153 200 103 136 166 123 8 120 149 148 
140 54 177 109 94 114 91 116 102 19 146 
165 157 53 151 189 160 101 194 170 
7 68 171 130 150 184 90 80 167 
168 128 65 144 55 179 30 
100 37 9 59 173 38 192 50 107 105 60 97 193 
163 18 180 
42 172 181 
196 61 
12 89 112 
88 
45 
31 

