28 42 69 176 41 116 15 27 161 143 
54 88 130 150 44 145 70 183 102 117 108 
37 31 29 166 91 80 126 106 64 127 175 
152 7 18 3 51 90 193 96 185 195 
113 25 122 10 137 87 121 97 36 179 
100 165 85 45 125 123 19 170 62 
47 164 58 2 73 76 83 184 
57 147 89 188 139 114 101 82 124 95 148 
182 133 16 40 98 23 129 79 93 67 
84 118 105 86 194 55 158 141 110 
163 104 20 186 135 92 107 71 75 
140 190 136 74 66 11 191 187 39 149 
4 177 168 94 65 189 157 192 50 115 60 167 
153 162 49 132 159 46 138 178 48 154 120 146 
131 156 68 171 26 81 33 174 77 
53 38 32 52 109 160 17 13 8 1 63 24 
142 172 197 5 134 144 34 30 
169 196 43 180 72 22 
9 12 59 99 151 112 
6 14 111 198 
181 35 
128 56 21 
200 103 
155 173 
119 
61 
78 
199 

