156 78 132 130 171 58 123 77 170 24 
194 168 65 139 117 195 19 64 67 175 
68 18 190 158 82 185 146 
56 53 23 116 148 
35 159 25 138 11 97 
131 200 103 150 33 75 
6 38 21 87 76 
88 94 101 106 113 183 
37 12 188 29 90 79 13 10 
163 181 50 141 26 95 
164 134 
118 69 27 1 167 
182 152 180 43 129 109 108 17 73 
155 99 112 80 179 34 120 71 
49 187 89 143 127 137 115 8 135 161 
57 59 105 157 55 96 83 
9 98 51 145 
153 14 176 121 2 63 149 174 
133 92 119 166 74 48 
100 165 45 173 114 41 107 102 193 122 
54 140 32 151 189 60 
162 172 5 144 184 110 
42 197 86 192 70 15 62 
177 128 52 30 
199 84 20 186 154 81 160 191 
47 7 3 136 72 44 126 125 
4 28 104 46 36 85 
142 169 147 40 16 198 22 91 178 93 124 39 66 
196 61 111 
31 

