57 147 56 94 92 115 62 64 67 
68 180 43 72 95 145 93 97 75 2 
4 165 168 99 21 127 137 82 120 15 194 
197 5 171 130 150 90 158 191 30 
156 49 14 132 78 186 80 121 105 108 117 
142 28 6 196 190 166 85 50 33 146 170 193 
37 9 59 12 89 188 113 161 141 24 36 
152 27 18 184 52 192 17 174 1 63 102 
140 54 177 65 151 144 71 123 8 83 195 
40 74 32 41 55 107 179 167 187 175 
162 200 103 51 198 96 34 185 87 
199 20 44 13 26 48 
88 155 69 176 58 134 178 19 122 73 
153 163 172 135 25 46 91 126 70 160 
131 7 61 111 116 183 149 39 148 
182 53 109 22 79 76 77 110 
128 173 29 86 114 157 66 81 143 154 10 
133 169 136 3 124 129 106 11 60 125 
42 181 35 164 104 138 
100 16 98 119 23 101 
45 38 112 189 
84 118 139 
47 159 
31 

