4 88 87 29 109 50 108 71 1 127 
153 149 104 159 46 138 77 107 60 62 193 26 
182 160 94 23 129 113 93 19 48 124 110 102 
162 43 119 21 195 154 81 185 141 174 105 
84 199 171 130 44 90 79 82 120 64 67 
194 57 40 16 51 198 183 63 10 97 24 184 
131 152 196 167 121 137 17 74 27 148 
54 49 132 52 117 41 92 70 179 95 135 
165 45 56 173 188 114 192 191 11 15 175 
28 197 164 58 134 66 158 161 85 157 2 
156 7 68 18 190 72 166 126 96 39 
140 100 168 139 125 115 187 73 146 170 
31 65 189 86 80 178 106 143 36 
163 47 25 122 186 55 33 83 
142 133 180 3 136 150 123 13 8 76 34 75 
42 5 181 20 145 91 116 30 
6 38 32 112 101 
9 37 12 99 151 22 
169 98 111 
172 69 176 144 
89 
59 
155 
200 
61 
118 
103 
177 128 53 
14 78 
147 
35 

