88 112 86 123 96 
57 133 31 29 114 81 107 15 124 
42 197 63 166 106 55 158 24 179 110 77 
156 7 78 130 58 144 105 66 60 97 174 67 175 
100 9 85 56 188 189 41 8 1 146 
181 35 159 20 10 90 80 116 93 87 
199 84 118 69 121 79 191 34 39 36 
142 28 5 62 2 138 186 183 83 
169 40 136 22 178 141 64 
54 49 180 111 74 33 160 
37 155 176 134 194 17 75 
165 177 38 21 71 
162 196 150 135 
117 168 65 52 19 120 
131 152 98 127 30 
163 26 192 50 161 48 73 170 
147 89 115 76 
61 198 70 157 
45 53 32 23 108 154 11 113 185 
68 46 137 92 82 167 148 
6 43 18 190 129 
153 47 173 143 139 101 126 95 193 122 
182 59 99 94 151 91 184 
172 132 187 171 44 145 
4 27 3 72 
140 195 16 119 51 102 149 13 125 109 
200 14 
103 
164 104 25 
12 128 

