57 180 43 136 24 44 91 27 178 93 19 154 
35 181 164 20 46 158 82 71 
37 56 45 173 188 29 160 183 95 120 67 
128 53 144 17 34 76 30 161 
84 199 121 2 170 193 48 195 125 66 
165 177 94 22 41 55 15 184 148 
4 28 49 3 51 50 102 36 77 122 
152 147 40 98 21 101 81 141 75 
156 7 68 18 196 123 13 1 97 
140 9 12 59 65 112 114 145 96 26 83 
133 190 150 79 87 63 
163 162 89 139 90 80 113 
172 197 104 159 138 167 33 
142 47 14 78 132 58 134 60 174 105 
168 32 23 52 86 108 192 107 64 
88 72 198 11 191 143 157 109 187 
92 6 149 130 129 74 8 127 124 
182 169 171 186 10 126 70 106 39 175 
54 100 16 117 166 137 115 185 110 
153 194 119 85 189 116 179 73 146 135 62 
31 99 151 
155 69 176 
131 103 111 
200 5 25 
42 
118 
61 
38 

