47 14 159 10 184 126 160 108 71 113 174 
100 9 177 188 29 114 81 143 33 95 149 
152 169 196 18 136 24 27 44 70 183 36 39 
84 199 89 21 22 48 187 8 60 97 157 
153 200 25 20 145 91 116 15 120 135 127 105 
54 56 53 125 101 192 50 11 1 154 167 
133 147 40 190 72 129 74 107 96 73 83 
156 131 102 180 43 150 134 191 178 193 19 161 
168 99 94 32 52 123 13 122 92 
6 197 77 186 138 79 194 30 64 67 175 
88 155 189 86 41 66 115 121 87 195 
4 35 164 104 26 2 137 85 110 148 
42 181 46 62 90 17 185 141 146 124 
140 165 45 38 139 166 179 80 82 106 63 
142 182 57 171 130 58 170 117 109 
28 163 49 132 3 51 198 55 34 76 75 
162 118 69 176 144 93 
7 68 61 111 158 
37 59 12 173 23 112 
31 98 119 
65 
172 78 
128 
151 
16 
103 
5 

