42 197 181 104 25 138 170 26 187 161 148 
37 168 99 23 112 189 160 106 19 179 
156 14 132 171 130 134 58 191 157 109 39 183 
153 163 68 86 195 50 158 120 127 87 
172 35 164 159 193 90 80 126 108 64 63 
142 182 45 29 114 101 192 113 13 8 83 
7 103 150 92 137 17 11 15 27 
88 199 21 139 166 85 107 81 146 
47 131 78 110 44 48 36 117 97 75 
57 147 151 94 144 105 135 93 73 30 154 
54 9 46 186 62 77 79 149 34 141 124 167 
162 200 43 180 3 136 184 102 194 74 70 66 
177 128 125 188 129 22 41 33 82 174 95 
4 100 59 173 38 55 96 185 2 71 121 
28 6 49 190 24 143 123 76 60 1 67 175 
140 16 40 98 119 72 198 145 91 116 122 
165 56 65 52 115 10 
133 169 51 111 178 
12 176 
152 196 61 
84 118 69 
31 53 
155 32 
89 
5 20 
18 

