4 132 14 130 154 27 116 187 102 85 
200 73 166 109 17 8 24 
88 89 21 101 55 33 105 125 
177 168 99 94 151 191 79 170 36 39 
47 197 192 11 60 167 
152 18 68 190 111 44 70 120 148 
140 165 188 29 134 137 13 121 143 160 
162 172 5 164 25 46 80 76 
131 7 196 98 198 184 81 107 82 135 10 
133 53 189 178 
153 28 42 171 
156 49 51 90 15 92 108 95 83 
147 61 72 115 185 30 
122 181 150 195 157 183 75 175 
31 65 112 114 161 126 63 19 62 174 
9 3 136 74 50 1 67 
54 155 173 139 113 71 193 146 
84 159 20 138 41 158 97 64 
182 56 45 144 77 26 141 2 124 179 
59 12 69 176 
6 163 43 180 91 
57 169 78 186 149 194 117 106 87 127 
142 103 129 123 34 48 
35 104 58 96 
37 100 128 32 23 52 145 93 110 66 
199 118 86 
16 40 119 22 
38 

