142 181 159 113 123 105 13 76 97 73 
54 9 45 56 23 108 86 114 107 87 
155 32 117 129 160 50 92 96 185 146 
47 196 98 119 198 27 80 178 34 1 85 
57 59 173 151 109 192 143 158 125 71 24 
199 84 171 130 137 93 120 67 15 
133 53 112 157 189 74 187 141 75 
28 163 6 190 72 22 41 154 81 82 83 
128 94 65 101 55 33 102 124 148 183 
162 164 25 46 138 186 170 26 127 64 
4 200 103 111 167 91 116 193 63 36 66 
177 176 134 58 195 126 161 179 30 2 
152 156 188 21 106 17 11 60 191 62 
153 49 132 78 135 20 149 121 115 110 39 184 
140 43 180 150 90 145 95 19 77 122 10 175 174 
182 169 16 40 29 139 166 194 48 79 8 
37 12 38 144 70 
42 172 197 5 104 44 
100 165 168 52 
131 7 68 18 3 136 
147 61 51 
88 118 
89 
99 
69 
14 
31 
35 

