182 68 180 150 77 154 185 2 36 
153 156 98 29 194 55 81 82 109 149 
54 104 186 102 184 70 97 67 121 
152 169 40 119 72 137 123 8 1 39 
165 128 168 99 144 193 148 
197 164 183 158 
142 28 5 20 10 170 110 125 
57 16 157 189 101 192 66 33 146 135 62 
84 118 176 58 92 161 167 64 30 124 
7 43 46 138 11 
100 9 177 94 65 13 27 83 
133 173 89 174 134 178 96 106 
199 188 139 114 108 115 
47 49 196 190 111 44 17 
131 147 195 21 143 117 24 187 76 60 
6 163 159 25 107 141 
37 61 51 90 80 175 
87 88 171 130 145 95 120 179 
155 38 52 116 105 
4 14 78 132 129 79 71 
56 45 32 23 166 93 19 191 
162 200 103 136 48 63 126 34 122 
42 172 181 41 74 
31 53 151 112 86 50 73 26 75 
140 18 3 22 15 91 85 160 127 113 
12 59 69 
35 
198 

