168 160 32 112 114 194 157 77 170 146 
100 177 89 90 80 149 135 187 66 108 
4 47 159 62 186 184 179 167 126 70 117 
165 99 38 23 85 192 107 81 191 67 183 
37 31 151 189 74 161 158 113 39 102 27 
98 154 106 96 
162 6 49 63 73 41 116 97 75 105 71 
131 7 196 180 3 51 143 13 8 1 60 
182 133 130 138 145 93 92 
172 42 5 164 104 25 2 123 76 148 
54 132 78 176 144 127 125 195 24 36 110 
26 69 121 50 17 34 185 122 193 175 
9 12 128 94 65 86 101 55 19 83 
57 147 56 139 129 91 48 82 120 
142 28 200 103 95 87 115 11 10 
153 163 35 20 46 174 137 33 109 64 124 15 
140 84 188 29 21 166 79 178 141 30 
152 156 18 68 190 111 198 
14 43 136 72 44 
88 155 22 
197 181 58 134 
169 40 16 119 150 
45 173 52 
199 171 
118 
61 
53 
59 

