28 200 171 130 166 41 27 116 95 48 127 
131 169 190 51 106 91 141 191 
57 133 147 173 32 114 129 178 26 
42 135 35 20 122 170 126 36 102 63 85 
153 6 89 29 139 21 144 81 109 195 157 
162 119 198 22 79 87 154 67 
100 177 53 137 11 179 183 161 92 
140 9 12 59 151 101 50 55 62 10 2 24 
165 128 168 65 117 13 75 
155 99 74 86 143 160 184 30 
172 193 164 80 34 146 
37 118 69 176 134 58 148 
197 181 159 138 33 167 
142 49 132 14 149 44 15 145 19 83 
84 199 46 77 113 66 194 
7 16 98 72 125 108 107 60 71 
4 47 103 111 90 158 82 120 39 175 
54 94 23 189 192 8 1 
182 196 43 180 3 136 115 76 
68 18 52 123 
31 188 112 70 110 
163 5 104 25 186 124 17 96 185 174 
156 152 78 150 121 187 73 93 97 64 105 
40 61 
56 45 38 
88 

