37 147 38 85 112 91 167 183 73 170 10 77 63 149 
28 187 118 176 69 191 121 157 160 92 2 193 174 
54 99 168 114 52 80 70 30 175 
6 24 180 195 90 87 76 1 97 26 
182 56 173 188 29 21 166 41 102 126 179 48 120 39 95 
142 156 7 196 117 86 66 71 17 185 75 
131 32 129 109 143 93 19 135 127 113 
140 84 105 154 22 145 178 108 64 67 
4 100 78 58 134 144 137 62 34 83 15 124 
155 65 94 125 74 101 192 13 8 60 110 184 
47 181 46 138 194 55 81 107 82 36 
42 172 197 130 150 50 158 27 122 
165 177 151 189 106 11 161 148 
153 169 40 16 98 119 72 198 116 96 141 146 
57 133 190 136 44 33 
9 12 128 23 123 
163 49 14 43 3 51 115 
200 104 25 186 79 
152 68 111 
88 20 
162 5 159 
35 164 
45 89 139 
53 
132 171 
18 
59 
103 
61 
199 
31 

