34 26 140 115 18 84 27 53 56 185 180 37 174 157 52 105 
107 183 65 35 116 15 3 199 189 47 175 89 179 62 24 92 160 117 82 17 39 135 1 111 176 114 46 
72 67 10 59 86 93 118 182 45 77 33 81 130 112 120 125 109 152 149 187 68 49 
171 63 61 13 12 6 193 20 71 127 5 194 190 80 158 101 91 106 159 186 83 14 188 
104 64 137 198 164 57 113 131 169 192 123 121 124 55 85 88 7 66 
144 42 110 29 2 143 128 48 145 146 54 147 195 156 79 
136 184 148 25 90 126 138 132 73 32 50 36 122 
28 196 142 11 4 155 9 19 161 197 44 23 
70 162 177 87 163 170 165 58 
178 167 40 119 38 166 102 98 76 8 78 134 22 191 150 43 69 151 97 31 181 172 75 168 154 21 41 51 200 
99 94 60 108 133 16 96 139 103 141 74 100 153 95 129 30 173 
