98 32 85 129 72 95 145 120 185 175 
5 170 25 77 46 90 
133 69 199 105 144 81 
200 68 190 117 192 17 174 66 
78 130 26 122 35 71 158 157 
48 40 57 179 110 135 
104 149 134 
142 127 74 121 60 19 67 
163 102 119 94 125 13 8 
27 87 64 
92 47 188 143 86 
132 186 159 10 80 116 93 
43 139 165 128 109 2 141 39 
4 7 20 181 96 154 1 
12 59 166 114 108 45 53 115 
6 24 124 131 161 31 101 178 193 
42 172 103 138 82 30 
167 38 56 99 151 50 123 
182 173 168 160 189 112 137 
37 100 89 147 
9 169 136 150 55 194 11 76 
162 62 21 34 36 
84 118 155 29 22 91 148 
153 49 180 196 152 184 51 44 33 75 
63 197 171 187 191 73 
140 177 113 58 126 
15 3 61 111 
28 14 88 176 106 107 
16 65 23 52 79 83 
195 183 18 156 198 41 70 97 146 
54 164 

