28 69 143 125 128 189 121 8 1 34 2 39 
42 172 159 162 130 78 191 50 66 185 146 
169 48 131 40 147 31 52 129 55 178 93 
195 65 114 32 22 41 174 17 120 30 
9 100 165 160 109 29 87 11 60 141 193 175 
92 49 18 156 102 184 135 97 64 
63 164 10 26 122 181 186 116 148 
200 61 27 110 44 95 145 126 70 157 67 
37 16 133 89 166 194 107 158 33 96 75 
163 199 127 176 118 134 58 105 71 123 19 
43 124 15 68 7 196 111 91 82 
47 152 167 180 136 51 90 79 73 83 36 
4 59 173 38 45 117 56 94 86 81 76 
54 140 12 188 177 108 101 192 115 13 
142 62 149 25 77 138 80 154 
153 103 14 171 150 187 106 
6 197 5 20 35 104 170 
57 182 23 85 139 74 
84 88 113 21 144 137 
24 132 3 183 179 198 
155 99 168 112 151 53 
98 190 72 161 
119 46 

