16 184 188 29 101 107 66 33 148 36 
155 89 114 31 52 74 106 41 96 19 175 
28 49 176 118 134 105 113 71 174 60 13 8 34 39 
4 84 127 171 130 187 129 126 70 157 67 64 
142 14 5 46 62 172 20 77 87 11 115 185 
133 147 40 161 117 23 125 109 189 192 2 83 
37 12 151 165 85 38 86 91 80 158 82 146 
140 54 59 177 128 56 32 116 193 76 
24 124 131 156 183 196 27 198 95 44 90 135 120 
200 102 180 179 22 166 55 50 154 97 75 
163 63 162 103 136 137 123 1 141 30 
7 15 68 190 167 169 72 194 178 73 
88 69 78 110 145 93 
153 6 43 132 170 186 79 17 
100 99 94 160 139 21 144 121 
47 149 159 138 26 181 35 104 81 
9 143 195 57 98 191 
182 152 173 108 53 
92 48 3 45 
18 119 51 
199 164 10 25 122 
61 58 
42 197 150 
65 168 112 
111 

