47 179 68 48 51 111 107 19 
197 5 113 191 69 129 41 81 158 75 
45 143 198 121 17 64 146 
37 59 99 151 112 109 86 114 101 185 
200 63 149 130 187 150 137 73 83 
167 190 196 18 125 189 192 
127 78 136 27 44 178 79 135 60 
195 61 23 128 194 33 66 154 30 
4 15 156 119 16 31 55 34 76 148 
140 163 132 49 172 20 138 116 93 193 36 
42 181 25 26 164 35 90 8 2 
142 12 65 168 32 56 50 22 126 91 96 97 
165 188 173 29 160 117 166 11 141 67 
54 180 147 133 52 74 115 13 120 39 
28 153 24 183 102 152 98 110 95 145 80 
7 124 43 3 162 186 46 71 174 82 1 
6 199 176 88 58 134 144 87 123 
131 14 161 169 72 106 70 157 175 
92 57 182 40 85 38 
100 155 177 108 53 
103 170 10 104 122 77 
118 84 89 139 21 
9 171 159 
62 105 
94 
184 

