156 183 18 184 180 101 66 120 96 146 
142 47 149 5 20 113 191 13 19 175 67 
4 133 57 166 29 188 173 74 76 
28 160 168 112 81 
197 63 25 46 186 
182 27 31 192 1 
98 88 155 87 137 
48 124 167 61 198 95 11 39 
6 100 189 38 117 174 158 97 
12 143 119 40 139 121 33 
127 84 162 171 138 34 
37 195 177 165 128 55 
200 62 159 26 58 91 193 
16 179 103 102 44 145 64 83 
78 161 51 22 41 17 185 
169 131 68 170 115 
152 136 43 190 111 90 107 157 
24 53 109 114 71 154 
153 187 
150 30 
59 89 32 86 52 129 106 93 
132 49 130 147 135 
118 164 35 77 80 60 141 
172 99 125 8 
45 85 69 105 176 134 194 
92 163 72 3 110 178 79 73 75 
9 108 56 151 94 65 50 116 
15 196 122 123 2 
7 23 144 70 
140 54 14 42 10 104 181 126 82 36 148 
199 21 

