105 88 31 71 93 83 148 
24 63 7 110 95 116 145 66 141 
14 5 27 106 33 107 146 
182 98 85 168 53 50 41 73 36 
48 132 190 111 90 80 178 70 
54 140 4 136 183 184 198 34 
92 69 172 138 46 181 123 
142 57 153 187 159 77 11 120 
40 51 114 166 87 75 
47 124 18 180 169 102 194 13 8 
84 42 25 104 122 17 96 
195 152 119 147 21 125 115 1 30 
15 68 133 150 130 79 135 19 
6 100 117 38 29 86 
155 143 139 89 188 101 185 
9 173 165 56 94 160 
118 199 65 64 
156 103 10 44 157 
151 134 176 191 60 
49 37 113 58 97 39 
131 171 20 164 137 82 
200 62 26 170 158 76 67 
167 3 196 52 129 
186 162 144 
179 43 72 161 16 189 109 121 154 
127 197 35 91 126 
163 28 78 59 12 99 192 74 55 81 
149 108 128 22 174 2 193 175 
61 23 45 
177 32 112 

