100 171 20 10 95 80 154 82 83 
15 78 166 29 59 192 50 107 70 75 
195 168 109 165 32 56 189 174 141 148 
163 89 16 147 198 41 55 33 66 96 97 64 
196 155 58 144 115 11 76 34 2 185 146 36 
7 14 104 77 186 121 17 157 30 67 
54 127 176 118 130 90 178 126 158 39 175 
182 133 98 139 143 188 125 99 22 19 
63 3 136 24 102 184 27 110 44 145 116 91 120 
142 153 28 6 197 25 164 46 71 13 8 60 193 
92 49 132 47 43 187 87 137 135 1 
169 190 68 183 156 179 194 79 73 93 
37 85 45 151 53 117 114 86 81 
200 149 5 26 159 138 170 181 
48 124 180 161 119 57 128 101 
4 140 84 199 191 113 105 69 134 123 
131 152 40 23 38 108 52 74 106 
167 31 112 160 129 
88 177 12 21 
162 18 103 51 
172 62 42 35 122 
9 173 65 94 
61 72 150 
111 

