100 9 12 59 173 177 117 44 34 97 39 67 
140 84 181 164 46 186 115 8 96 185 175 
54 16 40 147 129 74 52 192 50 70 60 75 
153 63 6 78 187 130 176 134 121 71 174 193 30 
28 149 170 159 77 178 82 66 76 1 64 
4 37 161 119 29 139 189 107 33 81 120 83 
133 24 152 7 179 27 51 91 22 126 19 146 
172 42 197 199 69 191 144 123 11 154 157 36 
128 99 168 94 160 112 32 56 125 13 
15 124 14 10 122 79 141 2 148 
156 196 57 143 188 166 86 55 194 17 
182 195 89 165 38 45 109 41 116 93 
142 131 48 20 25 104 138 135 
163 47 200 102 184 190 72 145 95 73 
105 127 118 88 155 87 80 
103 132 162 150 137 158 
167 61 108 151 101 
92 98 169 180 43 136 3 110 106 
49 68 18 183 198 90 
85 65 23 31 114 
35 5 62 26 58 
171 21 
53 113 
111 

