149 14 155 144 137 17 115 11 97 64 67 
100 140 168 94 55 178 93 39 36 148 
54 37 57 98 40 169 102 90 95 91 82 83 
84 114 112 99 106 41 154 146 
9 182 152 190 184 27 44 80 79 135 
103 35 104 170 186 158 66 
28 153 24 167 183 51 166 194 50 33 
42 47 21 125 81 
4 163 89 59 173 160 117 74 70 30 
5 62 191 69 105 113 123 175 
131 196 3 18 179 7 136 110 73 
147 133 199 176 126 
48 49 78 31 101 
88 12 143 139 56 128 109 
15 161 119 150 187 129 13 
181 26 164 77 122 10 138 107 157 
108 177 85 86 32 53 96 75 
68 132 130 72 87 8 185 120 
92 45 38 165 65 151 71 
171 25 159 145 76 
6 43 124 156 180 29 189 192 174 34 60 141 
162 63 172 46 20 197 134 58 116 19 193 
142 195 16 61 111 198 22 121 2 1 
127 118 188 
200 23 52 

