59 3 179 51 90 126 81 158 39 
182 57 173 151 32 80 135 76 34 141 
102 196 171 162 172 46 50 
28 42 5 149 192 185 193 
142 24 131 124 72 56 128 125 41 178 
54 199 118 105 69 134 87 144 137 
163 63 62 35 104 77 166 96 8 1 97 
156 195 165 21 189 70 
92 78 176 138 121 174 64 
140 85 139 110 44 82 83 
200 43 183 7 190 184 73 60 
14 180 18 198 79 
12 143 16 40 133 31 52 91 120 
37 38 108 45 188 29 71 123 154 146 
159 26 197 186 10 25 122 181 157 
170 20 113 58 191 33 75 
132 130 164 95 116 93 30 175 
4 167 169 161 98 129 86 115 11 
6 47 48 68 136 101 13 148 
9 127 187 106 2 19 67 
100 177 94 23 112 160 74 22 17 36 
153 49 152 119 147 117 114 109 194 55 107 66 
15 61 111 27 145 
88 84 155 99 
89 168 65 53 
103 150 

