4 54 176 127 172 46 138 194 158 70 146 
149 78 49 89 128 109 107 17 13 2 141 
9 45 165 168 29 121 33 82 154 120 39 148 
100 40 156 7 44 91 116 178 73 19 185 96 30 
200 5 42 159 35 122 77 181 79 174 8 60 
179 15 183 184 108 56 71 93 
59 177 117 173 143 139 166 55 115 66 83 
28 47 124 196 18 27 111 95 90 126 
16 32 31 38 114 151 189 41 157 64 75 
163 142 180 167 136 72 106 76 34 193 
164 69 105 191 144 87 11 1 36 175 
92 182 195 57 188 37 12 125 67 
162 14 132 171 103 51 145 80 135 97 
48 102 152 68 169 98 129 74 50 81 
6 131 190 161 133 147 86 192 
197 104 62 26 186 20 137 123 
88 85 160 112 53 101 
63 119 58 134 
153 84 199 118 113 22 
140 24 43 130 187 150 
3 110 
170 25 10 
155 94 65 99 
61 23 52 
21 
198 

