28 24 183 68 111 27 95 44 79 174 66 39 
163 78 46 62 105 91 93 83 148 
165 85 57 72 198 116 154 120 67 
142 54 169 147 86 194 17 11 115 157 75 
140 9 45 173 188 29 114 125 81 55 19 
131 156 15 179 180 136 77 186 121 76 
88 127 69 59 99 87 193 141 30 
84 149 162 110 22 41 1 60 64 
182 16 98 18 102 3 90 80 135 
4 94 65 38 101 53 123 8 
14 6 49 130 172 10 122 138 73 13 2 
153 124 7 196 152 191 144 71 33 82 146 
37 151 32 12 139 50 192 70 97 175 36 
103 26 20 170 178 96 185 
92 100 133 40 129 23 52 74 126 158 
63 42 197 164 159 104 181 107 
47 200 171 132 187 106 145 34 
48 43 184 161 31 117 166 
199 118 176 113 21 189 
195 143 177 168 128 160 109 
5 35 25 58 134 137 
190 167 61 51 
155 89 56 108 
119 150 
112 

