182 78 172 104 122 17 8 60 36 
132 26 186 187 71 107 33 67 
6 173 37 89 12 58 191 137 193 
156 180 3 133 31 52 74 106 55 50 146 
63 49 136 183 51 90 145 126 97 
152 18 103 134 115 121 2 
4 40 166 114 38 112 125 192 91 19 
169 147 195 61 111 79 174 93 
167 20 77 81 76 39 
177 45 161 110 73 157 
200 130 165 109 189 194 1 
47 131 15 190 27 86 101 
108 168 128 188 21 129 154 185 
92 196 124 24 7 198 96 34 
88 85 143 144 123 
105 127 69 94 151 
163 14 72 16 53 11 120 30 64 
199 118 160 99 87 13 66 175 
48 68 119 184 95 22 41 158 75 
28 43 102 98 57 56 117 80 116 178 148 
140 162 149 10 159 46 138 181 82 70 
142 84 155 29 59 135 
153 42 197 62 5 35 164 25 
54 179 139 141 83 
9 100 171 150 44 
65 32 
170 176 113 
23 

