4 102 136 152 169 117 109 194 174 8 146 175 
6 78 5 110 44 95 80 70 158 82 83 148 36 
199 59 89 21 139 87 71 17 33 
98 167 179 196 3 51 145 135 93 120 67 
155 143 72 27 90 66 76 64 
54 100 151 94 74 56 114 86 121 115 
92 142 49 14 132 42 122 46 138 79 178 
182 18 68 7 180 22 41 166 50 39 
195 40 61 161 198 129 55 126 96 
88 128 29 192 107 13 60 1 141 
84 127 118 105 191 187 81 11 185 75 
124 200 103 111 91 116 73 193 19 97 30 
140 162 172 26 20 186 104 181 123 34 2 
47 9 12 37 188 99 125 189 154 157 
163 48 24 131 156 133 147 52 106 
15 43 32 165 101 
153 149 63 170 10 77 35 137 
57 173 45 108 85 38 53 
190 184 119 58 134 
28 177 168 65 160 
159 62 197 171 130 150 
25 164 176 113 144 
16 183 31 
23 112 
69 

