57 68 7 156 180 187 80 145 178 70 
153 42 162 139 86 50 11 13 120 
28 163 84 188 114 74 157 
140 54 152 196 150 71 8 193 36 175 
103 138 20 35 122 186 93 
127 118 176 159 137 17 34 67 
6 14 136 183 72 16 106 135 
133 147 10 46 82 1 60 97 
100 182 195 119 108 117 125 39 
92 12 89 143 94 109 56 116 
15 51 167 184 111 95 44 33 146 
37 130 132 171 78 191 134 
4 49 26 5 62 25 115 185 
105 29 112 53 101 83 
98 3 48 102 179 110 22 55 174 2 
9 128 45 173 59 21 166 87 123 
88 199 189 194 129 121 66 148 
170 104 181 172 77 79 73 76 30 
177 65 155 113 58 126 158 
149 142 169 161 27 90 91 141 
47 124 24 61 52 192 81 19 
131 43 38 99 151 107 41 154 96 64 
165 32 160 85 23 75 
40 190 18 
63 200 197 144 
31 198 
164 69 
168 

