200 142 56 109 101 81 194 34 1 175 
153 162 130 47 111 80 70 193 146 
59 151 85 128 165 114 79 73 141 2 
16 133 170 95 82 39 36 
196 15 190 184 43 180 150 55 33 185 
84 46 20 122 25 104 77 17 154 157 
57 169 161 119 51 110 116 13 76 
4 6 149 172 26 138 191 123 
140 88 69 89 143 86 148 
9 12 37 99 53 112 
179 167 31 106 90 67 
102 131 3 18 72 129 166 107 115 11 
100 32 45 108 94 65 125 87 
42 197 5 62 186 35 164 10 158 60 97 
155 188 173 38 189 50 22 126 178 120 
163 182 40 152 183 198 8 
127 199 105 113 41 44 174 
92 49 136 24 171 78 187 71 137 
195 177 160 139 74 19 
98 156 27 144 135 83 
63 159 58 134 145 30 
54 118 21 29 91 96 93 75 
28 103 147 117 192 121 66 64 
14 132 124 48 181 
68 7 61 52 
168 23 
176 

