98 57 182 147 38 112 109 91 75 
28 153 180 48 3 124 184 72 95 79 34 36 
9 59 45 128 56 44 135 39 
42 35 26 46 20 58 115 13 67 
102 179 68 40 31 86 194 166 82 93 
131 78 37 188 139 22 76 148 
24 183 61 52 145 19 120 83 
169 15 161 150 187 87 178 193 
47 162 197 138 159 104 170 181 
195 16 132 142 192 174 8 141 
6 89 100 117 114 32 53 101 81 
14 49 63 164 10 122 121 33 
12 85 160 108 23 151 71 97 
25 171 130 129 80 70 157 
133 43 156 51 111 116 73 30 
92 54 176 199 105 69 144 50 158 
152 196 167 119 21 41 106 17 96 
163 173 177 168 65 94 107 11 
4 200 103 186 77 66 185 
140 165 27 110 154 64 175 
84 127 88 118 134 113 191 123 137 
149 18 7 190 74 126 2 1 60 
172 143 99 125 189 55 146 
155 29 198 90 
5 62 136 

