171 63 173 94 60 30 108 133 50 96 139 103 141 74 100 36 
136 188 122 24 
178 39 140 26 123 121 111 157 34 176 114 68 
117 82 17 7 170 165 58 
28 196 142 107 183 65 3 199 189 47 175 155 89 179 9 195 156 79 
99 70 162 46 124 55 85 88 135 1 66 
92 49 160 52 105 
177 87 163 
104 64 198 164 187 73 32 16 61 72 62 19 146 186 197 44 4 11 
200 41 35 116 15 
137 174 115 18 57 113 131 169 192 84 27 53 56 185 180 37 81 130 112 120 125 109 149 152 95 129 
144 42 110 6 184 148 29 2 138 143 126 128 48 145 71 127 5 80 158 101 91 106 159 83 14 
167 40 119 38 166 102 98 76 8 78 134 22 191 150 43 151 69 97 31 181 172 75 168 154 21 51 
67 132 10 153 59 86 93 118 182 45 77 33 13 12 25 90 193 20 194 190 161 54 147 23 
