150 164 142 368 155 44 189 341 393 281 366 237 101 233 248 22 262 154 124 365 220 26 343 5 
383 186 144 391 396 173 90 360 136 204 259 320 351 223 109 35 86 133 160 159 240 81 178 293 38 14 131 17 201 347 
207 316 165 97 224 266 118 226 108 363 214 337 230 342 42 122 305 356 62 299 146 41 325 369 235 216 229 
161 269 46 255 323 306 228 195 279 111 49 385 33 190 388 102 310 36 284 
329 93 313 196 104 232 78 40 9 285 352 394 11 292 15 174 370 166 219 167 59 34 83 225 353 301 28 80 53 
75 245 168 307 317 67 236 380 297 88 192 158 176 290 128 193 379 371 116 358 64 338 212 119 234 241 60 12 203 273 98 58 
283 315 213 276 127 243 179 185 137 32 63 254 274 145 362 205 364 271 1 332 117 66 257 291 120 336 244 
359 121 398 194 333 328 139 96 31 149 112 134 249 377 215 209 69 200 48 300 309 206 227 103 386 45 202 231 208 180 184 172 
250 211 238 222 95 199 346 218 264 74 197 73 24 395 314 327 18 280 37 335 94 135 61 99 387 378 114 376 105 8 43 187 331 182 188 
2 143 296 256 23 100 389 87 298 162 148 82 79 294 334 77 277 268 272 126 357 132 322 130 321 183 84 397 399 7 153 319 384 20 
295 318 392 372 175 54 348 344 85 289 
55 349 72 91 324 4 10 239 373 330 56 47 3 242 39 400 198 
147 278 381 340 339 115 312 265 51 354 246 251 6 157 350 
106 89 288 355 375 140 169 361 57 275 311 
92 76 107 138 65 177 181 110 345 374 210 221 
390 287 252 16 247 217 270 260 258 13 
156 263 152 113 191 163 261 303 68 
304 50 25 171 326 21 30 125 282 308 
151 141 367 129 302 382 267 19 27 
70 29 71 286 253 
52 123 170 

