359 213 238 328 139 156 363 30 24 134 259 282 13 308 348 77 128 369 379 130 322 135 388 64 26 120 399 384 180 208 12 331 347 188 
186 93 329 250 398 121 222 127 165 137 389 286 228 57 233 237 35 22 325 167 332 190 235 34 159 309 206 343 397 84 336 231 131 102 273 182 36 98 58 
383 75 211 150 368 269 90 253 392 148 82 15 248 300 61 99 358 220 321 103 178 114 386 319 8 244 203 184 201 310 172 
164 144 283 143 313 256 278 232 177 341 157 350 290 357 262 193 59 335 116 94 371 83 240 387 81 291 376 153 234 38 14 241 187 
2 161 55 46 199 252 236 217 141 123 210 374 85 198 219 154 133 117 66 365 378 183 338 225 7 45 229 301 202 28 43 80 20 53 284 
245 391 276 168 207 266 317 107 118 324 330 380 239 247 320 362 145 351 209 69 48 132 37 216 212 119 105 5 60 17 
196 295 287 44 304 140 169 65 373 56 39 3 344 334 18 277 370 1 364 124 160 257 227 353 293 
142 179 32 76 63 21 249 260 258 31 366 377 192 223 274 221 299 289 280 86 
315 194 104 296 23 72 349 318 265 162 152 122 79 230 27 292 42 305 6 41 33 
316 92 185 224 226 173 108 360 361 204 297 345 110 281 215 176 200 
147 381 218 171 74 73 25 149 393 170 268 294 327 146 126 
333 78 100 87 9 214 337 367 129 11 261 52 314 174 272 166 
95 346 323 155 390 264 4 181 242 47 400 49 111 109 271 
307 97 340 396 115 339 312 51 342 354 267 382 19 68 
106 91 375 138 285 352 195 279 385 205 158 
243 372 40 298 71 246 356 275 303 
288 89 16 355 136 306 270 125 88 311 
10 50 67 54 395 326 112 62 
96 113 263 29 302 394 191 
70 255 197 175 254 251 101 
189 151 163 

