150 186 250 207 168 243 16 24 204 210 351 248 290 22 325 167 193 379 160 94 61 388 135 99 220 178 103 84 7 229 45 202 38 241 131 12 273 182 331 98 36 53 172 284 58 
93 329 144 383 256 218 363 32 337 312 265 57 356 246 305 27 303 272 327 166 370 1 133 124 300 322 83 378 387 81 212 120 376 386 353 5 231 384 180 208 184 203 201 347 188 
164 398 211 245 2 328 381 139 96 340 339 367 79 122 292 251 62 6 18 41 200 262 235 34 159 358 183 321 397 225 399 319 8 28 14 60 187 80 310 
315 283 238 161 391 295 276 107 4 50 73 326 249 281 366 377 192 176 274 223 233 237 357 35 37 59 365 66 371 240 227 291 114 153 234 301 17 20 
313 359 142 23 156 147 263 113 9 214 352 47 314 261 348 85 271 109 128 219 154 190 332 117 309 338 343 105 119 43 244 102 
194 143 269 368 287 390 392 148 372 162 286 82 13 215 158 205 364 369 116 130 206 216 26 336 293 
121 75 196 213 349 127 316 165 179 360 90 224 138 118 151 324 330 217 145 320 362 101 299 69 280 335 64 257 
104 278 95 67 108 11 129 394 341 382 174 170 294 268 33 126 86 
222 307 72 74 259 134 30 260 270 125 221 209 289 132 
296 92 76 232 40 175 54 400 111 385 49 77 277 
106 46 288 375 10 236 177 355 65 123 39 374 344 334 146 48 
333 396 137 173 226 302 191 163 3 308 68 198 
78 171 255 25 304 21 395 282 258 31 112 88 
100 87 389 361 169 56 373 380 345 195 279 
155 44 346 323 70 197 264 149 297 242 15 350 
318 97 266 317 140 141 285 228 230 42 19 267 
55 252 189 199 306 181 110 239 311 
185 298 71 51 152 342 354 157 
91 89 247 136 393 52 
63 254 253 275 
115 29 

