164 144 161 121 222 142 155 70 286 152 366 299 350 219 133 379 94 135 130 371 64 257 338 397 84 212 336 399 229 244 184 182 36 331 98 172 58 
93 329 194 315 196 127 97 23 317 4 239 110 330 204 393 85 308 146 303 198 272 166 86 154 190 117 332 365 83 159 26 343 119 319 5 8 28 43 131 12 17 273 310 53 284 
186 398 250 359 383 150 211 75 213 238 276 349 156 113 302 342 251 351 158 205 1 364 300 160 116 388 99 358 321 220 183 114 291 202 301 231 384 208 203 187 201 347 188 
283 143 104 278 333 218 171 255 199 264 73 197 134 249 30 282 145 320 281 125 101 237 248 325 41 200 167 335 193 235 34 309 206 81 103 7 45 153 38 234 60 102 
313 296 256 243 165 91 360 361 136 177 380 195 345 374 3 344 348 327 268 33 277 357 132 37 59 322 66 378 240 387 227 178 386 120 376 353 293 14 241 20 
245 391 55 89 318 72 140 367 265 82 275 271 35 262 61 216 225 105 180 80 
95 106 10 236 67 149 123 52 170 334 15 174 294 126 18 369 124 
2 78 381 100 96 312 340 115 339 341 129 337 228 42 27 292 157 305 69 209 22 48 
147 139 87 372 40 175 54 259 260 258 362 223 274 233 176 290 128 
207 168 316 92 396 137 185 173 32 51 79 354 230 122 356 6 62 221 280 
368 328 232 9 162 29 71 246 57 39 109 370 
44 269 346 287 323 189 304 306 247 297 242 279 385 49 77 
295 46 288 375 151 107 141 169 47 352 191 314 261 267 68 289 
224 266 118 16 373 181 217 270 377 192 215 
389 392 21 326 31 112 88 13 
252 390 25 74 24 50 63 395 254 
179 76 285 108 138 65 163 11 394 382 19 
307 90 298 148 253 210 400 111 
226 324 355 214 311 
263 363 56 

