328 333 320 148 390 312 268 249 395 
168 343 308 6 170 89 180 1 340 
336 119 69 326 102 215 92 160 73 33 91 
298 90 110 269 193 378 83 123 242 
46 99 211 36 67 346 131 325 95 233 
24 247 129 276 259 141 113 353 
164 377 179 183 261 229 50 
94 341 358 245 392 57 153 305 200 12 
108 30 14 135 68 295 39 282 
11 361 75 114 286 71 226 400 167 337 323 
281 218 106 35 237 238 19 210 81 307 
10 351 158 327 15 356 100 254 371 
263 385 151 116 271 277 98 186 339 
291 120 364 381 115 165 253 38 202 300 
357 84 319 349 58 111 272 348 
177 223 285 184 128 293 367 37 
270 72 386 13 318 199 181 220 63 201 279 
188 64 362 26 240 137 8 47 133 178 
375 103 40 82 176 132 
314 262 87 283 194 330 182 313 150 396 
236 389 118 388 316 125 297 230 393 234 
138 344 
317 251 143 147 289 360 382 17 185 258 
376 290 27 41 398 78 363 77 
43 28 206 387 299 174 31 146 74 365 
246 16 380 127 144 20 169 121 
266 3 124 239 96 
287 21 52 338 225 61 145 
155 222 350 162 171 161 76 109 
244 136 260 54 217 130 329 9 354 
86 213 303 101 173 370 232 
292 274 352 139 366 56 107 203 
383 192 175 379 2 48 44 302 70 
243 190 208 212 315 257 
278 342 163 265 321 22 196 
216 304 205 248 93 60 85 331 51 335 
104 4 275 55 235 23 
166 187 394 7 154 219 80 332 49 
347 397 65 204 391 189 25 369 384 
273 66 368 227 209 197 310 267 214 288 
311 149 157 156 280 373 207 
250 122 34 42 334 18 140 306 228 324 359 
195 322 172 355 5 
301 105 264 88 256 
296 221 142 372 
79 112 399 231 191 
284 159 32 29 
224 294 45 198 
309 59 126 345 
241 252 62 53 
255 374 
117 134 
152 
97 

