86 213 35 147 379 378 36 346 395 
224 397 374 189 267 231 73 
301 333 294 318 45 215 310 367 56 
281 385 204 152 67 345 229 12 
173 359 
177 251 248 154 225 22 113 33 
314 278 334 40 209 197 57 100 133 
155 192 276 315 234 
43 72 42 349 165 268 5 363 
108 218 158 398 82 174 146 74 258 
317 187 394 116 286 277 169 50 396 232 
188 120 364 41 237 366 141 400 107 
46 247 4 52 211 199 182 180 344 76 51 
375 262 381 338 293 81 95 
270 357 175 97 330 226 186 185 
291 122 28 269 193 181 134 282 
309 13 368 105 111 25 302 353 
376 222 148 117 297 325 201 70 
24 342 388 163 142 391 55 235 207 
292 149 110 58 219 17 279 
104 290 64 227 327 128 356 47 
296 206 179 7 217 130 92 8 371 
138 347 16 127 26 153 305 239 254 
195 106 59 126 135 68 230 145 39 
246 320 390 360 131 63 242 300 
241 30 14 157 101 71 382 257 96 354 
287 341 84 245 156 140 306 348 191 307 
311 308 358 399 80 83 332 
263 87 151 183 220 261 44 167 
94 343 351 54 259 321 23 203 
328 99 208 212 2 161 121 
168 90 274 312 20 19 214 37 132 
244 136 260 171 265 139 9 340 233 
216 3 129 238 373 176 288 
250 119 34 27 362 144 29 61 295 
11 69 326 112 387 299 137 228 384 49 
236 21 65 275 271 78 331 200 
389 118 143 170 194 280 85 88 109 91 
164 285 184 124 355 369 160 365 
273 190 386 75 32 313 393 77 
336 159 114 352 48 372 150 324 335 
298 303 316 18 272 202 123 256 339 
10 304 380 15 253 38 329 98 249 178 337 323 
243 66 255 115 60 370 198 
284 322 240 31 196 
166 350 162 102 210 
383 319 93 53 1 
377 361 89 
223 172 
266 205 392 264 
103 6 62 
79 283 289 
125 
221 
252 

