24 79 192 320 148 220 5 121 288 
236 118 52 117 289 199 83 1 200 
188 86 260 326 374 399 338 98 76 282 323 
304 3 233 
94 343 308 319 89 53 306 331 256 12 335 
195 322 271 71 382 61 207 279 
10 347 397 318 171 189 370 123 340 258 
317 361 16 380 276 261 63 73 33 
46 179 93 38 153 329 369 344 109 
43 213 388 175 269 2 230 337 
138 224 341 303 35 59 259 315 23 249 185 232 
177 247 4 184 212 265 139 238 100 160 95 178 
291 122 28 158 209 165 57 80 257 96 49 
376 119 66 394 7 58 124 355 161 201 339 
287 218 42 334 227 235 373 372 150 145 353 
168 281 14 54 115 105 181 180 78 384 307 
164 377 159 125 194 330 173 346 131 325 234 70 
108 149 351 358 101 18 272 85 226 302 39 359 
166 386 75 127 26 45 299 356 56 47 167 
244 251 106 204 147 97 135 297 134 393 77 
309 170 193 378 67 186 191 354 
328 222 390 312 20 29 48 44 113 203 91 
263 103 84 116 172 217 174 31 146 51 395 
273 206 349 197 15 253 219 305 133 
336 136 13 40 277 321 210 74 365 
311 34 27 41 237 366 141 214 37 132 
216 21 65 283 152 36 88 242 300 
241 385 143 82 310 267 231 8 400 107 
250 190 368 392 111 60 137 228 9 324 
223 333 163 142 391 55 225 295 196 
11 290 157 62 130 239 254 371 
298 90 316 379 280 182 313 50 
301 246 211 286 293 81 396 
270 72 274 126 68 345 229 363 
187 285 208 114 32 332 
104 64 162 112 387 176 
278 342 151 110 156 183 348 202 
243 350 327 128 169 
155 99 294 360 367 
296 245 154 17 
30 252 381 398 25 
266 364 129 102 215 19 22 
375 262 87 264 140 198 
120 69 362 144 268 
284 6 92 
389 275 
314 205 248 
383 352 
292 240 
221 
357 
255 

