86 388 204 175 126 36 297 5 363 339 
10 304 106 52 117 92 141 400 107 33 
311 389 385 151 59 379 53 160 133 178 335 
375 318 171 271 137 369 344 282 395 359 91 
138 79 192 320 280 199 181 180 78 325 145 70 
164 190 27 368 209 165 124 355 313 161 76 185 288 323 
298 90 386 394 334 112 399 348 202 83 242 49 
317 284 322 245 93 366 8 249 73 203 
168 357 333 129 45 259 315 19 214 47 95 307 
263 14 157 248 15 38 153 305 257 354 
281 218 260 41 26 240 338 225 210 37 233 
287 347 397 65 116 172 276 217 31 98 96 
236 21 87 312 20 71 235 48 44 234 300 
244 72 222 362 102 387 310 267 329 332 200 12 
292 149 351 358 62 111 272 74 167 337 
376 296 75 142 391 277 321 372 396 39 
336 122 119 136 269 194 67 346 131 393 353 
43 66 127 32 265 139 238 146 186 365 
216 262 35 147 97 378 220 261 384 340 258 
46 99 380 374 219 226 302 279 
94 342 303 84 319 349 154 253 370 17 232 
11 290 64 364 54 392 182 150 324 
188 120 255 3 327 128 293 367 56 371 
195 4 184 211 390 286 55 22 113 109 
24 251 285 275 152 135 68 268 295 196 
270 377 208 114 352 237 169 51 
177 187 42 179 7 58 57 85 256 
243 69 206 89 330 306 331 
291 221 158 398 82 299 1 191 
166 213 110 125 193 173 123 
328 246 294 289 360 2 373 121 
223 159 163 144 382 229 50 77 
247 274 156 183 80 228 9 
108 341 6 115 18 231 239 254 
104 118 316 105 130 207 
241 30 252 381 197 174 25 100 
250 13 227 264 140 63 201 
343 308 205 189 132 
155 350 16 162 215 81 
273 361 212 29 176 
314 278 283 60 198 
266 28 101 23 
103 143 170 134 
309 148 61 
34 326 88 
383 40 230 
224 356 
301 345 

