270 72 159 89 280 68 345 229 201 339 233 
292 385 6 115 105 130 329 56 47 365 354 323 
287 218 27 334 20 29 268 5 363 77 70 
298 90 333 320 148 390 360 2 313 161 256 49 
46 246 380 127 26 153 146 344 76 185 288 
104 149 157 398 197 15 83 1 332 203 
168 389 351 206 381 392 225 210 81 302 73 178 335 
177 187 350 16 171 128 92 367 400 107 300 
188 122 136 260 41 129 45 259 315 228 384 258 
236 347 397 4 52 125 194 67 370 279 
375 278 103 205 248 93 58 124 182 220 78 63 331 353 
195 322 65 35 59 379 135 297 325 145 282 
263 308 358 269 183 80 348 17 340 337 91 
250 296 34 42 54 349 82 310 169 295 196 232 
155 99 294 75 240 338 231 186 51 395 
43 213 388 204 172 271 71 235 44 150 396 39 
108 361 163 142 57 305 239 254 95 33 
311 30 252 101 156 378 181 180 393 200 12 
138 281 304 28 245 193 36 261 133 109 
24 79 208 114 352 382 22 113 324 359 
244 357 3 362 237 238 321 372 50 307 
216 224 87 151 316 217 293 141 214 160 
94 64 364 374 112 387 174 25 74 167 
273 190 255 162 32 265 139 373 176 132 
301 274 175 60 202 123 242 
164 377 222 327 253 38 137 98 257 96 
10 251 84 289 199 85 226 249 
317 284 106 275 117 286 55 277 371 
314 262 143 147 126 61 207 
376 342 179 40 264 140 306 9 
328 116 276 189 267 191 
291 120 69 13 368 165 19 8 
21 319 7 154 219 100 
336 119 66 394 227 209 399 299 31 37 
243 62 330 173 346 230 234 
86 386 318 212 312 88 
223 285 192 184 211 144 121 
241 283 97 355 198 
343 14 158 272 
309 326 102 215 356 
341 303 110 23 
166 247 170 48 
11 290 111 131 
383 134 
221 53 
118 391 366 
266 18 369 
152 

