164 72 222 350 16 129 102 215 130 367 279 
188 303 163 142 45 80 348 96 337 91 
317 187 361 380 171 180 78 331 49 
244 120 34 3 41 391 356 305 384 107 178 
43 90 251 192 59 379 137 254 371 365 323 
177 213 275 97 199 181 313 63 256 
104 341 274 57 153 100 74 359 
328 99 208 237 238 92 141 214 133 
243 136 13 227 327 399 338 293 109 
216 347 322 65 110 125 193 297 134 396 
250 351 206 381 392 53 370 234 339 
270 377 394 349 197 299 174 329 369 242 12 
138 118 388 204 152 2 373 61 295 324 
108 389 106 265 139 55 225 37 
357 247 333 184 211 390 68 345 302 73 354 
263 308 245 93 58 124 60 226 51 300 335 
301 246 294 114 32 286 71 321 56 395 
298 284 151 144 20 382 48 372 50 353 
291 64 62 330 182 220 44 150 307 
24 397 84 116 172 277 146 8 249 258 
168 224 342 54 115 18 140 306 202 17 200 
10 386 27 334 29 19 81 132 33 
46 223 285 159 148 352 1 332 340 233 
311 149 14 158 398 82 310 31 98 344 76 185 
376 122 69 260 42 179 105 346 230 121 39 
273 190 368 127 26 235 210 47 95 167 
375 278 103 40 276 131 325 201 77 70 
166 358 101 156 89 280 23 113 288 
292 385 143 175 126 135 261 229 145 282 232 
314 262 35 147 289 67 123 203 
94 28 326 374 112 387 267 231 257 
336 296 66 7 154 253 38 88 191 
287 218 283 269 378 36 173 161 393 
236 21 87 316 217 189 169 160 
195 4 52 117 271 268 207 
241 343 6 170 183 272 85 9 
11 221 162 15 219 186 
290 157 248 165 111 355 198 
30 252 205 259 315 239 
119 255 362 240 400 
309 319 194 363 
281 304 209 264 228 
383 320 212 312 176 196 
266 364 128 25 
79 318 360 22 
86 75 83 
155 5 
366 

