177 88 196 194 71 138 17 183 
144 27 80 6 127 98 81 109 
197 18 37 132 7 157 123 
116 21 192 184 76 96 87 92 59 
190 135 69 122 145 195 15 
5 131 19 154 153 174 136 108 
82 150 166 181 89 52 39 
148 57 193 46 94 64 162 
23 55 141 139 110 105 28 149 
114 84 112 168 9 99 198 
101 119 93 75 68 95 142 
120 60 8 186 14 42 158 
73 147 66 175 146 90 179 117 
171 182 35 61 189 
118 164 65 70 167 121 165 111 
32 155 124 115 79 130 
113 26 170 50 11 200 1 49 
103 143 83 2 172 140 53 
134 104 125 191 106 67 74 56 
3 58 91 47 169 29 137 107 
30 62 38 102 97 77 34 188 63 
45 161 152 40 151 16 187 
20 12 44 13 36 4 72 
133 10 180 176 43 100 
78 41 85 24 126 33 
178 160 173 31 25 51 
159 156 54 185 
48 86 129 128 
22 199 
163 

