171 155 13 126 127 98 49 117 53 
148 184 163 167 34 188 183 
45 182 186 185 7 37 1 99 74 
178 41 197 124 72 67 130 42 123 
62 38 18 2 153 105 179 28 198 
20 116 160 36 76 100 64 92 
131 26 80 154 125 89 52 59 63 
118 60 82 143 191 121 139 110 109 149 
3 88 196 22 151 16 181 111 56 
177 146 166 24 172 29 162 
48 19 173 176 33 81 137 15 107 
93 65 11 194 145 138 158 
135 55 8 132 128 9 95 39 
32 129 175 122 68 77 136 189 
57 119 54 168 200 174 108 
27 84 31 69 51 142 
5 10 102 112 169 61 195 
133 159 150 58 97 71 17 
101 147 75 25 14 87 
66 144 180 35 199 157 
104 85 156 40 70 187 
30 44 78 86 115 90 165 
23 21 50 91 43 4 
113 73 164 141 47 106 140 
161 170 192 94 96 
120 134 152 46 6 
190 83 193 79 
103 12 
114 

