131 20 147 106 200 64 17 198 
178 23 175 146 98 157 179 123 
44 180 193 43 71 162 92 59 
73 155 78 184 126 9 90 130 39 149 
45 197 86 22 110 99 137 56 
113 12 102 112 14 70 67 95 107 
82 166 91 141 69 96 87 53 
66 80 152 153 163 168 89 105 28 63 
5 10 84 143 186 127 1 15 74 
135 182 156 194 61 77 142 111 
118 83 57 46 128 181 188 138 183 
101 170 26 154 24 122 174 136 109 
114 3 88 35 68 172 195 42 
190 148 65 11 145 117 158 
177 159 196 47 169 29 49 
161 129 13 36 2 81 108 
116 164 85 124 25 37 187 
120 104 58 176 191 72 167 34 
60 27 97 185 16 189 
103 171 50 31 76 100 52 
48 30 173 6 115 94 51 
144 21 192 79 7 140 
55 93 119 40 33 4 165 
41 8 18 199 125 121 
134 133 160 151 139 
62 19 32 132 
38 150 75 
54 

