3 38 193 151 138 137 53 39 107 
20 19 124 122 76 89 195 42 56 
55 177 40 196 68 121 179 74 198 
144 119 50 163 97 167 189 149 
159 12 84 191 71 187 99 183 
120 80 31 199 125 90 15 59 
62 118 83 146 24 61 117 63 
82 164 91 36 37 81 17 111 
41 103 197 47 51 174 130 109 123 
45 27 147 173 43 106 72 34 95 158 
116 114 184 22 132 98 140 108 
101 65 115 94 69 70 67 49 
155 78 166 143 176 9 139 64 162 
32 30 126 127 157 1 188 
113 180 104 25 77 96 92 
48 85 152 154 172 4 165 28 
148 10 8 186 29 105 
135 192 160 11 16 181 142 
190 150 46 14 100 110 
134 102 44 58 185 33 136 
178 131 35 128 79 145 87 
170 21 26 75 194 7 52 
93 133 129 13 6 
57 18 88 54 153 
73 156 141 168 169 
66 171 86 112 200 
23 161 2 
60 5 175 
182 

