21 83 54 87 39 189 149 
113 133 19 11 97 169 29 162 109 
45 134 152 35 125 167 110 28 59 
23 173 160 51 9 165 158 
82 75 200 195 117 111 
164 65 197 112 68 96 52 92 198 
62 78 38 58 16 181 136 107 
41 27 80 154 184 2 90 67 17 183 
57 143 10 193 151 121 34 95 56 
12 182 163 43 1 142 138 63 
114 120 196 22 126 100 105 15 
101 171 115 47 76 64 179 74 123 
60 180 25 141 91 81 188 108 
144 44 135 166 71 199 37 157 49 53 
55 88 177 191 36 33 72 99 
103 48 26 31 6 139 187 137 
155 104 119 46 94 130 42 
178 20 148 86 70 69 174 
73 30 50 185 132 7 140 
93 161 168 61 122 77 
5 18 8 24 145 
131 118 186 194 14 89 
190 175 85 13 128 106 
170 116 147 146 153 79 
159 102 129 40 172 
3 150 124 98 
66 32 156 127 
192 176 4 
84 

