147 21 112 91 122 67 17 198 
190 131 44 192 157 98 181 138 111 
3 88 102 47 69 15 52 74 
113 60 180 193 36 71 96 130 137 183 
73 152 173 184 140 7 81 42 149 
101 83 19 68 194 79 29 87 123 59 
104 135 13 6 24 70 136 39 56 
159 161 191 128 14 89 105 109 63 
12 175 80 196 139 9 117 107 
66 78 185 8 127 132 72 49 
48 65 141 40 153 145 99 53 
118 150 163 94 162 110 189 
120 23 182 22 76 100 187 142 
5 10 115 172 200 77 95 158 
20 155 57 35 2 106 121 165 188 108 
93 103 124 11 61 64 179 92 
45 133 26 46 43 90 167 34 
164 170 31 154 199 37 1 28 
82 84 86 169 195 
55 27 156 146 51 174 
177 38 129 126 4 
30 62 50 58 186 16 
144 119 160 176 125 33 
178 85 41 75 97 
148 32 171 197 25 168 
116 114 18 54 151 
134 166 143 

