133 19 80 163 68 37 181 123 198 
170 41 85 25 47 79 81 99 
50 103 2 106 9 67 17 158 
118 82 66 91 69 100 187 109 
23 35 193 151 16 1 53 
190 3 184 194 140 157 117 
32 175 199 76 70 52 42 
93 88 112 24 51 110 162 74 
73 159 186 71 33 105 39 56 
57 55 58 8 185 139 130 63 111 
113 197 146 154 61 64 89 142 59 
62 20 147 124 36 4 34 188 108 149 
161 135 153 22 172 77 137 183 
178 45 192 102 13 122 136 107 
177 114 31 11 72 121 165 95 
148 171 65 125 90 195 28 
131 26 48 128 126 7 49 138 
164 10 75 132 179 92 
116 166 104 54 96 87 189 
18 180 143 127 98 15 
30 27 44 145 14 169 29 
120 101 119 97 6 174 
155 78 144 173 40 167 
5 83 150 196 168 
12 182 156 94 200 
134 21 160 43 
60 129 84 191 
38 176 46 
152 86 141 
115 

