60 146 176 76 29 137 
73 48 196 115 4 138 49 
159 18 97 163 81 162 74 
23 13 43 24 168 79 42 59 
32 180 191 199 96 105 149 
45 119 11 31 151 28 17 53 
190 129 160 124 200 145 195 109 
116 175 44 152 33 106 167 108 183 
20 62 182 75 68 172 1 
82 161 112 98 165 99 
41 84 86 2 100 52 
26 134 8 91 77 179 107 56 
101 57 193 46 185 132 187 95 158 
113 12 147 164 141 16 140 
171 135 166 71 122 67 
120 65 194 121 72 142 111 
133 5 94 153 130 188 198 
85 104 58 184 169 89 136 
30 21 80 47 7 181 63 
55 118 10 143 36 90 9 92 
19 3 88 22 61 64 15 39 
50 173 156 128 139 87 123 
144 38 54 127 126 37 157 117 
155 78 102 192 25 69 51 110 189 
177 114 186 35 125 34 
66 197 103 154 6 70 174 
131 148 40 14 
178 27 83 
93 170 150 

