101 135 82 84 71 98 1 109 
144 155 11 124 169 105 140 183 198 
62 147 185 127 61 162 49 
5 19 168 31 29 79 110 158 
120 54 18 8 153 138 81 53 
93 65 146 132 87 15 
66 159 115 2 39 92 
178 21 175 6 199 189 
41 164 196 112 91 72 
32 40 125 7 34 
57 83 58 22 97 14 89 
45 148 171 47 200 145 117 
133 113 193 128 43 51 174 
190 102 154 33 36 99 
30 152 173 191 106 17 108 188 56 
104 10 46 186 16 
161 177 143 37 151 136 59 
119 192 156 163 194 96 195 107 
131 88 25 126 121 181 
134 27 197 64 187 142 
3 75 184 4 9 137 74 
73 116 118 166 94 77 
170 38 80 130 165 
23 78 150 139 
60 44 68 35 67 157 28 
20 85 13 129 141 90 52 111 
48 26 50 69 122 172 179 123 42 149 
103 160 12 176 76 100 
55 114 182 24 70 167 95 63 
180 86 

