44 23 185 126 71 140 49 183 56 
20 197 148 86 69 139 179 59 111 
159 182 168 31 153 87 138 53 63 
134 178 27 24 2 106 34 108 39 198 
55 173 129 186 16 157 187 74 149 
113 10 18 184 127 181 72 95 158 
177 135 124 169 100 162 15 107 
48 12 143 200 9 1 42 
190 103 160 47 122 145 195 92 123 
155 73 116 164 91 90 4 81 99 
85 21 58 43 77 105 109 
83 3 88 6 110 130 142 
120 19 80 102 40 37 67 137 
45 119 192 152 194 79 29 136 
118 114 150 54 70 64 28 
82 30 154 191 167 165 17 
62 131 170 156 146 76 96 89 52 
60 112 163 151 98 189 
171 65 66 13 36 33 121 117 
101 93 144 175 35 199 188 
104 166 180 46 128 174 
41 50 32 172 25 61 
5 78 68 97 196 7 
161 8 115 94 51 
133 38 75 22 14 
57 147 193 176 125 
26 11 84 132 
141 

