131 155 78 156 153 172 138 188 63 
114 193 22 132 81 49 39 56 
66 133 26 192 128 117 95 108 
30 50 88 168 14 92 123 109 149 
45 171 84 106 37 1 17 158 
104 21 102 43 90 100 64 179 198 
23 148 141 24 33 121 28 59 
118 161 75 169 71 165 99 111 
116 147 8 186 70 187 142 
135 38 143 176 122 77 87 107 
73 103 197 80 25 91 139 162 53 183 
57 160 129 146 97 16 181 74 
178 113 40 154 61 89 145 195 15 
62 44 164 47 36 72 4 34 137 
20 48 134 112 163 194 79 96 52 
190 119 18 54 185 127 110 42 
82 86 124 115 51 130 189 
41 27 12 94 69 200 67 
5 10 65 6 76 167 
3 177 150 184 126 2 140 
180 173 13 125 9 
32 11 152 196 68 29 136 
101 120 19 35 199 151 105 
159 166 83 46 191 98 157 
55 93 60 31 174 
85 170 182 7 
144 175 58 

