178 197 124 115 168 72 188 107 
131 159 193 132 89 195 92 198 
161 144 83 125 43 90 64 179 74 149 
66 164 85 129 94 200 105 49 63 
133 26 192 8 106 165 1 17 53 
190 54 135 126 61 100 162 109 123 
48 44 177 35 9 140 187 138 137 183 
113 20 160 154 172 145 117 142 56 
23 65 86 69 122 174 136 189 
5 170 102 146 37 67 99 111 
101 118 57 186 185 130 181 108 
21 152 173 36 139 77 87 42 
45 103 171 25 14 169 29 52 59 
155 119 18 191 4 110 15 28 
93 104 10 128 7 81 39 
12 38 22 97 153 157 158 
73 116 41 175 47 91 70 95 
30 55 166 58 199 33 121 34 
134 182 75 40 112 194 79 
82 180 60 143 11 2 
147 156 50 163 96 167 
78 80 176 6 51 
120 19 196 150 151 127 98 
3 13 31 24 16 
32 148 141 68 76 
62 114 88 184 71 
27 84 46 

