118 160 164 31 172 77 64 28 123 
23 57 184 168 140 187 142 111 
144 83 84 54 185 71 130 15 63 
93 131 150 35 127 92 52 59 56 
30 135 10 46 128 106 121 67 17 109 149 
190 170 173 68 105 29 99 53 
73 161 192 40 110 72 95 183 
44 27 143 176 191 9 165 107 
103 116 13 154 25 145 195 42 74 198 
114 21 22 91 90 1 188 108 
62 66 86 112 37 137 138 158 
45 60 180 166 126 79 87 162 
55 102 141 194 14 96 179 39 
20 19 196 156 69 122 81 49 
155 148 32 129 24 100 167 189 
178 26 193 6 94 51 136 
101 88 3 33 200 34 
113 78 175 82 186 7 157 181 
85 133 182 153 97 169 117 
120 38 104 58 125 4 
159 18 119 11 43 139 
177 50 75 163 76 89 
12 197 65 36 70 
5 152 80 47 61 174 
134 8 146 132 16 
48 41 147 124 98 
171 199 151 2 
115 

