62 119 176 184 199 16 15 53 63 
155 148 146 31 76 174 136 109 
41 85 48 115 145 165 188 158 
134 54 185 8 61 67 28 107 
178 104 40 9 33 121 99 183 56 
30 159 114 196 25 2 81 138 59 149 
50 21 112 91 37 187 42 123 
82 60 83 126 14 169 89 87 39 
78 113 175 13 163 168 29 110 189 
120 26 173 66 24 139 105 52 111 
73 93 129 47 106 4 72 95 108 
55 102 156 75 181 140 117 49 
190 118 80 70 122 17 130 92 198 
177 3 166 58 186 98 157 142 137 
20 193 160 6 100 172 179 162 74 
32 65 35 191 7 1 
144 19 44 192 68 153 79 195 
23 164 147 141 200 90 34 
197 171 84 43 77 64 
161 88 143 69 96 
5 180 150 22 151 71 
133 182 152 154 11 167 
57 116 12 124 51 94 
103 38 46 36 
135 131 86 128 
170 101 97 127 
45 27 10 125 132 
18 194 

