48 55 54 146 2 9 28 
101 120 30 91 77 61 138 
113 44 152 185 125 4 34 
78 177 8 11 145 195 108 
60 47 86 70 200 95 53 56 
85 192 26 112 16 37 187 49 149 
131 182 104 184 169 87 39 107 
148 124 166 186 117 136 
66 73 118 35 68 96 110 158 
178 27 116 12 13 6 1 
190 5 193 180 128 36 29 
164 38 24 69 174 67 137 
170 159 18 43 106 72 142 
62 57 84 122 94 165 17 183 
20 197 156 22 7 81 123 198 
21 129 126 97 100 
135 58 31 25 71 105 
134 65 160 151 89 
45 119 50 194 33 167 
82 102 196 199 14 140 
155 171 32 191 98 181 188 
103 175 153 40 90 121 99 
133 173 154 46 139 130 52 111 
23 80 147 115 157 15 59 
3 88 75 127 64 92 74 
144 83 10 163 172 109 189 
93 114 176 143 76 162 179 42 63 
41 19 150 168 79 
161 141 51 
132 

