66 85 19 94 4 162 123 149 
78 116 26 71 126 37 137 95 108 
21 192 156 35 90 167 34 188 183 
135 175 176 98 100 117 198 
60 80 75 194 174 49 111 
148 182 199 127 145 92 42 63 
101 144 10 193 91 172 29 87 39 107 
32 197 65 86 115 69 200 110 53 56 
159 3 8 169 121 181 109 
133 5 152 196 14 105 138 74 
155 55 161 166 132 16 157 15 59 
134 44 40 184 33 165 67 17 
113 73 12 31 154 24 79 130 99 
93 119 104 112 106 179 158 
45 27 129 58 185 151 140 187 142 
118 88 18 22 61 77 136 189 
164 170 50 97 76 9 64 28 
30 82 191 84 6 122 52 
41 120 48 150 68 96 89 
62 131 124 160 43 2 195 
178 147 102 46 128 72 1 
190 114 146 163 81 
20 38 54 25 70 
171 83 13 153 
103 177 186 7 139 
57 180 143 47 11 
23 173 141 51 
168 125 
36 

