178 27 129 47 112 61 64 52 
41 48 40 80 71 37 1 49 
60 82 66 25 14 105 110 123 
20 171 147 11 122 106 121 165 188 108 
23 50 135 196 76 96 142 107 
144 103 156 151 140 157 138 63 
21 170 134 115 200 29 189 
177 175 128 199 87 162 183 
131 30 150 91 79 42 95 158 
113 148 173 154 24 2 117 99 149 
73 116 193 35 6 77 67 
120 86 65 191 174 136 
93 104 161 31 97 9 17 56 
55 3 192 194 172 90 179 59 198 
190 119 152 168 100 89 92 15 
118 32 163 16 130 74 111 
62 45 85 75 98 195 28 53 
5 114 22 36 33 4 72 137 
159 26 166 186 7 181 81 39 
164 10 83 143 167 34 187 109 
57 155 78 58 185 145 
12 160 124 69 68 139 
44 102 88 54 70 
133 19 182 13 132 
101 18 8 46 125 
197 84 176 169 
38 146 141 94 51 
180 126 184 127 
43 153 

