171 41 86 169 95 123 149 
82 104 112 79 145 34 39 
55 114 44 91 43 2 17 53 
116 80 182 22 127 98 188 
134 161 192 153 200 130 28 
57 10 88 184 151 29 52 
19 18 154 157 167 42 
20 32 193 176 125 9 1 
21 102 173 31 168 72 
131 65 35 37 7 165 
3 50 156 14 51 189 162 109 
144 119 147 47 25 76 100 74 59 
118 101 26 141 69 174 158 107 
133 160 150 16 132 105 
27 93 129 115 94 56 
178 177 54 8 126 195 
83 152 4 36 90 92 
62 124 6 13 89 96 111 
23 48 66 97 140 81 99 183 
148 175 78 163 194 110 142 
113 73 166 143 71 122 67 49 63 
30 12 164 46 128 77 87 108 
155 120 75 61 68 172 15 137 
45 85 170 146 11 139 181 
159 38 185 40 121 138 
103 180 58 70 64 136 
60 197 196 199 117 187 198 
190 5 84 191 33 106 179 
135 186 24 

