135 11 124 121 81 138 49 149 
155 30 192 196 185 127 67 74 53 
134 102 78 151 140 64 109 59 
21 60 46 29 77 110 198 63 
113 197 112 168 25 136 92 183 
190 5 58 54 71 130 108 107 
20 65 173 36 125 9 162 
44 73 91 43 6 122 
119 150 104 126 37 167 39 158 
19 23 175 14 96 181 117 
133 62 10 68 51 99 
101 177 163 16 7 72 188 
103 41 27 61 100 165 
171 88 191 4 34 28 111 
170 57 166 184 98 1 123 
148 178 154 31 128 90 17 137 
116 147 32 66 47 79 89 52 
120 45 180 24 200 189 42 
118 83 13 8 186 157 105 
93 82 80 97 76 195 87 
55 159 114 152 40 145 187 15 
48 26 12 86 70 139 179 95 56 
164 85 182 75 172 142 
131 193 141 153 174 
161 50 156 146 199 
3 18 38 35 33 106 
144 129 160 69 115 94 
143 84 22 169 
176 2 132 
194 

