131 134 32 132 72 188 53 149 
118 180 47 61 106 167 34 95 63 
62 21 104 54 185 9 99 162 183 
41 85 148 141 100 172 96 87 74 56 
73 60 166 46 70 64 15 59 198 
116 12 50 184 71 37 105 28 107 
120 135 13 176 76 179 109 42 123 
23 173 154 22 151 16 157 117 49 111 
48 129 163 97 195 145 130 39 
83 114 8 153 14 29 17 
171 26 40 31 25 139 67 137 
113 57 190 84 69 200 110 158 
55 80 168 199 7 140 187 
45 78 177 58 68 89 81 142 
133 20 197 91 24 121 181 108 
155 30 170 2 43 4 138 
3 44 143 191 122 189 136 
101 10 82 146 169 77 52 92 
178 93 88 186 126 33 165 
164 175 147 160 36 90 1 
103 66 11 6 128 98 
27 102 18 35 51 174 
144 161 38 150 127 79 
65 156 112 194 
159 19 182 75 94 
5 124 86 125 
119 193 196 
192 152 115 

