41 85 175 43 141 69 174 188 108 
164 135 18 194 34 49 53 
171 103 50 112 97 105 110 111 
161 101 83 84 4 7 137 28 
113 80 8 36 106 72 74 107 
66 32 160 86 94 17 165 39 63 
159 102 150 184 151 81 9 142 183 
57 152 54 76 130 195 123 59 149 
19 21 173 13 98 117 181 109 
114 177 104 58 185 127 1 189 198 
133 170 196 46 37 157 42 56 
148 192 156 31 2 179 99 158 
155 190 12 11 191 90 64 162 
45 178 73 147 68 168 29 87 52 
20 30 118 143 71 16 187 15 
197 182 75 61 169 67 95 
5 180 60 22 14 100 138 
93 55 144 146 186 89 92 
116 26 129 40 172 77 136 
134 10 193 24 70 
131 44 3 166 153 79 
23 38 115 51 167 
48 62 35 199 25 200 
120 27 82 91 6 139 
78 65 124 47 125 121 
119 154 176 128 33 
88 163 122 96 
126 132 140 
145 

