133 26 82 46 199 96 105 198 59 
148 197 164 115 200 91 117 53 56 
155 27 30 80 94 64 109 162 123 
83 73 151 126 167 67 17 111 
113 119 177 186 4 157 187 74 149 
178 135 18 176 169 89 130 42 
5 66 31 112 29 77 110 28 183 
45 147 191 185 132 140 138 39 107 
120 21 19 163 194 90 136 189 
57 101 173 153 6 72 165 188 108 
114 62 85 40 37 16 52 92 63 
20 116 44 196 172 61 100 99 158 
171 50 13 122 121 1 95 
131 170 134 156 75 97 9 81 49 
78 190 84 22 79 195 179 
48 38 150 184 35 76 15 87 
144 180 118 146 68 98 181 137 
41 32 65 124 69 2 34 142 
93 86 141 36 106 
159 3 88 8 54 139 
23 182 166 11 70 174 
55 104 58 193 128 125 
60 10 129 154 25 145 
161 143 160 43 71 
103 12 175 24 168 14 
152 192 102 33 
47 127 7 
51 

