21 156 69 141 169 1 28 198 
32 40 22 100 90 39 99 53 
113 19 160 43 98 117 181 142 111 
159 161 104 54 186 151 29 52 92 59 
48 114 150 112 68 77 64 162 107 
5 166 176 194 14 105 179 123 
103 80 31 146 61 2 130 74 
155 57 193 46 11 91 139 137 
116 147 85 199 36 4 72 188 
93 41 115 7 67 49 183 
45 178 60 84 126 16 110 158 
30 171 154 122 172 157 108 
62 119 27 94 70 89 87 63 
101 175 66 163 145 195 81 138 
82 65 86 9 96 95 149 
120 50 75 184 71 33 121 109 
55 18 58 143 191 125 17 15 56 
190 8 97 25 200 174 136 189 
118 180 173 153 168 79 42 
23 170 26 152 196 76 37 187 
20 164 197 185 132 165 
133 134 192 102 128 106 167 34 
177 88 35 13 6 51 
144 83 10 47 127 140 
131 148 12 129 24 
73 3 135 
78 44 182 
38 124 

