148 15 
116 147 83 146 79 189 136 63 
3 18 86 70 72 165 108 158 
60 135 8 132 167 17 142 107 
118 119 82 84 125 33 1 49 183 
134 50 175 76 122 64 52 53 
32 129 78 25 168 145 195 123 
144 166 40 194 91 162 138 56 
30 26 48 47 24 169 96 39 74 
178 80 173 112 90 29 188 
103 62 19 154 14 16 140 111 
55 44 192 46 128 81 117 
73 120 22 150 185 121 187 
23 57 11 127 130 28 
20 5 143 184 7 9 67 99 
45 85 197 115 36 106 179 
159 170 13 97 61 34 95 
101 114 102 58 199 37 87 109 
171 180 193 68 157 181 137 
190 54 104 69 77 105 42 59 
155 113 65 43 4 110 92 198 149 
133 27 10 176 191 139 
161 38 196 31 172 100 
21 152 156 75 6 174 
164 66 160 124 141 200 94 
41 131 12 126 2 89 
93 182 163 153 71 
88 177 186 35 51 
151 98 

