155 133 182 184 37 67 39 188 183 
62 30 102 173 126 71 136 123 198 
113 65 86 141 61 34 187 111 
144 78 27 124 128 90 142 107 
82 55 192 196 4 167 74 
20 171 80 31 172 122 174 162 59 
103 146 40 185 181 99 17 109 149 
190 44 176 168 9 138 63 
3 101 13 191 2 130 189 
148 66 58 16 76 105 137 53 56 
116 170 54 195 79 87 92 
120 129 12 153 98 140 95 108 
73 166 175 47 89 145 52 28 
161 18 10 143 36 100 110 15 
19 41 26 112 97 139 1 49 
164 147 197 32 115 200 157 42 
57 119 83 8 132 7 81 117 
131 135 88 151 14 96 77 179 158 
21 150 156 127 121 165 
45 93 180 35 169 29 
159 134 50 154 24 64 
5 38 152 68 106 72 
178 114 177 186 199 
48 85 75 163 25 
23 160 46 6 70 
104 118 193 11 69 
60 84 43 91 51 
22 33 125 
94 194 

