317 223 347 172 369 302 250 243 264 209 62 187 58 6 246 162 291 269 115 14 67 23 167 345 265 21 85 133 40 338 177 78 371 350 13 
292 270 301 71 300 8 252 329 234 322 90 315 336 204 81 125 84 385 354 39 16 349 154 49 333 19 180 341 43 4 93 202 380 286 44 163 111 183 
352 42 398 124 76 229 131 289 272 185 308 102 207 28 200 312 152 129 147 161 356 139 37 249 276 253 166 324 179 348 126 73 181 
69 248 236 156 140 122 313 74 87 95 395 326 214 225 275 284 388 227 7 257 290 
20 96 296 358 113 117 359 94 53 320 328 330 70 29 75 268 306 110 218 10 190 226 327 198 206 104 344 196 168 33 
342 271 30 57 331 82 159 399 309 343 318 15 280 137 254 169 297 368 26 278 173 304 86 281 262 374 41 25 160 158 239 120 221 182 107 232 383 24 118 35 145 141 80 34 121 101 400 106 263 
83 60 337 396 153 389 367 295 17 195 142 45 386 279 46 157 100 325 2 273 261 176 220 351 203 241 303 72 307 294 212 373 194 379 171 377 233 52 332 32 346 
123 99 143 50 256 216 362 339 144 54 267 397 97 36 61 88 242 91 3 128 197 376 394 247 238 387 361 174 311 219 193 47 240 393 372 384 381 132 258 199 164 293 89 391 
63 375 18 310 1 48 112 378 288 357 370 215 208 287 259 260 365 188 66 228 64 251 283 316 114 266 211 79 237 175 191 360 155 127 27 178 109 205 230 224 186 334 116 136 38 134 189 222 210 149 245 135 170 
130 108 323 298 277 146 65 5 31 103 184 12 282 51 392 390 151 98 314 364 335 363 192 150 255 56 105 353 319 274 201 305 138 
321 68 285 355 366 299 55 92 231 9 
217 148 22 59 340 11 165 213 
244 77 
382 119 
235 

