342 69 243 76 130 252 300 389 329 2 288 125 7 322 6 325 356 17 70 357 139 94 150 225 10 133 311 257 
317 83 382 63 316 86 65 367 208 336 162 264 190 384 267 266 12 246 14 100 319 221 152 203 187 360 212 330 269 265 233 40 261 47 240 186 274 176 136 174 381 93 154 263 4 338 170 163 89 220 226 
296 271 375 81 299 117 90 376 295 297 137 165 72 232 260 58 107 334 238 197 88 64 145 386 388 23 29 104 110 193 118 33 307 192 230 200 147 157 344 324 38 268 380 348 78 85 245 135 327 56 166 80 44 149 132 305 101 181 111 304 
71 337 60 68 51 248 298 128 215 216 9 45 320 8 339 228 66 278 306 361 194 365 399 49 392 326 178 19 242 75 345 103 184 134 341 91 385 258 393 160 52 177 227 196 171 206 222 335 37 371 332 391 73 
302 140 96 148 99 143 108 310 292 131 185 175 378 25 209 61 31 41 318 26 315 251 28 368 390 273 394 98 262 224 168 255 180 363 105 79 254 214 188 364 372 314 24 294 350 141 179 32 210 164 286 183 
30 236 169 270 323 289 122 11 5 347 362 27 102 172 18 53 281 57 331 282 39 97 275 387 239 67 219 374 383 353 43 343 173 198 276 191 46 34 201 189 377 253 346 
153 285 277 235 55 15 366 370 272 146 62 223 204 87 231 287 234 313 54 349 142 84 312 16 115 333 3 284 151 237 35 359 303 109 167 328 161 126 106 290 241 293 373 138 
42 156 259 92 74 280 397 112 144 195 95 395 279 116 155 207 158 247 211 283 354 114 291 127 182 205 21 218 379 202 400 121 120 199 129 249 13 
321 119 256 77 1 48 355 369 309 229 340 308 159 36 351 
20 244 396 301 59 50 250 213 
217 22 358 113 123 
352 124 398 82 

