352 61 156 130 131 362 81 325 287 153 269 314 265 365 41 147 19 225 239 262 393 257 78 276 138 
30 68 355 243 208 280 347 370 339 246 53 178 125 80 33 286 305 
296 256 77 55 22 195 277 216 90 137 228 335 159 167 364 349 258 360 383 75 303 372 21 14 133 93 202 149 227 210 344 
317 69 172 92 271 11 397 299 313 204 326 169 359 102 322 54 356 319 146 100 268 107 139 190 168 192 373 98 240 371 
244 48 42 62 223 329 272 376 295 49 231 302 306 278 251 28 197 390 273 193 255 89 173 307 132 111 
321 236 65 398 389 117 43 367 213 279 312 211 151 64 233 254 52 
229 140 285 248 289 215 50 136 95 8 357 86 70 281 115 203 247 354 186 110 222 5 348 37 44 
375 337 60 270 157 350 308 384 36 221 206 388 267 105 346 
123 342 366 369 96 144 207 381 392 315 88 385 212 311 194 7 333 79 241 118 163 121 380 32 56 304 199 332 391 
217 252 113 358 310 71 396 340 114 331 142 84 175 17 399 128 97 25 155 16 150 6 316 158 24 387 85 10 187 38 47 379 154 293 253 226 13 
119 9 1 15 76 165 122 318 234 336 87 250 205 297 67 152 218 291 134 214 171 201 179 
20 309 235 298 74 378 288 103 266 264 66 2 292 145 283 363 341 230 72 181 
83 382 99 143 185 18 301 361 180 57 162 45 328 343 127 94 282 238 334 338 91 330 224 46 40 242 345 261 176 160 351 220 161 27 104 164 109 29 294 386 129 116 166 198 377 174 290 196 34 126 249 189 120 183 135 73 
148 259 323 108 59 82 300 112 26 209 141 320 63 395 39 31 51 260 58 275 12 394 368 284 219 200 23 184 237 353 374 177 400 35 182 4 101 3 327 188 274 263 191 245 170 106 232 324 
124 

