119 235 248 77 1 190 378 272 17 102 8 9 204 81 6 368 53 200 312 100 146 25 333 364 374 388 94 184 203 136 218 49 28 341 380 121 201 274 135 111 240 
233 30 258 20 55 309 352 48 260 153 336 281 58 61 54 279 211 142 36 39 354 107 238 197 199 356 27 3 141 265 319 224 254 168 237 205 188 35 126 400 173 304 189 47 177 176 316 93 145 386 206 164 106 249 80 346 
342 42 355 125 87 234 26 165 71 131 267 231 308 172 394 154 41 16 295 208 239 51 351 399 193 187 334 219 372 118 363 377 327 196 44 73 170 181 
143 83 60 396 175 18 299 242 301 137 207 66 185 169 395 63 195 86 7 269 313 335 162 214 331 303 266 104 31 311 387 221 167 163 40 37 220 166 14 276 191 353 134 263 147 286 4 385 85 338 230 
130 289 277 209 298 370 96 229 243 329 339 43 84 349 297 246 306 283 393 23 160 225 75 178 158 109 98 222 133 56 78 79 161 132 198 149 171 32 89 210 
123 236 140 124 148 252 108 291 74 322 302 90 95 264 88 325 365 151 376 390 273 67 5 139 227 212 202 350 186 360 13 324 34 293 290 52 391 332 138 179 
317 68 359 271 270 323 113 122 57 114 389 11 250 45 62 259 392 180 12 262 103 282 129 344 345 2 247 330 343 182 194 357 268 97 21 127 150 241 384 307 24 294 328 110 33 192 253 46 38 72 348 373 305 116 232 101 183 
321 76 382 156 398 92 280 228 65 367 361 112 326 397 318 275 70 159 215 315 371 115 152 128 314 29 19 278 105 155 174 383 10 91 255 157 257 381 261 379 226 245 120 
296 217 99 144 292 223 288 287 320 251 64 284 
22 244 15 366 369 216 362 340 213 
69 50 375 59 82 300 117 
256 358 310 
285 347 
337 

