2 14 112 31 85 100 28 19 145 111 
148 200 69 51 115 86 72 83 108 166 
155 179 172 41 24 164 165 57 84 128 175 
93 37 104 8 186 121 191 60 119 71 53 
32 65 94 103 6 139 66 116 178 30 138 
22 181 58 192 147 78 34 158 190 118 
64 80 187 135 151 16 1 126 183 120 
91 180 176 107 12 33 95 10 106 46 
113 5 160 153 105 74 171 124 141 197 
98 143 43 79 136 189 174 109 
45 23 182 184 4 49 123 156 133 
17 146 76 195 61 168 99 101 144 27 
20 40 50 163 75 96 130 97 44 38 161 
42 48 102 35 132 110 90 198 170 
77 13 129 11 125 9 188 82 193 167 
196 15 59 63 54 157 127 114 21 89 152 
62 154 47 73 25 39 67 142 140 199 
88 3 81 149 122 70 173 169 134 87 
131 159 150 68 26 29 92 52 137 185 
177 36 7 18 117 162 55 56 
194 

