145 50 75 25 79 44 178 77 116 
113 5 10 46 193 188 101 183 175 124 141 
131 197 129 43 94 95 158 83 109 
152 73 59 194 18 114 142 157 3 
41 133 137 184 161 14 162 76 68 15 
173 85 143 66 122 110 12 64 27 67 
138 159 58 35 127 7 185 81 53 144 17 
93 55 88 104 111 22 38 89 105 82 
39 107 130 156 20 40 163 96 123 134 149 
140 182 170 24 80 112 52 29 42 169 
13 69 179 132 16 1 99 126 166 155 
62 97 71 33 34 128 165 72 139 154 
45 172 115 164 106 191 57 37 135 30 
32 47 48 6 100 74 120 19 2 
23 160 151 98 176 198 196 
86 174 31 153 195 168 87 92 21 146 
70 91 103 200 147 118 199 63 192 28 
26 102 54 125 36 121 60 167 90 11 
177 186 181 119 4 108 190 78 49 117 
148 189 84 9 136 171 51 65 
150 187 8 61 56 
180 

