45 149 68 30 19 105 169 134 80 124 200 
62 159 4 61 100 179 77 172 103 12 
196 107 143 176 118 128 106 155 74 44 131 
190 191 180 2 125 108 34 95 83 166 67 
177 59 31 24 48 195 52 123 198 156 
37 50 42 40 16 38 63 187 88 73 
126 120 192 22 151 121 99 144 36 33 
181 70 43 79 136 174 94 86 
3 160 25 130 97 29 87 163 75 
113 78 175 57 13 167 10 60 7 117 81 
148 193 137 55 76 146 145 109 64 
32 141 171 153 170 110 162 27 11 147 
21 23 8 186 139 152 89 49 
140 182 6 122 164 189 53 18 
112 58 35 199 9 101 119 158 185 
133 154 129 184 157 1 135 92 168 
127 71 111 14 69 115 66 20 41 
161 150 102 39 51 142 138 54 
15 104 183 114 98 82 84 46 90 
173 26 28 96 132 72 165 188 17 116 
93 47 91 194 65 197 85 56 
5 178 

