114 159 58 24 68 102 99 71 67 107 
93 74 170 43 2 155 17 146 57 83 
62 12 119 7 181 117 1 166 53 137 135 
45 131 129 31 97 100 64 178 30 28 154 
51 86 115 174 70 139 176 118 78 105 
147 50 156 145 77 200 66 20 173 109 
101 81 13 25 122 47 142 111 18 
89 26 175 82 125 121 36 95 34 190 193 
187 150 133 80 69 124 164 65 189 91 
113 5 60 157 186 165 33 46 4 84 
87 168 96 183 132 9 39 149 138 37 
10 171 151 16 140 3 158 191 
29 23 195 21 48 79 112 52 92 163 40 
148 180 194 188 123 198 152 
179 27 130 192 196 153 169 41 172 44 120 
14 103 94 141 197 73 11 167 108 128 
76 75 182 85 19 15 136 116 199 
32 72 184 63 110 59 42 134 
177 160 90 55 161 104 54 98 88 
22 144 8 61 38 127 185 49 126 
35 106 162 56 
143 6 

