155 12 94 43 122 139 11 95 158 190 34 
141 65 60 98 114 21 123 42 27 
173 41 50 38 151 16 140 22 142 187 28 
109 64 133 89 97 74 146 1 99 53 101 48 
113 91 164 66 10 176 104 161 54 18 199 
32 124 129 200 172 100 154 162 20 77 178 
168 143 24 121 14 105 198 29 
15 179 58 57 51 136 189 174 116 
107 175 2 167 106 17 188 33 36 118 166 13 
93 186 157 150 111 63 135 37 81 138 183 102 
70 180 72 6 170 134 156 87 112 
147 86 103 153 61 110 85 80 145 26 
120 159 31 196 79 195 52 163 75 149 
40 23 182 59 96 130 19 68 44 88 127 
62 55 92 25 9 165 83 108 193 128 
39 30 8 125 78 76 47 197 
67 90 126 137 192 169 131 7 181 185 117 
115 171 46 132 49 71 4 191 84 
45 69 160 82 119 144 3 56 
177 35 73 152 
148 194 
5 184 

