113 71 101 35 151 53 161 199 138 131 44 
3 4 153 168 150 123 195 120 
103 141 68 24 97 1 188 158 190 46 
45 27 86 65 69 200 80 85 29 169 
63 163 134 77 9 144 126 10 106 155 
116 94 197 125 196 52 75 112 133 
172 42 145 31 25 28 96 14 48 12 66 
127 160 17 19 136 171 147 11 
98 51 16 140 7 198 90 
39 84 157 55 186 137 152 156 139 
119 74 58 88 114 165 33 72 82 191 
108 60 8 38 100 110 154 64 109 13 
15 23 111 37 47 36 2 175 178 
159 129 76 79 26 41 20 91 
107 59 50 6 122 73 174 189 167 
62 180 143 43 193 128 179 115 124 
93 78 40 89 194 173 162 164 102 146 
166 49 117 104 184 135 54 18 185 56 
149 70 176 34 83 30 99 22 67 
32 87 170 61 121 57 181 130 
21 182 105 187 81 183 95 118 192 
177 92 132 142 
5 
148 

