96 27 85 21 114 18 55 130 198 
93 186 135 131 122 1 190 173 47 
116 66 164 31 6 139 12 136 189 86 115 
45 14 29 78 57 70 95 34 39 
102 19 74 127 3 38 48 112 59 97 120 
64 180 191 84 60 193 118 99 53 119 
62 179 155 147 11 94 200 42 168 75 
15 51 92 109 140 142 157 117 
178 30 133 105 89 100 20 91 107 175 17 
90 28 196 2 43 146 110 41 69 44 
5 183 138 125 33 165 188 158 108 128 
73 80 160 24 16 150 192 123 144 
83 46 171 174 124 156 26 40 134 145 
101 50 87 25 79 68 162 172 77 152 
148 143 166 71 185 7 181 54 98 199 
113 13 176 184 61 154 126 137 81 111 
32 10 161 132 104 67 167 106 4 
76 159 22 170 194 163 52 195 169 56 
103 58 153 141 65 197 149 37 
49 63 187 151 88 82 36 72 
23 182 35 121 
177 129 9 
8 

