14 117 63 184 75 92 169 48 192 19 
178 87 29 195 154 76 59 97 30 199 
93 187 118 191 82 110 179 36 39 
68 74 27 152 134 156 70 17 18 38 
44 71 58 35 166 33 34 95 101 22 
77 172 129 31 189 147 136 171 197 103 
149 88 112 4 162 91 37 
80 119 54 28 83 165 108 167 53 
148 94 115 153 163 186 142 81 56 
73 69 181 61 1 13 198 26 
84 176 11 151 16 183 135 161 104 7 
32 174 47 25 141 124 168 123 145 40 
21 23 157 194 64 200 116 109 155 
45 170 114 120 79 86 158 67 107 
60 193 143 3 20 78 127 140 
146 164 160 85 190 121 10 66 51 
128 72 144 6 139 90 106 188 57 137 
62 49 175 43 41 100 52 89 15 173 
113 2 65 24 122 42 105 130 96 196 
138 159 98 125 12 99 126 55 131 
102 133 182 150 132 46 185 111 
5 180 9 
177 8 
50 

