62 134 182 152 74 96 98 142 198 59 
140 159 187 120 15 195 19 131 179 78 175 
45 161 144 101 61 30 102 44 139 36 
69 173 178 184 190 70 158 34 67 
93 137 38 3 185 100 109 27 149 77 
87 163 169 43 122 52 89 123 170 40 
171 143 130 121 165 95 167 106 17 
117 54 13 150 18 162 172 85 47 
107 11 90 181 7 60 191 176 33 108 118 
113 154 64 35 135 53 9 166 126 71 81 199 
146 133 50 21 80 168 99 119 55 37 
155 2 48 42 28 68 183 104 63 111 114 
39 84 180 25 189 103 115 116 12 20 
5 129 76 49 192 97 14 26 75 
148 91 160 66 94 73 41 112 29 92 
141 124 51 174 6 164 1 138 157 196 
177 88 186 153 105 145 156 200 86 
10 188 193 46 128 125 136 65 197 147 
23 127 151 22 110 57 83 72 
82 58 24 16 4 56 
32 8 132 
31 79 
194 

