188 5 146 153 61 141 136 189 124 
199 119 58 7 176 101 144 53 135 63 
177 97 68 43 122 20 162 173 140 
113 126 19 77 79 195 152 44 3 
117 60 82 191 106 46 190 161 181 127 
26 109 160 88 9 1 157 75 
148 103 171 47 51 94 65 64 137 166 
192 74 73 2 125 81 130 67 
59 29 69 178 22 78 123 11 
167 72 57 33 186 196 179 86 147 
115 194 165 169 56 
200 18 151 16 110 71 
45 138 24 121 99 
12 164 139 175 155 14 38 150 185 183 
62 23 96 76 187 98 4 116 197 
163 128 6 174 10 118 107 154 
93 120 49 102 30 172 87 134 89 
32 114 184 132 36 54 83 17 
41 180 193 39 92 111 37 34 
129 25 100 112 168 
156 40 131 35 104 90 142 198 
55 8 95 
27 182 145 85 170 52 158 108 13 
159 143 133 84 
28 15 66 
105 21 50 31 42 48 149 80 70 91 

