82 86 194 1 99 166 38 22 
172 96 58 181 53 121 190 60 72 84 
148 195 163 51 110 171 164 74 
91 77 192 109 146 114 196 123 42 169 
49 188 4 117 186 52 145 168 105 
68 28 19 63 88 187 54 18 155 67 2 
93 102 173 193 147 20 162 116 47 107 
177 15 26 24 16 3 142 150 133 
78 5 70 132 9 175 118 191 128 
124 27 35 125 185 37 81 71 17 
13 180 143 97 59 29 69 141 174 
55 159 7 79 94 56 
45 138 25 100 
83 98 167 10 179 178 149 134 
161 31 
112 115 126 
160 39 199 
76 184 57 89 80 
44 87 182 156 200 139 46 101 131 
32 73 129 153 90 34 95 106 135 
11 197 189 43 61 85 136 198 30 
113 65 111 33 152 40 170 
62 137 8 122 75 
183 157 127 144 176 12 41 154 64 120 
14 23 21 6 103 92 130 48 119 
66 50 140 151 36 165 108 158 104 

