85 29 156 134 21 75 92 196 192 144 183 
47 86 174 194 80 52 163 145 199 
32 200 19 94 137 142 111 13 
66 105 31 43 121 165 106 46 36 33 
93 181 55 161 125 110 133 26 198 155 
148 41 48 89 16 150 97 28 74 120 149 
45 130 154 91 6 122 167 83 57 90 139 
27 11 118 193 108 10 1 128 158 126 
177 157 58 117 132 7 49 104 18 54 116 
77 164 171 24 102 17 162 123 146 131 
195 40 14 63 151 9 166 95 34 30 
185 129 42 69 115 136 103 78 67 
179 44 170 87 96 59 169 168 112 15 178 
113 175 2 39 107 188 191 84 82 4 72 60 
101 5 76 71 138 81 99 119 53 135 
37 159 88 152 61 100 173 64 172 38 
62 180 25 79 20 68 109 73 12 
114 50 65 147 70 197 141 124 51 
23 182 35 22 187 98 140 3 56 
176 186 184 127 190 189 
143 153 
8 
160 

