167 87 31 25 197 47 20 64 179 74 
177 21 43 61 27 173 178 97 196 192 
139 176 89 194 9 119 55 104 186 
62 12 160 11 6 122 116 155 175 17 90 44 
68 135 145 39 100 136 51 65 164 
101 5 46 191 82 118 78 76 30 19 38 
45 149 143 147 73 88 142 111 144 
150 180 188 125 181 99 107 105 59 
7 115 174 94 85 195 96 198 131 
32 129 184 16 114 146 15 112 29 
93 49 117 35 161 185 54 127 3 98 26 
41 172 141 77 13 2 1 53 71 126 14 
109 169 50 168 92 63 199 95 10 106 34 
183 189 153 66 52 123 170 134 
113 69 124 103 67 91 200 80 75 102 
148 58 22 70 165 108 33 36 83 
72 156 42 28 121 193 60 4 37 
40 130 120 152 48 154 133 138 140 187 157 
163 23 8 132 81 137 166 158 128 57 
190 182 24 86 110 162 84 
159 18 151 171 56 
79 

