119 191 185 101 112 67 18 80 
113 87 165 3 81 9 125 75 69 186 138 156 22 55 96 92 129 140 155 59 1 51 72 56 
41 116 47 120 172 37 49 175 39 
131 62 179 137 117 162 158 144 111 
23 77 152 139 88 29 147 160 42 115 
61 143 31 71 48 167 184 60 78 45 124 7 187 173 5 57 86 183 99 
34 4 100 190 36 199 65 118 19 43 103 15 195 132 178 200 122 107 168 82 106 2 110 182 54 
38 95 197 194 114 21 6 40 27 32 44 146 68 136 141 64 142 66 176 123 130 198 93 98 12 104 28 108 76 188 97 52 
164 171 8 26 157 161 91 126 79 133 17 16 89 174 154 53 
151 150 90 84 166 58 70 25 109 30 20 189 121 46 85 163 
74 192 33 35 177 94 149 134 63 135 170 83 14 73 181 196 102 145 128 13 193 159 127 24 50 11 10 105 180 153 169 148 
