41 116 47 65 19 129 103 29 147 160 42 92 80 
74 192 36 33 94 149 134 190 158 144 111 
78 124 58 173 5 57 86 99 
164 171 181 8 26 161 91 126 133 73 14 176 123 130 198 79 17 16 89 174 70 148 53 
23 77 152 139 88 31 184 145 102 196 186 69 96 
18 67 75 60 167 146 159 156 22 55 168 
199 72 120 172 9 37 155 140 56 
34 100 177 35 162 81 49 175 51 1 59 39 
38 95 128 194 32 40 27 44 178 101 185 125 28 108 76 110 12 109 83 105 10 46 85 180 25 
115 61 143 119 71 48 197 193 6 21 45 151 150 90 50 141 64 142 66 166 157 84 11 93 98 121 189 20 30 182 188 97 52 
113 87 4 63 135 170 165 3 82 106 104 2 54 
131 62 179 117 137 118 43 15 195 132 191 200 68 13 122 107 138 7 187 136 24 114 127 112 183 154 169 153 163 
