107 167 40 110 29 59 148 145 162 61 25 191 43 19 20 190 54 194 80 147 186 154 7 51 111 68 
119 115 63 200 35 99 3 188 33 73 169 22 151 127 49 161 120 87 95 152 129 176 66 114 
196 10 86 153 166 140 18 192 16 90 177 150 155 179 122 69 123 180 121 109 168 58 21 
178 137 183 8 78 30 76 175 13 131 199 92 96 146 117 112 156 165 14 1 149 
132 94 70 41 184 173 93 189 60 5 47 72 9 160 100 55 135 4 197 158 159 83 52 157 34 
136 142 38 65 28 187 45 182 134 102 77 103 50 27 37 75 172 195 170 124 85 163 106 23 11 36 105 
174 104 67 171 116 98 12 64 84 126 133 139 71 193 101 181 88 17 125 44 
144 42 6 118 15 143 108 138 113 32 62 141 24 82 130 81 74 91 79 
198 164 39 26 2 46 57 48 89 53 56 185 31 
128 97 

