65 51 
196 142 41 183 188 6 48 131 162 5 56 31 81 190 130 125 44 170 66 
200 182 138 35 178 140 187 90 77 53 122 193 185 124 147 109 176 23 
115 128 133 3 71 146 97 180 123 112 1 
145 13 177 72 73 121 161 111 
63 164 166 30 18 169 20 32 120 165 14 106 
93 43 199 155 91 
136 107 10 184 78 8 192 26 25 92 141 103 82 37 87 163 83 
34 152 
126 148 175 50 113 54 85 149 52 
105 
144 40 102 28 64 116 45 22 74 100 69 158 17 4 159 68 
186 150 36 75 
67 76 139 195 
57 9 95 
167 153 7 181 
11 
110 135 114 129 
119 38 118 174 108 29 47 61 12 89 127 117 21 79 154 
16 96 101 
171 59 39 98 189 191 151 27 172 49 194 156 157 
104 197 
132 173 86 198 15 143 60 
42 99 94 70 2 46 137 84 33 134 179 62 19 24 55 88 160 80 168 58 

