188 38 67 119 93 45 113 184 199 8 43 193 74 100 87 160 112 120 17 79 23 83 159 36 
28 107 115 102 171 78 30 140 13 10 27 179 139 81 50 80 147 49 82 7 154 195 111 95 68 
178 142 198 99 86 126 143 145 175 47 3 151 133 71 5 20 146 172 75 170 117 51 163 135 176 114 165 52 
136 196 63 39 94 137 64 33 25 116 131 73 72 92 122 53 194 161 55 1 21 11 4 149 157 
104 40 174 166 35 2 46 22 192 177 12 89 158 123 37 197 85 88 129 152 34 66 14 
200 110 41 182 15 183 57 77 32 96 134 56 31 185 180 121 124 109 156 44 106 105 
144 42 164 162 132 18 60 108 128 191 103 141 62 9 19 54 181 168 101 91 58 
173 148 6 76 70 187 138 29 189 48 90 84 127 69 186 190 130 125 
59 153 98 118 65 26 169 155 150 61 16 24 
167 97 

