67 104 198 70 171 178 166 8 140 131 162 47 73 103 71 24 146 5 101 197 117 149 82 7 129 111 176 
144 136 142 110 28 59 118 78 13 182 108 22 92 72 49 186 194 190 168 54 161 44 170 83 11 23 105 
167 40 63 107 10 113 15 128 138 177 155 30 62 179 69 75 172 87 81 88 1 114 4 95 52 
173 94 39 164 65 132 137 98 46 189 145 151 27 37 74 91 55 85 17 21 163 51 66 36 
196 64 115 183 41 38 148 175 60 169 193 139 127 141 180 147 79 109 120 68 157 34 
188 119 102 153 77 76 174 12 16 3 43 199 25 90 80 158 112 100 130 165 156 195 106 159 14 
200 184 6 126 116 2 29 48 84 133 191 134 9 97 31 124 123 121 160 125 58 135 
42 93 86 187 143 99 57 150 53 192 185 50 61 122 181 154 152 
35 33 45 26 18 20 96 32 89 19 
56 

