107 148 67 138 162 78 177 18 13 193 151 62 179 172 181 130 91 161 51 135 170 159 52 
188 136 119 70 187 86 118 93 35 76 16 155 73 146 71 158 49 55 17 54 4 111 152 34 66 114 
167 200 183 140 94 173 143 25 128 90 15 61 133 74 89 9 124 87 123 82 117 168 176 129 95 36 
104 164 137 41 126 30 57 150 22 43 56 139 96 19 194 121 120 109 58 68 14 
42 40 59 77 174 113 64 50 134 20 32 72 100 37 81 106 
10 198 39 38 8 178 116 45 131 169 27 191 199 180 122 190 101 195 197 
102 29 182 2 99 46 175 189 47 141 127 125 1 154 
144 184 153 28 65 26 145 3 53 48 186 97 31 103 5 85 165 88 75 149 157 
196 132 166 69 112 44 83 7 
171 63 142 110 6 98 115 192 108 33 60 84 12 92 24 185 160 147 163 80 156 79 23 21 11 105 

