196 42 76 200 178 93 131 175 16 96 187 89 163 97 69 181 123 92 117 154 34 
136 144 67 94 107 6 115 57 26 133 113 30 25 146 62 24 87 82 112 101 106 14 36 95 149 105 
174 29 184 98 46 118 86 143 177 169 27 139 31 54 195 190 120 176 68 66 51 11 23 
167 171 99 8 182 116 188 65 150 189 12 151 71 19 80 49 7 55 165 135 1 4 159 129 
173 38 59 153 70 77 102 18 13 145 134 192 185 130 103 121 88 17 156 58 75 21 52 
64 40 164 35 119 78 162 45 33 50 90 47 72 161 186 180 37 74 81 91 79 170 83 157 
28 63 142 132 41 110 126 148 108 73 32 53 84 43 179 9 122 141 5 147 168 197 44 114 
10 39 183 140 2 138 22 15 3 155 61 194 127 193 158 124 172 85 109 152 111 
104 198 137 166 199 60 48 128 56 191 20 100 160 125 

