173 196 94 166 93 10 18 26 22 189 53 139 127 103 100 170 168 54 80 51 159 176 
171 42 115 28 140 145 175 15 73 126 141 186 160 185 55 81 85 88 58 52 
136 64 178 134 143 47 43 72 194 89 56 172 91 156 79 154 
63 119 164 41 59 65 137 8 76 16 62 122 179 97 31 74 130 120 152 
132 107 153 99 2 199 57 33 113 133 151 87 158 165 149 11 129 157 
40 118 98 128 13 50 191 96 
45 150 
188 104 200 162 183 77 86 29 184 61 169 155 146 24 161 117 5 112 125 44 111 23 
167 198 67 182 138 6 192 131 177 3 84 180 27 181 101 7 135 109 197 163 75 36 114 
144 142 39 70 148 116 102 12 60 32 193 71 90 190 19 82 123 124 17 14 106 195 83 95 68 
174 38 110 35 46 78 48 25 187 30 108 92 20 9 69 37 121 49 147 1 66 21 4 105 34 

