188 167 119 41 35 46 162 18 150 90 96 191 194 120 74 125 14 149 66 165 114 
200 142 164 28 184 2 48 138 155 179 43 181 172 85 117 101 159 157 
187 
71 49 82 195 168 
146 50 
107 70 76 73 197 51 1 
174 136 99 64 94 102 45 8 19 103 121 44 23 
110 39 93 12 10 128 9 141 147 152 52 
132 60 15 116 151 130 100 135 83 
113 98 89 37 
42 77 59 134 199 133 16 27 127 24 
63 26 30 143 57 92 81 185 160 4 
56 154 58 170 
104 140 183 131 189 193 180 139 97 124 75 7 111 106 
13 62 
40 198 153 161 
171 38 78 6 177 47 33 186 20 25 190 163 17 21 176 109 68 
196 86 148 182 3 126 29 84 169 108 175 192 87 54 158 80 11 95 34 
32 122 53 112 
166 55 
144 173 67 178 65 118 115 137 22 72 145 5 61 31 69 123 91 156 79 105 88 129 36 

