174 142 10 59 118 2 199 128 84 169 187 151 62 20 158 124 117 55 125 58 7 4 23 14 
188 144 115 198 86 76 45 33 50 73 25 89 139 24 37 91 190 197 106 80 159 21 51 165 157 52 
178 171 94 64 140 138 99 177 18 12 189 175 74 123 54 87 181 79 101 152 66 170 11 105 
67 102 119 38 164 6 184 108 192 134 43 22 191 122 194 19 186 163 75 147 168 156 195 129 34 111 114 
42 28 107 200 41 77 46 26 57 8 133 5 103 141 96 146 160 49 135 88 82 68 120 95 36 176 
136 29 148 182 162 143 60 35 116 30 78 32 61 53 180 69 17 121 92 112 109 1 83 
167 183 63 110 166 3 65 16 15 131 150 179 9 172 31 100 44 161 154 149 
173 104 39 70 126 98 137 113 13 145 193 155 90 127 185 130 81 85 
196 132 153 93 47 48 27 56 71 
40 72 97 

