42 86 67 64 59 107 175 16 116 192 108 43 9 193 100 130 91 101 106 120 4 52 165 68 
28 196 142 137 29 45 99 35 10 169 53 32 62 103 74 81 172 85 82 11 44 23 51 66 157 
104 38 63 8 126 143 77 102 182 191 92 96 49 123 147 54 170 125 109 1 34 95 114 
173 198 148 138 118 18 57 128 189 151 71 97 69 117 55 163 168 7 156 79 75 
110 171 39 164 162 200 60 98 22 76 133 89 155 20 146 158 160 87 197 161 80 159 135 149 176 
6 153 41 187 166 46 90 150 30 47 139 180 56 112 195 88 58 152 83 14 36 
174 167 119 65 78 113 188 50 199 131 141 5 127 124 190 17 186 154 21 111 105 129 
178 115 184 26 33 25 12 61 3 185 179 122 24 31 181 
136 94 93 140 132 15 183 48 134 145 27 72 19 37 121 
144 40 70 2 177 73 13 84 194 

