119 110 122 9 56 55 147 135 176 163 
196 42 188 62 139 9 
182 64 138 77 118 57 61 22 30 108 175 69 160 49 101 197 85 125 75 83 
104 142 128 169 191 192 72 127 130 172 154 52 34 
102 15 194 14 
132 
10 153 103 11 
76 29 93 60 94 19 117 54 186 152 105 
151 50 51 
193 155 82 95 109 
167 116 126 47 131 
173 115 28 41 171 143 183 46 12 5 43 146 90 141 100 170 168 80 44 159 66 
6 174 39 26 73 84 177 20 89 161 106 1 
180 124 68 
178 136 184 8 86 18 99 33 32 199 123 92 21 157 165 
65 45 25 31 
144 59 137 198 38 162 107 134 13 3 96 71 16 81 74 181 79 17 149 114 36 
67 70 140 2 78 48 150 189 53 97 120 156 23 
200 164 98 166 133 185 158 24 112 121 7 129 
40 148 63 187 35 27 113 145 179 37 87 190 195 91 4 88 58 111 

