64 136 200 94 86 10 118 113 47 27 53 185 50 9 146 87 197 80 109 156 163 4 66 114 
171 110 148 39 78 15 38 45 182 126 16 108 30 103 96 24 172 121 54 88 154 14 159 11 23 36 
42 142 153 41 199 65 115 57 22 5 12 192 72 181 91 120 44 135 111 149 95 68 
188 196 40 28 35 102 6 26 133 177 150 43 151 69 179 20 7 100 85 17 58 152 34 157 165 105 
144 59 67 162 8 119 140 174 131 3 145 155 180 193 194 190 82 81 186 79 83 21 170 52 176 
107 63 93 70 132 183 48 128 13 32 169 56 92 74 141 49 117 124 147 125 129 106 
184 99 198 164 166 2 134 18 84 175 25 90 71 89 31 37 123 130 161 158 75 51 
178 104 173 187 98 116 138 76 60 189 73 61 62 19 112 160 101 195 168 1 
167 46 143 29 137 77 33 191 139 122 55 
127 
97 

