136 40 182 63 171 102 140 16 22 27 131 96 139 103 100 190 54 55 149 120 88 1 111 176 165 52 
10 115 39 8 98 77 78 192 189 20 47 193 161 24 49 170 163 130 125 114 23 66 95 36 
94 167 178 76 35 138 183 128 13 72 43 61 186 151 181 172 7 147 154 17 168 14 4 11 129 
64 174 99 153 187 132 6 12 50 175 150 56 25 90 82 87 124 81 105 195 44 159 83 68 34 
107 196 67 198 162 126 48 45 33 169 113 108 62 71 122 160 141 146 197 158 109 152 135 157 
144 86 110 164 188 18 184 134 177 191 199 194 80 92 117 121 74 112 51 79 106 21 
137 28 93 46 166 143 116 133 15 53 155 127 19 37 123 85 156 101 91 75 
104 142 148 65 26 118 3 145 32 69 179 89 9 31 180 5 58 
42 29 119 59 2 30 70 73 60 84 185 97 
173 200 38 41 57 

