174 39 162 184 110 200 6 25 128 60 78 62 122 43 69 190 54 147 74 130 125 7 106 23 165 105 
104 153 41 166 33 93 57 169 126 155 92 185 49 24 37 181 124 75 168 154 51 11 14 68 
178 196 164 63 8 183 29 138 30 84 113 151 5 193 158 103 117 85 17 44 197 66 176 34 
144 136 70 99 59 65 15 116 77 191 27 73 96 9 31 180 121 135 88 101 1 
167 115 173 148 118 143 98 47 187 56 139 141 19 156 129 
100 114 
94 171 40 26 38 45 50 13 189 72 12 90 71 123 146 55 149 159 
198 86 3 76 134 108 53 89 150 127 91 109 157 
67 145 131 133 175 97 
119 18 170 111 
188 137 102 140 35 199 107 177 16 10 192 20 161 179 194 81 82 160 79 95 152 21 52 
28 42 142 132 182 2 48 46 64 32 61 22 186 80 163 87 195 172 120 112 58 4 83 36 

