316 42 347 362 393 239 163 126 214 258 19 241 324 109 138 
285 143 250 312 211 365 399 351 327 222 157 
355 302 55 77 172 378 259 374 325 287 125 322 313 275 335 357 188 292 238 28 142 120 105 46 23 29 361 147 150 341 193 10 151 177 384 307 161 121 254 34 311 274 194 294 179 44 37 210 391 183 
76 296 217 48 71 8 33 7 86 64 116 178 133 170 
204 87 366 370 100 197 368 273 373 
90 26 123 289 326 112 63 233 234 114 320 107 251 315 115 246 328 283 349 247 49 27 3 284 41 158 237 132 293 35 40 255 180 363 13 168 136 314 56 166 380 
130 175 122 334 390 102 338 291 53 93 386 145 
317 140 30 236 124 148 252 264 162 209 213 392 364 230 224 54 356 249 16 206 343 173 110 184 221 348 78 79 
244 260 153 276 257 141 202 
235 298 215 231 9 85 242 195 388 196 
369 146 22 397 243 200 261 387 383 346 226 
359 271 256 128 65 169 350 152 98 332 
336 31 216 21 371 171 
400 295 
92 84 62 50 165 11 395 39 58 45 36 51 267 303 72 268 134 167 160 219 43 174 225 305 198 47 379 
398 375 331 223 339 144 192 345 139 227 205 32 240 385 199 149 24 290 73 
299 318 319 70 38 191 
229 279 269 263 182 4 
159 321 119 25 333 265 111 245 
106 75 155 127 18 354 344 201 101 181 
59 185 308 277 88 304 208 360 
20 99 68 74 352 67 154 
81 83 382 156 117 96 15 280 272 95 297 137 118 164 97 176 5 89 220 135 80 
342 309 69 61 57 300 389 367 340 129 306 381 278 17 372 186 286 253 
262 248 82 1 329 310 301 2 288 14 103 207 66 228 187 330 281 12 94 6 394 376 203 104 353 
232 337 396 60 131 91 266 190 212 282 189 52 377 
113 323 270 358 108 218 
