151 22 57 5 173 86 183 
99 78 150 90 50 141 84 11 93 10 121 189 20 30 182 54 153 169 53 
74 190 36 192 33 62 179 140 139 103 88 15 195 132 191 200 145 102 60 69 186 196 138 124 17 126 180 109 110 2 82 
115 61 143 31 152 65 137 117 162 35 177 134 149 94 106 104 12 98 46 85 73 148 
41 47 116 56 199 131 158 144 111 
168 194 128 95 32 13 125 129 9 49 28 108 76 188 97 52 
4 100 135 170 83 14 176 105 198 130 123 64 58 45 38 107 122 101 185 42 92 
119 71 48 167 197 193 6 40 21 68 7 156 55 96 
164 171 181 8 26 157 166 161 91 142 66 79 133 16 89 174 154 
75 184 178 44 146 159 27 187 136 24 114 127 112 67 18 80 
23 77 43 118 19 120 81 172 37 29 147 160 155 59 1 51 175 72 39 
34 63 3 165 87 113 25 70 163 
