164 171 8 26 90 173 5 22 55 96 
199 120 9 37 140 29 160 129 49 72 56 
115 92 61 125 143 119 71 48 167 197 193 6 40 21 150 58 157 84 11 93 105 98 109 12 110 54 182 188 97 52 
41 47 116 65 19 118 43 132 31 44 146 32 68 136 50 141 64 142 66 126 79 17 133 16 89 174 70 163 
34 4 100 3 82 2 104 106 76 108 28 
131 179 137 117 162 35 177 134 149 94 190 63 165 87 113 183 181 78 45 124 13 159 27 187 24 114 127 112 67 18 80 
75 184 191 178 200 145 102 60 69 186 196 122 107 138 156 7 128 101 185 42 155 59 1 51 175 39 
168 194 95 38 151 57 166 161 91 83 170 135 30 20 189 121 153 169 53 148 
23 77 152 139 103 88 147 195 15 172 81 25 180 14 176 123 198 130 10 46 85 73 154 86 99 
74 192 36 33 62 158 144 111 
