140 32 90 38 118 152 88 99 59 
87 122 16 115 162 171 170 8 200 40 
60 112 2 17 128 98 163 136 13 84 138 52 
7 55 150 137 80 64 133 27 195 180 61 25 14 
73 183 30 34 142 159 100 77 127 58 22 174 
97 57 198 19 178 23 114 74 45 24 
196 62 194 20 104 95 6 189 177 102 173 10 83 
151 129 144 186 179 190 167 135 147 107 
106 89 65 96 29 110 37 
120 51 126 26 156 176 165 69 134 149 119 
145 121 192 53 76 42 161 146 
4 188 15 70 54 125 
56 184 153 71 193 33 166 72 175 9 
124 148 113 31 1 
155 67 36 5 3 160 86 49 117 116 
154 92 48 187 78 139 168 103 81 
157 93 199 109 28 182 75 41 91 
143 21 123 185 169 181 101 
132 63 44 68 130 11 131 66 50 158 79 172 18 197 
46 164 141 43 85 191 94 47 82 12 39 108 
35 111 105 
