142 152 169 72 161 119 98 16 40 22 106 129 166 87 121 115 144 123 137 75 97 30 64 67 
28 49 14 162 63 149 42 172 197 5 62 122 77 10 170 19 193 73 93 146 39 
84 199 127 118 105 88 71 11 17 174 
150 187 130 134 58 113 191 69 176 13 8 1 60 141 185 2 76 34 175 
140 54 155 65 177 128 168 99 94 151 53 101 192 160 109 189 125 157 33 66 
24 48 131 156 183 15 179 18 68 7 103 200 25 104 164 35 181 26 159 20 46 138 186 135 120 96 
153 47 136 3 180 43 124 102 196 184 167 190 27 61 198 111 51 44 90 110 116 95 83 148 
163 6 171 78 132 79 
4 92 182 57 133 147 195 165 85 45 31 52 74 55 194 158 41 70 126 91 145 80 178 36 
29 188 143 59 12 9 89 100 37 139 21 173 86 114 38 32 23 117 108 56 112 50 81 107 82 154 
