150 187 130 171 78 79 39 
140 54 155 121 115 144 71 11 64 
163 28 6 49 14 47 200 103 170 19 146 83 148 
4 92 195 133 147 31 52 38 108 128 65 177 85 56 45 114 86 117 23 32 53 192 101 74 55 129 106 22 41 158 194 87 137 123 75 97 
182 57 40 16 98 119 161 72 169 61 198 111 91 145 95 116 90 93 73 193 141 185 2 34 76 60 1 175 
42 197 46 138 172 96 
165 109 99 168 94 151 160 112 50 189 125 157 33 66 
134 58 191 113 176 69 88 17 30 67 
142 152 183 15 179 18 68 7 124 43 180 136 3 110 44 178 36 
24 48 131 156 102 196 184 190 167 27 51 80 126 70 
89 9 12 59 143 37 100 82 
153 132 162 63 149 159 5 62 181 122 77 35 164 104 25 10 26 20 186 135 120 
166 21 139 29 188 173 81 107 154 
84 199 127 105 118 13 8 174 
