84 199 127 118 105 88 155 9 12 59 143 139 37 100 89 87 71 144 123 137 13 8 75 30 64 67 
92 195 57 133 31 52 53 160 151 94 99 168 65 173 188 29 21 166 82 
163 6 132 63 149 120 96 135 193 19 146 39 
48 124 15 179 7 68 18 183 102 156 180 43 3 200 20 26 181 77 10 25 104 164 35 122 159 46 138 186 78 72 22 106 70 41 158 194 
140 54 182 161 119 98 16 40 147 129 23 117 114 86 81 154 
153 47 136 131 152 169 4 191 69 176 113 58 134 97 174 
165 85 45 56 108 38 32 177 128 125 189 109 112 50 192 101 74 55 107 66 17 11 121 115 157 33 
28 49 14 162 42 172 197 5 62 170 103 111 198 61 91 145 95 116 148 83 36 
150 187 171 130 
142 24 196 184 190 167 27 51 44 90 110 178 80 126 79 93 73 141 185 2 34 76 60 1 175 
