67 196 138 38 107 122 112 186 96 
61 92 77 47 199 62 33 94 134 35 177 188 108 76 106 190 52 111 
18 60 102 145 200 69 75 80 
164 79 91 161 26 21 6 40 95 128 194 197 184 119 191 71 48 178 167 44 146 193 27 13 32 68 187 124 5 173 89 16 174 70 113 82 149 28 97 1 155 140 115 
131 179 162 117 137 139 88 103 43 152 143 31 132 195 15 160 147 29 129 144 180 83 30 20 189 121 46 85 153 25 163 148 
34 74 192 36 100 4 165 12 109 110 182 54 2 87 
168 151 45 8 73 170 135 3 63 104 158 49 120 125 42 185 101 127 159 114 7 156 55 
181 78 150 58 133 17 66 142 64 93 198 130 10 126 169 154 53 171 
23 41 56 116 65 19 118 9 37 59 51 172 81 175 72 39 
183 57 90 84 141 11 123 105 176 98 14 166 157 50 136 24 22 86 99 
