57 182 196 68 72 34 158 
103 192 112 37 67 142 
148 85 80 154 16 181 187 
30 78 86 69 77 64 162 
45 66 193 153 90 117 49 
93 135 150 128 4 95 108 
170 23 156 40 61 81 28 123 198 
113 82 146 97 7 165 188 63 
120 197 163 139 138 53 107 
155 10 84 191 36 33 167 99 111 56 
114 173 13 43 106 136 189 
32 102 115 94 110 179 183 
190 5 180 186 127 9 17 59 149 
177 83 11 91 51 15 74 
118 119 54 199 71 130 42 
101 159 58 184 14 1 39 
20 41 175 141 145 105 109 
73 116 147 46 2 100 52 92 
62 131 44 47 6 29 87 
144 18 24 76 157 137 
161 3 88 185 132 89 
55 38 8 126 195 
133 12 129 176 125 
178 27 166 168 79 
48 65 25 172 174 
21 134 50 22 151 96 
104 75 98 140 
164 26 35 122 121 
60 160 31 169 
19 152 200 
171 194 
143 70 
124 

