114 3 18 68 33 67 95 149 
48 44 141 91 90 138 137 107 
30 41 175 13 69 200 99 108 
164 66 84 127 136 158 
190 5 83 97 169 89 130 142 
170 23 150 185 37 81 187 123 
45 134 50 22 61 100 64 59 
113 116 12 129 11 94 110 28 74 
62 131 26 75 199 7 179 183 56 
148 103 65 168 145 195 15 109 
133 119 8 125 4 72 188 53 
177 38 146 25 14 29 52 92 198 
20 178 27 154 76 139 49 111 63 
101 55 160 128 106 121 165 39 
171 173 31 172 96 105 42 
159 80 115 51 117 
57 118 166 35 132 16 1 
60 10 143 153 9 162 
120 193 176 71 140 189 
161 104 102 126 98 17 
82 180 24 2 34 
73 88 58 122 174 
93 147 124 6 77 87 
155 182 184 151 181 
78 152 112 194 157 
32 197 40 70 167 
21 135 163 79 
85 86 
144 19 43 
54 186 
156 196 
192 191 
46 36 
47 

