148 27 196 151 9 165 188 63 
32 171 65 86 6 122 139 162 74 
62 120 192 31 33 81 28 198 
30 85 80 154 153 169 117 137 183 
3 102 40 4 17 39 107 56 
45 178 12 129 199 37 110 59 
20 78 166 46 51 174 136 189 
21 197 24 14 67 99 53 
101 144 38 150 22 16 140 187 149 
155 19 156 68 76 100 64 179 109 
60 82 143 97 79 29 52 123 
48 26 124 25 172 195 142 111 
133 135 58 185 132 96 105 108 
170 18 8 186 121 34 95 158 
114 10 193 91 167 15 
73 66 75 112 70 130 92 
113 118 54 184 7 181 138 
190 147 160 141 61 77 87 42 
177 175 163 72 49 
161 173 11 69 200 
116 50 146 194 89 
57 180 13 43 2 90 
131 44 84 191 98 157 
134 182 168 145 
164 103 115 106 1 
23 35 128 
93 104 176 127 
41 152 126 71 
5 83 47 94 
55 88 36 
159 125 
119 

