20 78 102 24 165 53 
113 120 175 46 128 142 
177 3 196 69 29 158 
73 8 185 132 42 
170 197 47 25 108 
101 55 84 151 121 49 
155 50 115 51 174 39 
131 182 146 194 140 92 
45 26 173 112 169 110 17 
178 18 6 4 34 95 
32 152 141 137 
57 82 86 94 200 136 
30 41 13 199 7 181 99 
93 147 154 43 89 117 111 
62 83 193 97 145 187 123 
133 23 58 184 16 105 109 149 
164 66 75 68 71 67 28 198 
60 38 150 153 195 162 
171 65 61 139 188 183 
5 129 163 14 52 74 
148 12 35 127 9 1 63 
161 119 143 91 77 64 
190 44 192 126 33 72 107 
104 135 11 122 90 138 
116 54 36 106 167 189 
118 88 186 96 87 15 
21 19 80 31 76 81 179 59 56 
134 22 2 157 
103 176 172 100 130 
114 27 156 168 79 
48 166 191 98 
144 160 125 
85 40 70 
180 37 
159 124 
10 

