73 116 65 91 181 138 137 107 
177 102 6 200 110 28 74 
101 10 84 46 128 4 1 49 
164 78 173 154 153 169 96 92 123 
45 171 86 168 174 136 63 56 
170 19 13 132 9 179 59 149 
190 27 186 37 67 17 183 
30 131 150 22 2 52 42 198 
118 18 191 106 167 165 95 158 
62 178 50 112 97 14 130 111 
113 5 58 68 61 34 188 108 
32 175 47 76 100 99 53 
159 129 115 70 87 109 
60 135 163 194 29 105 39 
21 23 182 75 25 140 187 
57 82 54 185 127 64 142 
161 38 176 36 33 72 117 
114 3 146 199 139 189 
93 119 166 35 126 71 195 15 
133 134 152 94 51 162 
48 197 124 141 172 77 
155 180 11 79 89 
104 40 151 16 157 
20 41 80 31 24 121 
66 85 196 7 81 
55 193 43 122 90 
144 44 192 98 
103 12 160 69 
148 83 184 145 
120 26 156 125 
88 
8 
143 
147 

