114 108 
45 150 186 71 9 165 95 158 
170 44 156 163 194 145 189 107 
55 135 166 35 126 37 130 111 63 56 
104 102 40 168 79 64 42 123 
133 23 124 94 100 142 
148 85 152 24 76 81 49 
164 83 193 46 169 52 74 
62 131 18 54 2 90 87 
101 147 160 191 106 121 
60 82 143 91 51 34 39 
113 182 75 25 181 99 
120 26 86 61 139 15 
144 119 8 185 33 72 137 183 
73 103 176 128 29 162 109 149 
93 19 13 6 200 105 
57 38 196 151 7 138 
171 84 199 96 17 
48 65 141 69 89 28 53 
190 118 129 132 110 92 
161 180 22 174 136 
177 3 88 43 122 1 188 
30 134 192 184 172 77 179 
5 58 125 4 167 
20 41 197 11 16 67 59 198 
155 80 154 68 14 195 
116 10 115 140 117 
178 78 175 97 98 157 187 
32 173 112 153 
66 12 146 127 
21 27 31 70 
159 36 
50 47 

