73 66 147 129 115 94 64 49 63 
177 119 163 16 140 95 107 
101 118 193 24 61 81 99 108 
190 12 40 153 121 165 39 
113 5 166 191 125 167 117 53 
133 120 50 156 112 194 96 130 15 
55 180 84 36 37 157 158 56 
62 178 143 199 72 188 
45 41 65 47 122 90 138 137 183 
32 58 6 70 105 92 149 
103 102 184 14 136 189 
30 159 152 68 71 181 28 
164 116 80 154 25 51 17 109 
170 38 8 186 127 195 142 111 
155 85 124 145 29 52 74 
131 182 35 132 7 1 59 198 
60 135 54 126 89 162 123 
21 19 192 196 33 87 42 
161 3 150 22 76 34 
148 171 13 43 2 139 110 
20 134 86 69 100 
114 44 75 97 172 77 179 
57 27 176 79 187 
93 78 173 31 200 
82 83 185 151 67 
23 11 128 9 
104 46 174 
48 26 141 169 
197 160 91 
144 88 146 106 
18 168 
175 4 
10 98 

