170 124 36 106 72 108 
113 48 26 115 94 51 162 109 107 
148 8 125 121 117 53 
73 66 65 86 70 139 34 39 
164 116 102 25 172 67 99 183 56 
190 88 54 184 37 81 138 49 
62 27 192 146 194 157 123 
177 119 163 14 96 52 92 
101 197 191 33 167 165 188 149 
45 44 84 126 71 136 189 
20 23 156 40 168 89 87 15 63 
32 166 186 132 9 179 111 
161 3 13 91 77 64 28 59 
21 85 80 31 24 100 105 42 74 
93 159 47 6 200 130 158 
114 18 154 2 90 187 142 198 
60 82 180 176 16 181 95 
133 38 75 153 169 195 137 
171 160 43 61 1 17 
57 5 175 35 127 140 
155 10 193 68 174 
103 147 22 7 
30 19 152 196 199 29 
41 182 112 97 145 
78 173 11 79 110 
178 83 185 151 98 
134 50 46 128 4 
144 135 150 76 
118 129 141 122 
120 143 69 
131 12 
104 58 
55 

