190 135 40 7 130 39 107 56 
21 23 152 127 16 140 49 183 
20 41 27 146 125 167 28 111 63 
120 65 47 122 139 17 74 198 
177 83 153 61 195 15 59 149 
113 48 26 196 68 90 1 188 108 
164 12 84 76 100 110 53 
93 182 11 2 174 162 
60 82 193 176 36 4 67 109 
30 78 143 132 96 105 158 
32 103 185 199 37 81 138 123 
101 5 86 6 77 52 92 
155 197 154 151 181 117 142 
171 80 112 169 89 136 189 
45 44 150 91 121 165 95 
148 85 13 97 14 29 42 
55 18 46 200 64 179 
114 104 88 43 9 187 137 
73 116 173 35 145 87 
62 131 38 54 186 157 99 
134 19 115 94 51 
170 50 192 194 79 
133 147 129 141 69 34 
66 156 24 106 72 
178 10 126 98 
161 119 58 184 71 
57 118 175 31 25 172 
3 75 33 
159 102 163 168 
144 8 70 
180 191 128 
166 
22 
160 
124 

