133 197 22 151 96 137 107 56 
21 26 75 153 14 157 142 198 
101 12 80 125 106 165 111 63 
73 103 13 132 110 162 109 149 
62 131 18 54 126 89 99 74 
161 3 88 35 127 130 15 123 
113 155 10 143 128 139 67 17 183 
20 85 192 112 37 81 95 108 
93 78 175 31 16 140 138 53 
114 44 173 154 33 64 92 
164 171 129 47 76 195 28 
30 48 152 196 68 100 136 158 
57 118 180 184 71 167 34 188 
45 66 156 97 172 29 42 59 
104 135 150 194 145 105 49 
170 134 102 146 168 79 1 39 
120 27 46 2 72 179 
190 5 83 84 191 98 187 
55 38 58 199 90 189 
148 50 163 61 117 
60 119 166 43 122 52 
177 124 24 169 87 
159 193 176 36 174 
32 147 160 141 69 77 
23 182 25 7 181 
144 19 11 6 200 
82 115 51 
116 65 86 91 9 
41 8 186 4 
178 94 121 
40 70 
185 

