20 66 147 153 169 96 138 137 198 
161 119 58 36 33 1 188 
113 155 197 112 76 67 99 158 
190 44 13 128 157 42 
62 48 54 22 90 52 92 56 
170 134 182 75 97 16 187 49 
114 159 102 154 25 100 162 59 
131 12 46 71 9 136 189 
118 88 168 77 34 95 
116 85 80 163 194 29 105 28 149 
32 175 115 172 165 109 
93 38 141 14 110 15 123 
60 152 125 4 121 17 111 63 
120 26 173 151 98 140 117 183 
73 171 65 127 81 179 39 107 
21 19 31 91 70 174 108 
57 192 40 199 37 130 53 
133 41 160 47 6 200 64 74 
164 135 146 68 61 195 142 
101 55 18 8 186 132 87 
45 23 86 106 72 
82 10 84 126 181 
148 103 129 11 43 2 167 
178 27 124 24 7 
5 180 193 79 89 
144 78 184 122 139 
177 3 166 35 51 
104 156 94 
30 83 143 176 145 
50 185 
150 69 
191 
196 

