21 26 156 40 71 81 39 
41 135 196 37 140 138 158 
144 10 115 94 51 136 63 
30 48 58 184 2 167 165 95 107 
133 38 163 14 67 49 
164 27 22 145 195 28 123 
73 173 13 43 7 109 
66 12 86 69 64 92 
104 102 25 61 187 108 
20 182 185 127 105 59 
148 85 152 194 96 52 15 198 
45 131 124 141 16 142 
114 80 31 24 76 137 
161 180 35 132 9 188 
55 18 46 125 181 17 
62 120 166 186 4 179 
101 118 192 199 77 110 162 
32 171 65 47 106 157 
57 83 193 168 79 87 
177 150 97 200 99 
178 50 75 153 169 89 
116 147 176 128 174 
155 44 112 70 139 53 56 
93 119 54 122 90 34 183 
113 3 88 36 117 74 
170 197 191 33 121 1 111 
60 160 11 91 72 189 
190 78 175 146 68 100 130 42 149 
134 19 154 6 29 
159 143 151 98 
82 84 172 
5 8 126 
23 129 
103 

