30 131 88 184 70 67 179 198 
190 12 86 37 140 28 107 
57 135 196 51 117 111 56 
93 129 31 25 100 165 188 
101 118 58 194 105 109 
21 54 6 90 130 15 
155 83 13 94 77 42 
114 80 115 172 34 95 
62 159 152 69 200 174 136 
32 143 191 7 157 49 
148 171 186 4 92 
66 150 36 33 87 123 149 
5 166 35 126 96 108 
133 48 26 185 151 29 183 
45 187 
147 146 153 167 189 
177 182 91 106 158 
178 19 8 127 39 
41 197 46 128 81 
161 3 18 22 169 110 
120 50 192 2 
82 10 84 199 9 
134 156 43 122 139 
104 160 24 121 162 
164 38 40 71 72 142 
170 23 102 125 195 52 
73 103 65 11 145 138 74 
20 78 175 176 14 89 17 
60 173 154 76 181 59 
55 75 97 79 64 137 
113 116 68 98 1 99 53 63 
144 124 47 61 
27 112 16 
119 163 168 
180 193 132 
44 141 
85 

