148 147 112 106 167 17 39 56 
60 180 193 46 125 105 142 111 
73 135 54 126 90 183 
114 10 68 14 34 188 
21 175 35 151 98 137 
62 159 75 163 168 96 130 189 
155 83 166 43 71 9 107 
133 134 150 6 122 139 15 59 
45 120 86 128 72 53 
190 82 160 69 89 52 109 
177 124 25 70 1 123 149 
32 85 156 194 157 138 108 
171 84 191 4 136 
131 26 102 196 200 174 162 
164 66 143 97 16 187 
20 41 27 31 51 110 92 198 
113 118 58 185 132 64 95 63 
57 182 141 100 67 49 
161 38 146 61 77 87 42 
103 197 176 36 81 117 158 
93 44 8 79 195 28 
30 48 50 115 94 179 74 
178 12 129 153 169 181 99 
23 173 154 199 37 165 
101 5 11 24 140 
78 192 40 76 29 
116 80 47 2 121 
104 18 22 172 
3 13 145 
170 19 152 184 33 
144 88 186 127 7 
119 91 
55 
65 

