133 153 145 195 52 92 15 59 
177 3 88 8 186 127 98 157 117 49 53 
101 144 119 166 35 126 71 9 1 99 
20 41 85 80 31 25 172 77 110 162 
178 173 154 24 61 179 
93 161 104 18 54 185 132 7 181 183 
45 27 64 100 109 
73 129 11 122 
113 175 13 43 2 90 67 17 
30 19 192 196 97 28 
114 159 38 150 22 151 16 140 187 142 111 63 56 
120 21 23 182 75 163 194 89 105 198 149 
116 12 91 47 6 139 
60 82 180 84 191 125 4 72 165 188 
48 170 134 50 156 112 29 87 
190 5 10 193 46 128 106 167 34 95 158 
57 118 83 143 176 36 33 121 108 39 
55 135 58 184 199 37 81 138 137 
148 103 197 124 141 69 200 
155 78 107 
14 96 130 74 
62 131 44 102 146 68 76 
164 66 147 160 86 115 70 
32 171 65 94 51 174 136 189 
26 152 40 169 168 79 42 123 
