114 159 38 150 22 151 16 140 187 142 111 63 56 
45 27 173 154 24 61 179 
113 175 13 43 2 90 67 17 
177 3 88 8 186 127 98 157 81 137 183 
93 161 104 18 54 185 132 7 181 117 49 
57 60 82 180 84 191 125 121 108 39 
20 41 85 80 31 25 172 77 110 162 
101 144 119 166 35 126 71 9 1 99 53 
118 83 143 176 36 33 4 72 165 188 
133 134 170 153 40 14 
32 171 65 86 115 94 51 174 136 189 
190 5 10 193 46 128 106 167 34 95 158 
178 48 50 156 112 168 79 29 87 42 123 
62 131 44 102 146 68 76 
73 164 66 147 160 47 91 70 
30 19 192 196 97 96 130 28 74 
116 12 129 11 6 122 139 
155 78 107 
55 135 58 184 199 37 138 
120 21 23 182 75 163 194 145 15 59 
148 103 197 124 141 69 200 100 64 109 
26 152 169 89 105 195 52 92 198 149 
